721409
466892
452758
454857
451279
458212
458171
454701
475883
454993
451711
454162
451512
453975
451107
454065
480008
454205
452512
453919
452295
453776
453853
467091
451379
454072
451884
453805
451335
453503
452715
462300
451500
453709
450733
453673
452158
463177
452712
465797
451405
453695
450746
454022
451689
453722
463207
454232
451647
454503
452222
453943
452374
453775
460864
454386
451134
452796
451025
453922
452182
453288
452864
453159
471520
455132
451083
480988
483420
489645
451942
453286
452478
453555
450985
453909
450964
478741
451720
453958
452358
453814
450867
454181
471240
454704
451437
453665
451040
454307
451095
453902
483420
454419
452790
454037
450965
454137
452469
453609
451408
469843
450990
454345
451487
464180
458007
460723
451692
454978
452496
453934
451130
454214
452312
488741
452812
453964
450870
453549
451392
453910
457683
454737
452834
453511
451538
453658
451314
453714
473209
455235
450972
468397
451360
453673
451163
479369
488723
454597
451341
454108
450808
454135
452135
459312
451493
453819
452320
453918
451057
453848
451955
479695
451737
454308
451499
453936
452403
471957
450885
455212
451444
453870
451402
470624
452393
453908
458933
454102
452550
452999
452520
453782
452628
455243
460410
453961
452708
452516
450862
453939
451240
453379
452636
453865
451039
454302
451876
454115
451382
477979
451320
454545
450876
453498
451038
466604
451139
463234
451500
454391
451697
454144
451003
453890
462313
453883
450999
454550
451387
453944
452443
454155
458959
454430
450902
454097
450784
454697
450957
454313
460095
453712
451559
453943
452191
453910
452307
480573
456851
453128
451429
454195
450853
454095
451668
464405
450832
453935
451215
454832
452171
454428
452685
463138
451513
454496
451301
453875
452566
454063
463547
453594
452496
454591
451485
454146
452138
471811
466026
459514
451497
454074
484101
468619
466278
486505
476249
454638
451405
454115
452622
454008
452372
484128
453064
454051
452574
453807
451465
453641
450898
478456
452040
454173
452264
453978
452503
454037
466847
455099
467696
453765
451415
454182
452157
454167
467691
454265
451022
453619
452501
453918
452659
453634
476979
454694
452850
454036
452674
453990
450855
459649
451257
453879
452351
454088
451685
453820
452225
469554
453161
454037
466943
454079
452478
453747
452958
454718
451607
454305
450932
453487
452506
453862
458569
453688
451178
452421
451098
453949
452487
453664
486209
454417
452505
453771
452415
454059
452668
454062
453952
453422
452009
454552
467553
454394
452059
460413
451085
453710
452336
453930
451215
454149
451012
470645
451495
453443
452685
454051
452009
454107
458141
454664
452563
454043
450908
453563
452559
453901
476252
454208
451312
453961
451173
453711
467683
454219
467497
453938
452668
453981
452408
453877
452285
459942
451324
453773
450887
454322
452378
454106
450865
461094
451519
454010
452139
454139
451148
454449
451607
469194
451589
453948
452557
453605
452046
454829
480619
454727
451359
472763
453035
453754
453024
453669
538005
522518
476292
481394
451818
454173
451202
467355
452927
454199
452622
454053
450696
458261
452996
478587
459506
453616
452114
453620
451247
453979
457564
469601
451081
453405
474762
533013
452854
454385
493433
475609
479200
474437
472986
455113
451906
471723
492505
511659
507170
494709
491468
494747
497756
495049
493450
472370
452651
453852
452253
454172
487989
454176
468059
454199
468716
455194
452660
476554
453106
453691
450897
453446
450812
454259
452156
481887
451520
458067
451357
453822
452019
453568
463973
453974
451235
454428
452693
454762
451086
453763
457766
454179
451201
453511
459399
454556
452709
454129
460052
454085
451472
453946
452405
454063
452386
465319
452869
454009
451008
454656
452471
453891
452335
479732
451659
453011
451571
454517
452582
454404
452403
461906
451198
454354
451514
458680
455956
454262
463474
453657
451569
453918
451693
453782
451107
453865
459958
454298
451528
454395
452355
454236
451539
454302
460970
454262
451471
454009
451374
454051
450557
474401
452885
453929
451757
453898
452188
462769
451275
462283
451555
452642
452504
453762
451270
454394
453193
453742
452381
453880
451106
453847
452275
453747
463046
453191
452024
454419
452335
453735
450877
454348
459091
454216
450966
453985
452246
453765
452307
464614
463878
454524
452512
453886
451583
454380
452622
465441
453242
454059
451255
453966
452649
454227
452674
462661
451798
453981
453103
453995
452210
453906
452172
454253
451141
453742
452446
454277
452336
454358
464200
470106
451617
454391
452143
453963
452722
454320
494416
454780
451481
453700
452187
454325
452160
458681
452439
467866
467051
485675
481528
476382
468587
506637
483020
454682
452343
453739
451210
453686
467130
454633
451228
469994
451154
454168
452599
454204
473518
453655
452204
454428
462676
458273
451581
454931
462206
454441
452580
454282
451338
453670
452289
475238
451594
454321
451144
454400
451253
452764
451149
462273
451512
454453
451372
461211
452780
454236
463686
454144
451340
454069
452087
453808
452250
453718
459566
454085
450660
453779
451616
454173
450642
453907
481168
454125
451366
453994
451414
454701
451315
464996
452905
454157
452730
454069
459504
454539
451257
461884
451413
454033
452233
453917
451687
454245
452423
461185
451494
454087
451018
454463
451542
454005
463802
454481
452249
454055
452764
453820
452913
454062
477648
454173
451310
454424
452274
453927
462773
455255
451952
453920
452302
454695
451256
453598
452369
465063
452770
453974
450337
454622
451399
454410
452171
462730
451572
453860
451346
454186
451036
454423
451079
454512
451785
455096
451118
453711
450963
454025
478056
454568
451542
454200
451398
453432
451274
454016
461118
454158
452562
454280
451692
454183
452503
454315
451306
454859
451567
453674
450756
453979
450704
466054
452829
453870
452898
453843
452590
454901
452485
462439
467237
454795
453485
454191
452751
454362
451452
465167
452467
454913
451493
454113
462669
455090
466056
455275
469168
478094
469183
470362
482150
455070
458977
454946
451675
454540
451464
454482
452704
476935
452537
454588
467256
455120
453323
453965
451658
486529
451506
453977
452831
454466
453159
454409
467688
455427
453063
455109
453076
454728
453186
454462
541066
455546
451494
454145
452023
471825
452982
466241
452627
454746
452750
464349
452115
454696
452652
462449
452945
454928
452549
454556
452722
454725
452532
460969
453201
454195
453065
454943
452993
454417
474190
455439
453303
454500
452739
454485
453077
454870
461186
454744
453038
453009
453086
466720
454097
455592
453903
454690
451367
454536
452022
454463
452968
466716
451610
454090
451126
454286
452456
453617
451594
462217
451750
453755
450604
453985
452727
453690
452243
466988
452313
454147
451489
454774
452964
470525
529907
455070
450498
453897
452509
453465
451437
453316
459855
454193
452097
456735
451056
454121
452117
458596
452086
454298
451599
454335
452603
453266
450827
468823
451745
453971
457754
466568
452886
454362
451782
484204
452087
455195
452058
453297
452811
453508
459308
452766
451567
453847
451067
454144
451400
455177
467992
453856
451805
453084
452713
454406
453115
454879
452893
454676
450968
453590
450939
453674
452763
460248
451055
469719
452402
454921
451481
454465
451948
489716
452479
454272
451310
453685
452102
454276
457493
455215
452600
465957
451740
453854
450956
455022
481316
484120
477120
469671
473093
453162
451845
473037
453363
454642
461528
452981
452112
453356
458607
483520
451351
453707
450625
453621
450475
453196
451808
466748
451802
453506
450836
453509
451244
453890
480611
455021
451832
453035
452063
453688
451457
453911
479615
452651
452637
452828
467927
453391
452513
459698
452867
454500
452255
454403
451641
453176
453010
468811
452313
453044
452675
454948
453221
453765
451695
482134
453032
452888
451524
454630
451723
454530
457262
454062
451831
454606
451860
453429
466627
454108
466179
454093
450661
454277
451492
453543
451518
453200
458524
453491
451896
453976
451703
454297
452366
460129
451549
452212
451170
454268
451618
453199
451207
486894
451709
453247
450343
452756
452276
454029
467247
455071
451482
453769
451925
454008
453041
454505
456249
454624
453397
454548
452514
454587
451820
454139
467401
454722
451484
453823
451429
453831
450713
453488
451104
453874
452776
453244
450199
453372
452718
477792
469522
454685
451441
454400
452881
452292
451167
471755
452472
452953
451895
453921
450813
453496
456897
454270
452403
453823
450534
453458
451160
453664
458226
453496
452771
454168
451565
454336
452408
453807
470367
453448
468564
454998
451567
453414
452785
464638
457933
452708
452036
455242
453555
453356
452638
461922
453099
453301
452555
454753
452814
453955
469802
468909
466483
483944
468815
453980
451328
453721
473306
453749
451844
459606
458299
454436
451798
453678
477344
454729
451597
453873
453097
454558
452780
473211
457558
454937
451642
453865
451722
454043
452847
477306
452832
455164
452711
453810
452871
454456
452079
460926
460986
454210
450130
468773
451577
453402
464311
453498
452443
454061
451179
452690
452706
453356
460828
453108
450661
453635
451295
452939
451338
453912
462829
454353
451312
453470
451594
452491
451180
466167
451488
455195
452362
453751
453337
469205
453190
463125
450812
454138
451209
454143
452285
453795
457471
453640
451612
452873
452629
453320
451730
454139
465617
453952
451548
455270
452471
453273
452975
452842
498740
453329
451097
453279
451175
453555
451359
473842
452204
453053
450883
453913
451621
453296
451541
469374
453064
452998
452629
453123
452675
453177
452833
454778
451418
453249
452682
453134
452810
452844
458337
454182
450619
453397
451267
453998
452486
453740
484990
470253
450492
454143
450738
454223
453217
458178
451163
453096
452559
453302
452540
453495
452189
460356
452972
453236
450093
453061
451354
452468
451508
470217
451313
453030
451627
452948
452105
453072
456084
453630
451551
469884
452818
453454
452259
453556
475434
453321
453224
453740
452136
452982
452706
453462
487445
453772
451776
453618
451793
454082
452008
459471
451730
454119
451555
472207
453256
454226
451615
489197
478498
476765
483281
482790
461121
453486
477285
454517
452505
453790
452640
453588
450582
453639
479295
453372
450166
452922
453104
453720
453048
465563
457542
454066
451245
453605
451874
453759
451597
483554
450713
453052
450907
452990
467566
454056
452577
462688
453280
453777
452544
453604
451729
453527
456864
453825
452412
453432
452830
453833
453008
454339
484838
453986
452684
454228
453010
454351
451479
454087
452812
454076
452835
453527
451588
453871
468640
460050
452528
453410
451382
453525
450803
453363
452450
469848
452807
453553
452687
454306
452187
453929
453183
454376
451365
452678
452105
453377
450539
454479
475546
515953
470824
453991
453100
453388
452542
454392
462364
453259
451680
453444
450303
454471
452718
459872
452567
453349
450652
453054
451565
454334
451554
463269
451494
454005
450580
453280
451075
453983
450909
453978
451488
453660
451387
453425
451356
453699
475953
458672
456211
453598
452223
453750
451896
453838
461280
452782
451514
453206
451052
453145
450021
452945
450576
454767
451115
453976
450779
453547
452020
460315
450915
453841
450591
453387
451910
453625
450984
462674
451829
460172
455022
454526
452632
453346
467136
461106
454043
454621
452764
454681
452485
454016
458612
454352
451164
453547
451428
454284
451730
453672
460229
453738
451306
453544
451576
454165
451979
464501
470321
453863
451332
504264
473474
453998
452779
477588
452537
453853
453007
453748
452643
454397
460730
464265
453049
453884
451691
454412
452962
454256
481267
454184
451291
453916
451083
453375
452561
453155
475223
453312
452990
453903
453068
468188
451307
459886
452451
453893
452644
454508
452201
454068
451460
469127
451222
489093
451624
453007
450804
453929
463487
461727
452058
454480
451825
453798
455211
454023
459359
454027
453158
453758
451803
453742
451795
469571
467047
454830
451890
454339
451569
454513
451438
460226
452856
453710
451466
453632
452209
453654
452456
461919
453087
454420
452726
453575
451353
453212
451808
484485
452096
455114
451530
453267
452824
453745
456131
464336
452169
453732
453216
454594
453021
453967
460952
453959
451037
454007
451983
453959
451755
454000
453128
515635
452730
453521
451267
453266
452061
460813
451355
453424
452176
453378
451007
454881
453106
480739
468609
453554
451872
454678
451978
454518
465153
453327
451189
454256
451571
454216
452802
453315
459364
454726
452286
452996
507912
454195
450792
453662
452560
453708
450852
453878
451304
453627
450969
465409
451646
453424
472339
454555
450750
454279
451957
479010
450805
452958
450561
453444
450144
453171
457232
453239
451339
453334
450354
453436
452003
453492
466063
454024
451047
453997
453752
453865
452820
452488
478640
453770
451462
453892
466792
473128
452440
459160
452246
465208
484706
469422
482641
454110
451729
485803
451727
455074
451601
452584
450752
453794
464526
453895
451352
453390
450500
453584
450990
452478
474513
454229
452082
453501
452467
454155
463111
455170
466812
454865
452051
454004
452150
454183
451610
468251
453066
454178
450981
453558
452576
453587
451183
481666
452889
453822
450385
453351
451548
454082
451903
455231
452322
453378
450949
454117
451699
461127
458696
453875
452511
454472
452466
453748
452689
453510
461195
453964
452341
454640
453014
454643
451887
464956
452102
454096
451702
453432
452632
454684
452104
478345
453405
453942
453132
453746
452989
454719
453113
477512
452910
454751
452766
453757
452507
453456
463267
453215
451650
454541
452550
454372
451793
453783
460227
453676
451680
454331
451422
453137
453810
453851
471924
454274
451325
454383
451825
453255
451880
482062
454646
468885
453260
453638
453022
453203
450805
462881
452787
453967
452102
453887
453125
453677
452345
453988
452522
454063
451246
453774
450891
453631
464942
453994
450559
452999
453046
454544
452678
453441
460622
455223
452486
469311
452194
454957
452841
465089
459524
453764
451996
453519
452894
454814
452469
468049
451317
453031
450459
453596
451197
452993
451806
461249
453262
453861
452200
453778
451941
453529
457589
453136
453048
453370
452879
469150
452896
453985
468172
475934
470862
454576
453875
479640
474082
483871
451179
453984
452877
454981
451384
453900
453054
477439
451076
454178
452176
454004
453179
454437
452518
504378
451121
454956
452747
454657
456426
458813
519249
454947
452122
454379
451761
453425
452721
453081
462456
453558
452465
453041
451985
453963
450824
473401
452873
454621
450012
453008
450718
473125
452610
462002
452378
453256
452571
452967
451468
452874
467774
454035
452384
452422
451397
452357
452880
452773
463089
453345
452269
453641
451612
453631
452844
453234
461612
454851
463179
455233
452625
454600
453112
470445
453828
453441
451576
455165
452069
457348
451337
488084
468999
460790
451351
453282
451139
453178
457865
453690
451387
454193
451931
453104
454570
453012
459549
453783
452220
454170
452353
453396
450379
452301
467354
452983
451231
453767
451953
453223
450900
468125
453228
453334
459808
453720
451600
453393
452808
461604
452311
453519
450232
453720
450559
453205
452421
454659
451721
453249
452708
452988
451867
453699
456267
453989
451306
454015
451812
453241
450898
453118
459630
453196
450549
454277
459102
453372
452387
453155
464887
453663
451654
454309
450891
453539
451266
459499
451151
454949
451163
454303
452087
453175
452230
464273
451381
453352
450858
453270
449951
452962
466757
464472
450777
451623
450582
463658
450938
453136
459113
452604
451080
454214
452771
453472
451204
471187
474809
472520
479912
487135
452430
453896
451694
480920
451274
453388
451333
453061
452404
453850
452593
479904
450600
453793
450009
452993
451531
468832
463382
454293
450410
454398
452416
453423
452126
452871
481992
453936
452148
454728
451019
452907
450692
453180
475984
453835
450728
453872
452305
453388
452725
458550
451961
451882
451108
454161
451230
453109
451565
483841
453121
453194
450722
452361
450366
452836
451754
454334
451409
453110
450442
452812
451645
453459
457014
454419
452328
454531
452157
453676
453707
453654
485026
454075
451386
453643
451943
452569
452415
452853
452957
468755
450591
453291
450874
453111
452174
459805
452396
453564
451528
453335
452151
453401
452115
471537
451352
453993
452367
453369
451494
452966
456850
453154
452130
453956
452456
453278
450591
453858
475265
454748
451574
470351
453058
454403
452308
453207
468985
454046
452954
454502
453138
453445
451497
460084
453108
453861
451473
454603
453574
454977
452373
482492
507358
552990
513885
471641
453103
453325
479872
454471
451727
452319
470739
454848
451311
454343
468884
453873
452784
453763
452129
454375
453249
475723
475598
452418
452723
453547
451396
453289
452013
471102
451743
454103
452602
452898
452366
454477
457756
454350
452423
457022
451464
454046
467437
460752
467893
453224
451064
453140
452255
453100
451038
453209
484466
452523
452246
471876
451612
453867
451648
459990
470061
482785
464217
486557
470466
453853
451854
477549
453598
453814
450856
452932
451680
469618
477144
454141
453164
454320
453320
453536
453379
453487
478903
455383
451617
453819
452928
453435
452034
453866
463429
453829
452245
453623
452888
453743
451981
466625
453115
453638
452607
452997
451710
454367
451425
479001
451647
454294
451062
453422
450757
454148
456295
454255
451707
454378
451606
454362
452941
454500
465942
455341
451784
454522
451784
453689
450607
453818
478517
454348
451456
452608
451928
453379
451491
458887
451595
469318
452426
454684
453150
454910
453526
469982
451950
453628
453164
453607
451342
453309
451969
458645
451941
453905
450774
454333
452439
454745
457024
454653
452986
454185
451888
454074
452475
453717
484280
455161
452978
468576
451686
454108
453443
453750
452730
453890
452970
454145
451588
453477
451876
460103
451827
454475
451494
453041
451710
454027
451790
471122
451914
453978
451563
453583
450743
453575
450971
454559
453531
454128
451801
470364
451405
454580
477264
454469
451980
453680
451821
454203
452799
453385
468915
455165
450742
453526
452030
453462
452016
458878
453348
454392
452987
454158
453347
454483
452244
479269
452070
454228
451317
453835
450613
465433
452192
469193
451672
454663
452096
454608
452034
454449
468658
455247
452779
454004
451622
453679
453004
454971
469144
455757
452125
454086
452823
454091
451758
454403
454133
454627
452965
453295
452866
455017
459580
459370
453465
453715
451915
453688
452503
453399
452573
463564
451392
454732
451945
454996
453174
453780
451839
464540
451905
453425
451190
453425
452059
454289
459544
453584
451746
452349
452007
452984
452873
453637
475118
453852
460336
485587
481658
484758
468468
482670
451926
453520
450844
452971
451368
453286
450956
478604
452216
454046
450716
453610
450795
453872
464883
458206
452106
453569
451387
454002
451066
453550
482720
453143
467579
454048
451566
454067
452229
453261
456385
454198
452085
453026
451601
453448
451997
459938
451809
453828
451086
453363
451725
454968
452537
469941
452610
454020
451476
453537
451529
453723
451817
471073
453175
453977
466558
455046
452402
454535
459393
455065
453144
453715
451358
454498
452911
453013
467116
454975
452063
453005
452784
454324
517494
462855
450306
452475
450160
452736
452550
453086
451054
460339
452615
454752
452294
453788
461149
454023
452291
484637
452805
454037
452286
453761
449584
452853
456847
453408
452696
454502
450948
453121
451217
453151
458886
453602
451918
454097
452519
453026
452149
453805
452254
453535
451906
453027
452428
458236
455596
459908
452349
453198
450665
453244
450477
452721
450665
480115
452686
453223
451677
452767
450325
453093
452220
455303
451318
453189
452588
453259
479672
452543
458673
453047
452469
488749
478996
468326
466393
467779
460328
452369
449870
453069
452596
452949
451280
482417
452905
453390
450471
453434
451826
453644
450430
480999
453946
452839
451851
453698
451008
453412
462926
452816
451340
454450
452785
453360
451646
453280
466466
468438
451364
454468
451731
452730
453485
453856
457623
453947
451349
454320
456493
506832
454915
461591
452627
453258
451113
453753
452997
454222
451137
489649
452344
453514
451763
454515
452613
453163
458044
454094
453033
466925
451731
453240
451010
454348
459003
453413
450848
453726
453051
454048
451241
454238
469280
454202
452347
454585
452846
454018
451811
460145
452004
453374
452974
477034
451886
453707
452922
479491
452353
453627
455847
458029
452842
453379
451827
455772
451592
454233
451602
454570
452271
453748
458095
454735
452759
452860
452709
454147
452796
454322
463468
454909
453121
454019
452051
453692
451862
453874
452115
454218
451224
453862
463066
453251
452578
478637
451085
453579
452213
453380
452764
453284
452832
461712
451022
454907
451797
455206
451563
453422
462920
453691
452609
454111
452394
454613
452628
453523
477102
453610
451905
454379
453475
453552
466407
454846
457600
455048
473047
455161
452716
453098
451870
479339
452300
454089
451650
453580
451031
453564
452669
462530
452937
453648
453295
454675
452892
454454
452268
462485
457993
461179
451513
453837
452769
470904
497993
478420
491166
479920
451983
453387
451524
466673
452555
453826
452559
453607
452498
454667
451603
479378
452019
453835
450907
453084
450618
454992
452836
481899
453699
453600
451492
454285
451419
453715
473198
459965
453841
454371
451585
453912
452696
453891
460544
454788
451622
454182
453318
453480
451918
453913
452648
454244
453056
453308
450557
453674
453034
478071
453748
453814
451861
453395
451558
454458
451635
461732
451878
469451
452378
453175
450684
453924
462933
453813
451903
453713
451783
453582
453067
454560
460197
453487
451752
454541
451715
454463
451366
454369
461734
455074
451494
454399
453365
454014
451826
474236
453753
453889
451786
469393
452029
453594
451590
462253
451539
453287
451667
453524
452890
453462
451999
454299
452826
453527
450984
453529
450819
453485
462111
454157
452551
454228
452854
453592
451871
453395
460531
454875
453287
453107
451272
468507
451579
452942
461951
454320
452720
453933
457409
453897
453509
466665
452418
453765
452827
453393
468624
454190
451949
462672
452732
453682
450530
453650
450447
453545
456909
454398
453115
453329
451829
454256
453506
468932
466628
453588
451705
452912
451166
452774
451123
452761
479114
453565
450918
452918
451888
453373
451718
458084
452407
453684
452409
453679
451246
452857
451736
469779
487088
455453
452495
453299
452841
459243
460259
471043
453213
454031
490846
475519
468146
454351
477576
454940
452721
454232
452824
453901
452880
454354
466264
453605
453111
454034
452391
454238
453101
475476
453449
454520
451595
454447
452553
454077
451609
479143
467771
454362
451902
453042
464063
454581
465659
453785
453070
454639
451814
453705
450932
452894
458903
453311
452297
453197
452091
453719
451846
453380
496296
453471
451586
453286
451993
453086
451906
464726
452109
453773
466682
454594
451436
454561
452827
471582
451775
454262
452799
454234
452476
454023
451421
454124
453041
453629
452385
454401
451710
453235
464410
453867
451725
453260
451411
452827
451933
453008
479418
453722
451609
454211
467724
453344
452610
459652
452738
453251
452586
454156
451590
453853
452793
467293
453106
453631
450712
453660
453298
453766
451131
462022
451546
453350
451831
454471
452761
453349
458198
453711
453020
453751
452322
453448
467717
453876
483549
455174
450777
454084
451769
453310
451799
453599
470745
453534
451423
454209
452772
453520
452713
459681
452664
454038
451384
453554
450939
453227
452160
489630
451882
454011
451197
453423
451439
453501
472572
473521
453427
454056
452780
453755
451926
454992
476284
453673
451406
454576
451465
454242
452211
453295
469599
455109
452502
453821
452476
453642
451310
459132
452826
453563
452137
454108
451873
453378
452279
465824
458458
454229
451149
463134
451958
453855
481907
492958
464855
453567
451847
453264
452349
453971
482680
494323
492960
494088
493471
494263
491885
502746
492175
494453
492104
494030
493175
495100
501635
454867
468424
453514
451715
453948
452771
453879
476574
454003
450629
453430
451777
452987
452540
459516
452841
453771
452556
453903
451819
453373
452702
486491
451927
453076
450999
453872
450937
453536
451584
458277
452809
453162
468272
455056
453459
454273
459010
454634
452602
453065
453167
454418
451423
454495
468779
453870
450959
453244
452039
452910
452834
453237
453368
453897
453000
454548
451492
454881
451465
477266
452045
453669
453154
453896
464255
454887
451705
470805
452442
453272
452197
453246
451040
453002
457778
453444
451546
453550
452223
452658
450397
452964
458388
453233
451286
453816
451281
453965
452464
452536
469036
455143
452472
453317
450582
453052
461625
468035
451754
453316
451337
453551
451797
453802
452035
461433
451400
452773
450729
452774
450474
453939
451203
466619
451591
453857
452075
453680
451014
453229
456018
453576
450325
453013
451014
453088
450935
458571
464189
454214
451126
453806
452227
453286
451340
453937
481980
454916
451689
453272
452494
453815
450803
458846
452313
453377
451469
453393
450830
453563
452698
460986
451400
454256
451730
453437
452126
454594
452395
465920
452016
454000
451285
452942
450864
453282
458454
471792
451881
458075
485311
474616
452545
454608
474569
453561
451329
453306
451547
453350
452637
477041
453272
454081
452229
453652
450808
453327
452416
477954
451780
468887
452320
452870
451048
453244
450138
464118
451771
453780
453090
453284
450257
453082
465147
452400
451360
453357
451646
454028
451761
453367
479861
454656
452383
453988
452212
453594
453062
459281
452732
453885
451783
469358
453221
455013
452920
469418
452075
454176
451102
453477
451429
453006
453102
463603
451213
454863
451316
453438
452877
454109
459811
453780
453222
453579
451622
453488
453203
454429
484174
454382
450362
454086
450932
469275
451521
453829
456289
453020
451166
454010
452768
454446
451651
459083
452182
453536
451092
453903
451560
453598
453314
483346
451500
453823
452497
452988
453007
453871
451930
455446
452534
454750
451888
454879
452698
469206
474926
453871
451149
453456
451963
453451
451699
453783
467285
455075
451647
453029
451897
453751
451114
459008
452217
453325
452958
453522
452773
453421
451561
478113
452190
453263
451700
453569
452881
453749
452497
479689
452390
453348
452255
453067
452641
453265
464473
459341
452401
454176
453048
453347
452899
453542
458932
453807
451014
453505
453182
453600
451751
454050
466645
454371
452786
453771
453063
453311
451563
459512
459719
454110
452142
454450
451660
453839
451863
472280
452809
453532
450867
453815
469299
453787
452019
463144
451408
453793
451032
469565
485808
481155
494659
455253
453001
454136
452921
453493
452645
453357
464081
453533
467127
454785
453128
453871
453865
482692
452386
453410
451917
453178
451678
453989
453016
479628
452382
453241
452844
452869
451489
453115
461351
458952
452960
454118
452553
454155
451846
453200
465306
453960
450678
453188
466430
453267
451994
453914
459943
453690
450773
454260
451730
453275
452011
458640
452450
453290
453360
454142
451549
453563
452736
468312
450390
453545
451221
453094
452271
453140
450941
480029
452885
453716
452671
453030
468703
454122
456884
454379
452830
454686
451985
453863
451472
453687
467374
454358
451460
454276
452262
453662
452512
453695
452584
453809
451598
453232
451910
453852
450900
459789
452496
453674
452013
453798
450922
453655
467444
485724
451790
453960
451056
453334
451367
453316
451702
454277
450822
453413
452156
453628
453007
453864
459292
454150
450618
454393
453142
453786
451887
453400
467129
453917
452248
454565
452454
453195
451228
453092
462461
455220
452576
473150
452895
453054
452809
479261
452338
464614
509187
532929
524130
504597
482304
454063
453434
454099
452613
453419
451435
454228
474500
528517
455104
454630
452086
453732
450464
462409
483206
460434
451262
454354
451695
454681
494879
456228
451583
453996
452942
454777
452451
454444
478291
453946
470683
454304
455912
454912
451288
488335
481476
455070
472966
481778
469408
462690
452720
484186
452734
454665
467983
455621
452874
453387
452931
479046
453037
454212
451538
455048
452380
454605
473043
454620
452985
454159
450722
453730
451716
453693
484920
454106
451004
478188
472335
453346
451438
459152
452449
453082
452287
453891
460571
453451
452957
460681
452648
453584
451658
452201
451495
453403
451092
471416
451168
452889
450867
452957
451361
453305
457237
453623
452325
453853
452461
452972
452286
453913
476043
454456
452691
454400
453111
459669
453021
452901
464510
453637
453277
453309
452029
453840
453072
459189
452107
453520
452788
453517
450505
453758
450610
461044
451746
453668
450679
453841
451559
453446
450565
465934
452515
453841
450536
453749
451236
462849
470813
455023
453025
454088
450313
453095
451670
454775
460277
454001
451972
453556
451720
454534
451247
453422
452472
454949
451677
454348
452961
454278
452754
478893
453331
454642
452722
454470
452408
454047
451930
477039
452057
453869
452950
453357
451446
453570
467531
461543
452574
454013
451910
453686
451608
453408
460499
454937
451552
455368
451441
454281
451312
453303
461710
454773
453185
454482
452407
453494
450750
466803
452243
468777
453302
454218
451821
453573
451805
460785
453932
454637
451039
454081
451341
454717
452958
480106
451648
454346
451677
454348
452967
471111
463674
454010
472038
474786
481973
453386
451271
453152
476414
453345
452604
470196
453239
453647
450492
469835
452070
454616
451831
454388
451859
452963
453013
484427
453092
453920
452085
455437
452720
454600
451690
470120
452972
454730
452516
454273
452782
454149
459081
454763
452920
454389
452906
465119
452023
452316
467927
452809
451841
453979
452635
452722
451854
453297
452027
452791
451165
452983
452419
452953
452029
460152
451143
452970
452798
453141
451956
454133
452591
487753
453232
453793
452703
454036
450577
460582
457030
453443
452672
454464
450434
453379
451564
453366
459188
454465
451477
453778
450381
453759
451590
453797
467528
454492
451505
453999
452550
453291
452717
458365
452719
454723
452729
453729
451648
453844
457009
481995
452140
453929
452467
454561
451521
453332
451464
509535
494309
494013
493016
493998
493102
495251
499641
494788
475163
454667
451415
453602
452936
460763
451753
460073
452411
453870
453127
453728
452983
477667
455425
474150
452440
453050
452264
453289
467043
454293
451105
453451
450696
453557
451330
453831
459930
453759
451348
454600
452478
453478
450980
453418
463785
453974
453029
454614
451416
454036
452704
522338
548709
493701
488030
454101
454028
454872
459144
454412
451230
454248
452758
453541
454100
454046
485741
453703
451632
452800
451737
452927
449678
453099
455776
453243
451753
465644
536778
452736
450578
460322
451924
469231
478237
484831
452795
468579
482334
461364
452477
547220
452817
454575
451388
454102
475265
454384
453077
453751
450752
453402
450621
453544
466975
454718
451254
453099
450028
452881
449980
483334
453152
454322
450639
453539
467484
453812
450788
463701
452652
454514
452320
453871
451246
453339
457586
453415
450320
454045
451313
453086
450123
452893
464431
454491
451986
454260
451325
454402
451418
453294
479149
454745
451855
454413
452326
453734
466535
459120
450427
453730
452285
453445
450587
453289
450468
467220
452206
453688
451633
453758
449983
453331
450377
462769
450709
453742
450351
453472
450725
454410
457335
453278
451410
454445
451964
452849
451977
453882
498464
453992
453038
454165
452793
453536
451280
454105
457335
453150
452759
454176
452069
453598
451917
458650
458938
453439
452219
453687
451457
454200
452572
487453
450967
453074
451393
453236
452256
452962
452652
454824
461645
453666
451481
453410
451345
453184
476177
454931
453190
455673
450431
454127
451551
454050
469564
454871
452813
453630
450632
452920
450906
458955
451404
452770
452430
453020
452193
454076
451189
460502
452264
457915
455185
453945
450586
453558
452928
470031
451677
453772
452584
453150
452350
453532
466508
459668
451905
454457
452074
453894
452979
454384
460047
454438
451580
454561
453016
453386
451742
453881
481310
454563
451476
469650
453233
452995
486194
486558
479390
480047
466661
454444
453199
454406
451609
465861
451810
453532
453032
454566
453138
454023
481618
455442
451144
453896
451133
452535
452102
453013
477267
453020
452425
454443
453009
468946
451667
459362
453445
453013
452812
453932
451655
453266
451205
466586
451663
453093
451877
453036
451044
453233
452773
462820
453441
454720
451197
454397
452173
454625
464404
460327
451987
454614
453042
453941
452983
469236
467828
454984
450052
452854
452434
454011
451370
453054
458039
453478
450077
454072
452105
453183
451094
458811
451306
453429
450823
452784
450884
452974
451012
468838
452342
454392
453172
452834
451933
454624
451287
480115
451875
453465
452831
454524
451575
454292
457102
453291
451790
454635
452046
453372
451757
454047
468603
454063
452313
452867
451431
453339
451404
452642
452408
453167
452007
453445
452496
453652
451276
458760
452904
464390
451691
453191
453096
454293
452259
489908
451459
453942
451232
453842
451489
453648
456331
454108
451054
454134
450377
452874
467798
453329
457882
453760
452495
453848
453905
454879
451956
454150
469229
454753
459411
453746
452991
453309
450876
459283
452989
454091
451497
453316
452562
453229
451248
479084
451063
453158
450137
453010
450427
453254
449614
466922
451877
453976
452235
453353
452002
453117
457567
453723
451529
453564
462215
454996
466063
454442
460384
454098
470683
475431
485824
469168
450819
473690
453697
453912
452718
454251
452469
453858
452602
478792
452258
453642
451988
454230
452086
452936
450604
474773
452684
454715
451086
454437
467411
454499
479661
454893
451126
453873
452542
453476
452902
452661
460207
453523
451410
453906
451883
452852
451824
452862
451260
453088
451611
478070
453038
453880
450982
485622
451598
454146
451351
452991
450907
452688
467034
463965
451941
455133
452074
453671
452499
453534
458411
453469
451521
454188
451749
454074
451875
454397
466877
454077
451411
454137
451901
454589
451603
453879
460936
454247
451006
454114
450677
453628
451422
468512
468386
454308
452717
453964
451094
452881
452490
469405
451985
453033
452307
454471
452788
453229
450677
454658
452788
453493
452640
453473
451205
453745
468625
454237
452919
454612
452854
453444
451580
453455
468869
455759
459778
453786
451475
467323
450726
462958
460772
454649
451966
454662
452915
454535
452416
460725
452589
454025
452068
454037
450517
454229
452518
492866
454033
454798
451816
453147
449948
452848
458542
453684
453325
465526
453201
453474
450803
453860
459120
453640
452892
454749
452183
454135
451856
454713
481371
453925
452751
454041
451453
453371
453115
459169
452674
453413
450201
453200
451447
453867
450022
461722
453975
453100
451312
469189
450742
453647
451732
454519
451335
463346
452850
488543
477138
453257
473243
454206
452050
454323
451541
453427
453659
453146
477666
454441
451895
454157
451305
453510
452841
480013
453280
453355
452385
453657
451800
468802
452226
478104
453157
453600
451452
454317
451484
454563
452061
453892
452812
453089
453180
454190
453017
453762
464932
453634
451480
454209
451549
453387
451365
454299
479045
455489
451176
454488
452968
453433
452418
474493
452919
453281
450903
453820
452892
454789
452474
467959
451915
453852
451550
453292
450216
453183
452769
462508
452567
453328
452851
453520
451677
453218
455944
454051
451885
454251
451316
453728
451713
453527
484023
471169
452263
454767
452947
453490
452284
453431
456139
453722
451038
454829
451242
453823
453092
459181
451930
453640
451860
453450
450384
453249
451537
468871
451454
453962
452353
454021
451957
453239
452719
458080
453000
465038
452896
453867
450492
453374
471016
454501
451527
454173
453038
453327
453088
454689
468139
453661
451764
454745
450981
454014
451766
453785
477661
457599
451617
453301
451451
453490
452827
461414
453416
453607
459633
455073
451848
454599
452941
471251
451494
453514
450152
453162
450507
453081
466152
454162
451348
452453
451436
452902
450141
452793
459918
454460
453154
454197
451597
453004
451575
453117
464087
453297
451191
454324
466034
452996
451437
458725
450447
453069
450445
453607
451837
453203
468839
462220
451465
453175
502807
488117
474657
454365
473687
474985
451706
453262
451264
453492
451346
453586
475523
452044
452240
453810
450905
454411
466917
454232
460888
454684
452029
452991
452852
452920
451339
483278
451715
453829
451524
453120
451313
453300
452151
461907
451736
453053
453249
453934
452836
453526
462658
460333
453095
454812
452177
454589
452877
454935
482696
454521
451059
453840
452696
453219
451400
454377
458325
454056
451596
453801
452433
453911
452102
460212
451536
454246
452503
453705
451136
454239
452401
474838
452622
453323
450335
452960
451207
453793
451227
476285
462040
454610
452816
453490
451697
453679
458075
453390
451987
455003
452018
453409
452187
453302
469137
454117
450866
453824
452862
453921
452383
453092
505245
458284
451525
453941
450897
453823
451446
461525
451922
465439
460541
454166
452173
453625
452407
485273
453158
455168
451882
453733
452672
453972
457902
453301
452573
454504
452435
453770
452899
453362
461448
453578
452222
454590
452752
453574
451719
454658
452263
453264
452875
468771
451739
454835
453024
461917
490011
505553
452113
452920
451207
453821
456453
464418
450655
454413
450920
453037
453596
452833
465152
454041
451302
452937
450626
452586
452943
504355
459216
454204
451461
453929
452437
464113
451991
458507
452845
453168
451555
454200
451389
453966
451042
470222
451469
452807
457837
458701
451925
454468
452725
467366
462711
476471
485498
454113
452128
453582
474905
455099
452766
454867
451761
453608
466128
453661
463792
453860
452268
454524
454042
455268
451657
479859
452511
455106
451774
454344
452335
454413
453222
478725
452596
453678
452948
454632
451251
454724
472009
455192
452030
454471
452279
453294
451946
453152
476445
454721
452991
454880
452801
455341
452577
454639
452225
453622
451631
454614
452915
454513
451301
465985
451699
454098
451528
453529
452389
453576
450876
462016
452921
454022
452388
453739
450688
453421
451870
469750
468025
453899
452296
465768
497945
455066
469647
454213
452356
453736
451059
454094
452073
453341
459215
453790
452339
454025
451295
452830
450814
459128
451585
454058
451361
454236
452626
454271
452645
468196
452743
453049
463665
453514
452036
454754
451763
479308
452133
453941
451355
454340
451022
454286
457673
454721
452042
454684
451385
453348
452166
454130
467292
453283
450924
453970
452028
453518
451285
453117
452764
452658
450886
453193
458401
454258
452733
458720
450966
453399
449441
453234
451681
453240
451334
487458
451399
453860
450901
454193
452077
453806
452516
455252
451258
453877
450556
453658
452254
453843
458598
454414
452537
454244
450883
457792
456596
453355
470295
453429
452554
453960
451451
452790
450557
458341
451329
453462
451270
453406
451792
452930
452355
477696
469514
453616
451317
452801
494258
484557
464091
463398
451322
452916
452674
453145
450807
469992
473327
453840
451480
452660
451153
454392
451581
454540
476144
453360
450860
454260
451901
454367
452337
472296
452108
454088
451912
453828
452341
453930
451253
479544
451419
454277
451342
454228
452012
454184
451594
477713
452781
455021
450940
453966
452384
453944
464277
454026
451098
453982
451489
453790
452430
454393
459576
454411
483202
453903
451352
453820
452452
453823
463879
453950
452460
454334
451956
453965
451291
486315
452768
469868
450912
454417
452122
454504
450778
462765
451270
454431
452445
454138
450854
454344
456045
454139
452340
453908
451339
453865
451196
453616
483885
454206
452811
453825
451100
454051
450582
453796
460091
454073
451024
466456
452551
454779
450810
469857
451663
454510
451066
454211
452757
454484
451029
469148
451682
453636
452628
453977
451373
454308
451111
454971
451830
454244
453090
453816
452583
453742
458111
454156
452457
454102
451206
460700
452744
454333
477199
454670
451147
454510
452109
454605
453178
454115
463359
455223
452244
453996
451283
453709
451998
460551
452062
453805
452010
453526
451142
454405
452641
471669
451944
454645
452034
454100
460472
454015
457941
454291
450861
452636
451005
454039
450721
454317
459711
453957
450596
453356
452694
454081
451040
454369
486151
454526
451533
454584
452818
472483
452816
459921
489995
471475
451185
454443
450880
453823
467323
479193
452338
453654
450780
454573
451313
453825
468794
457138
451492
453286
451915
454476
451289
454417
474350
454266
451033
454154
452349
454113
452027
453881
478115
453090
452860
452655
452515
453964
451733
465600
467574
455159
452685
454317
452471
453899
452470
462004
452045
454100
452120
453951
450626
453546
451007
454723
451279
454008
451491
454212
450676
454378
464068
454724
451555
454074
450957
454088
450640
454111
476118
453886
466701
454159
451819
454268
452883
453832
451581
454061
452121
454199
451161
454430
452337
466805
451015
454019
451246
454090
452178
454100
451255
462848
457020
454402
451689
454016
452455
454196
451162
454550
452026
454946
468673
455551
456437
465979
484666
455169
452231
477435
498789
572682
514152
499420
453357
454324
453015
454648
451660
454165
452531
512485
453357
454506
453299
453929
452971
454812
511551
454607
453359
454617
453307
474311
452219
454676
460927
453834
452908
453830
453201
454498
451856
468053
452583
455446
452584
454202
452868
489258
453590
471651
451107
452767
451778
453554
450966
452564
451120
454421
451013
453090
451961
454347
455339
461580
459072
454792
475423
455272
451575
454717
451639
453337
469075
453751
451083
454121
451415
452350
451345
458162
461377
454923
451803
453289
452434
455640
452729
462243
452021
474178
453463
453213
480784
484399
466785
462908
453706
454378
451839
454546
453050
454289
474540
454797
451727
454562
452561
454783
453144
454584
476052
453301
451236
452671
451197
453736
450856
470426
459438
454728
451388
454691
451544
454431
452644
462162
468463
455257
451719
454098
452918
454391
452770
460402
451403
453913
450691
453972
451660
454030
463612
454431
450814
453468
451117
454036
451365
454115
461473
454550
451935
454159
451537
454333
452944
454458
477270
454394
467723
455129
451461
454078
451902
465293
451863
454534
451239
454423
451551
455423
451273
462273
452534
454250
452222
454601
451063
454338
451855
468558
468478
455260
451866
454224
451796
454425
465437
454829
451758
454382
467845
454743
451751
454008
479138
454723
451618
454114
453355
454336
452429
459066
451895
454266
452960
454395
452611
454478
453031
468003
452217
455976
452828
454235
451349
454314
451812
463444
451222
454072
452935
454349
463381
454266
456967
454654
452932
454463
452507
454446
451778
454065
485244
455120
451957
454350
451029
454686
452924
454589
456627
454604
452855
454436
450833
453890
451084
459519
451600
454806
453409
454370
452647
454622
459395
470421
451834
454595
452988
455194
451801
454398
452706
455313
452461
454960
451492
454459
451385
454364
476438
454645
451777
454454
451617
455048
453053
454383
469061
454778
451926
454631
451254
454842
458606
473939
453928
454282
472309
480100
479899
468240
453134
477217
452019
454336
453575
454230
451260
454986
453016
463492
453371
454384
451517
454226
452951
454510
475852
454174
452909
454101
451943
454164
453090
454527
476912
470772
452495
454872
453039
454449
452535
466635
452026
454578
452681
453853
452372
454708
451492
462643
451623
455043
451604
454471
451402
454371
453522
459455
451771
454552
451142
454330
451638
454367
474052
454982
451506
470497
452077
454226
452836
454368
490167
461915
453063
454477
451429
454988
452200
459308
452429
454441
452905
454469
453080
454355
451835
468096
453403
467247
452465
454659
451197
453591
452637
464113
453155
453750
452736
472993
459947
455006
468726
455098
452917
454228
451426
454405
451686
454410
469241
454359
451284
454009
451153
453762
452488
453245
451922
454636
451177
453437
451014
454447
451893
459338
452676
453788
451580
453765
456256
460037
453277
470005
453414
454640
452856
455150
451487
454861
451314
467406
451772
454332
451692
454532
451425
453976
457793
454430
452582
454398
451538
454178
451625
454278
467552
455403
452311
453920
451592
454837
463681
460056
452110
454329
452188
454780
452611
454473
452955
461346
451871
454746
451332
454415
453251
454907
453302
489595
451825
454507
450850
454196
452122
453716
457798
454681
452248
453587
450885
453878
451124
454028
474056
454518
452539
454153
461757
454794
453231
453884
490980
487701
484508
477270
452808
454384
453022
476099
452149
455079
451737
454226
452033
454149
452029
480348
452474
454852
451227
454461
451243
454334
480731
455330
467010
454679
453306
454599
452044
454135
475761
455035
453029
454405
452750
454891
453044
454780
452801
454593
453024
454249
451404
455498
451656
467540
451828
454295
450966
453767
451308
453852
451118
480960
451915
454156
463885
454695
450633
454248
458213
454352
452380
452974
453521
454543
450908
454256
467313
454626
451183
454317
452718
453862
452608
454660
477844
454329
451827
454554
453242
455165
452674
459533
451771
455204
451459
454494
458616
454489
451890
488140
451787
454280
450691
454075
452935
454368
451421
454201
450918
454096
451663
454014
453153
455005
458471
454595
451611
454565
451674
454670
451341
454530
467714
455018
450674
454144
451888
463122
452126
454223
452124
454809
451879
454535
453120
455625
452940
478936
452131
454912
451995
454176
451711
454191
453258
471713
453063
453884
451275
453740
453314
454717
456917
455122
453108
454441
452872
454198
452540
470586
459608
454810
451716
454790
452323
454632
452706
453986
467602
454440
451976
454777
453013
454437
452892
470296
452368
455201
451533
454393
451827
454367
452651
463044
452643
454919
451826
455051
451438
454774
451897
471066
452183
454566
452812
454975
452782
454925
458286
471961
451531
454207
451778
470630
470368
469034
493871
476294
452397
454197
451319
454740
452772
481299
452846
453906
451788
455002
453115
455060
451989
478223
453118
470045
452098
454561
452910
454291
462931
459546
453076
454605
451642
454454
451524
526185
473671
455212
452951
453972
452517
454624
452923
454027
453756
454546
453337
454501
452133
454457
451725
478610
452920
454765
461130
454631
452658
453755
452271
470688
451539
454400
451191
454213
452439
454130
456139
454571
452350
452845
452145
453991
451955
453892
461164
454150
452348
452521
452542
453910
452441
453772
470123
454317
450971
453881
466971
454182
452487
467960
452023
454307
451416
453812
450777
454129
452448
461091
451356
454116
452338
453839
451299
472265
451560
464910
452243
454001
452365
453898
452353
454187
456327
453956
451158
453507
451312
453876
466016
454070
459310
453772
452645
454068
451771
454231
451114
454224
467932
454422
452309
453625
450740
454023
453054
460444
452244
454145
452508
454295
452790
453999
452583
462889
452750
454635
452215
454157
451575
453552
477070
455109
451888
454253
451240
453883
452262
453759
458282
454706
452028
454329
452655
453725
451236
453856
479311
454404
451098
454097
450779
454238
452278
464814
451668
453990
451972
454094
467016
499755
452109
463145
467889
454056
451061
453860
451374
454786
452338
454342
451917
454624
450971
453763
466395
453914
465235
454457
470601
478466
486131
454956
452281
454612
476097
454434
451493
454233
451505
452763
451567
475098
453447
462406
451999
454124
451448
454047
452787
485868
453147
454056
452698
454311
451120
454249
456312
461569
452831
454748
452220
453308
451264
452553
458848
452601
451346
453746
452243
452879
451331
454265
486375
454328
450827
468201
451484
452908
451551
459773
451613
454360
452297
452514
451640
453198
451407
461371
452350
454391
451692
453518
452441
453883
450335
486811
451586
454398
451142
452722
450980
453599
456839
454059
451127
452827
451740
469294
451430
453087
490719
454229
451313
453751
451840
453707
451587
453645
452746
454354
451300
454115
451101
452789
451993
477373
451338
454199
451549
454172
450925
452565
451192
462124
451107
452831
451159
453929
495748
469379
463707
453345
450991
452389
451403
454840
451062
452472
479829
454593
451500
454112
451098
454304
450934
454280
459222
454187
452337
454235
450908
453797
451484
465163
451636
453998
452030
454221
450974
454204
451777
477403
452524
454055
451396
453690
452338
453877
451006
459238
451283
454381
451048
468214
451850
453774
475332
456428
451263
454102
451303
453764
453066
453782
458529
453855
452203
453903
452198
453628
452077
454190
452878
469748
451074
453877
450912
453823
451801
466176
451174
454179
451295
454202
451493
454434
452015
462246
451445
472073
451463
454038
451569
473048
489703
461874
450910
452260
452367
454616
451749
453747
483718
454174
459215
453150
451316
453866
451955
454379
462853
453179
450838
453864
450862
454072
452225
475361
451301
454315
452611
453630
452217
453840
451011
470533
452874
454541
450809
454162
452899
454408
461611
463302
451696
454240
468358
455085
453436
454533
459106
454974
451951
454034
452006
454579
451438
454444
468601
454708
452950
455024
451596
454034
451814
459349
451668
454078
452486
454461
452783
454581
453355
461964
452963
454308
452315
454786
468648
454873
452812
472962
453304
454558
451869
454218
452334
454346
457360
453895
452692
454792
452124
454959
451551
454747
461320
485340
453130
454097
452373
454480
451158
466064
453441
453930
452204
453911
452526
453823
466497
461381
452807
454199
452860
454052
450993
453643
451116
479370
451384
453780
450821
453505
450966
453937
462597
454094
452360
453552
452394
453753
452487
453998
459804
454429
452122
454195
450652
454018
451170
453581
475776
453988
450834
453743
452009
454188
452769
465303
451412
453897
451141
453969
452277
454298
451367
484918
461019
454131
452209
454324
452665
454168
451096
454822
452420
453647
452338
454035
451018
454099
468050
454506
467829
454618
450834
453725
453134
452514
459900
454274
452202
453987
452314
453788
452432
453542
451169
453836
450786
454324
450819
453611
469900
482044
452491
453987
450860
489104
484949
485000
482899
460924
452659
469660
452587
453850
450894
453669
475750
454621
452655
454619
450896
453903
452194
454345
483953
454572
453006
454197
450795
453871
452181
469849
452960
454617
452154
453839
451113
454523
452445
479178
452961
454124
452250
468982
451127
453552
450793
455071
452317
454058
452406
453651
450889
454057
456793
453620
451168
453721
452370
453567
452177
453586
477660
454259
479764
509869
504352
455510
453320
482029
451177
453867
457885
454166
470266
463892
450802
479277
452966
454003
450873
454024
450607
453988
457606
454446
452046
453762
451361
454528
451834
454193
466124
454209
451474
453946
450795
453472
450874
454044
456698
454096
450890
454610
473415
454243
461951
460836
450891
454136
450987
454450
451224
453667
451589
487336
451716
454424
451254
453836
452416
453591
452446
454669
451286
453952
450523
453851
451361
453590
457398
453777
451836
453957
450892
454062
452391
453970
483332
454937
451275
453789
451259
453854
451019
458831
451444
454039
450884
453634
452378
453696
450565
479320
451396
454355
451186
454206
451154
453921
452420
470721
452103
454152
451306
453958
450584
453898
456886
454207
466993
453811
450635
453197
450874
454970
458291
453983
452770
454051
452588
454277
450908
453811
466774
454205
452604
453489
452493
453677
451372
468896
452994
453444
451139
474701
450952
453927
451169
470383
488478
483204
471357
453922
451965
453246
472306
454463
450964
453830
450842
453353
451784
452932
474917
454077
451312
453132
451093
454042
451744
453262
473667
453754
450815
453798
450893
453541
452307
478070
452911
453222
450907
453832
468201
454063
452268
461520
453297
453260
452287
453849
451263
452748
450827
454466
450941
454167
451412
453906
452349
452926
463822
453076
451162
453895
450966
454257
451383
453940
459435
454371
451220
454221
452276
453090
464738
453213
461093
453867
450083
453553
452368
454140
452390
466938
451676
453296
452217
453923
451378
452861
452070
462092
450845
453180
450126
453323
452559
453031
458087
453418
451275
453575
451111
452767
451125
452787
473787
453665
452638
454273
451281
453499
451429
452689
477731
453005
451341
454322
451112
454178
452025
458544
452248
453040
451297
453065
452811
452849
452168
467940
451446
453345
450883
453600
451188
453081
451370
467106
452781
453300
452414
453432
451967
453121
456324
454147
452323
454114
450779
452357
451280
452968
483156
454804
450717
453961
450942
453820
451491
453687
452906
453743
452567
453992
451695
453933
450807
459347
451999
463413
452427
453723
451161
454070
452145
469472
451299
453893
450900
453882
451093
453548
450933
454571
450453
454164
451214
454046
450341
454147
474565
455503
451500
453846
452328
453739
450928
453929
485163
455024
450773
492645
483226
454233
451247
473880
451164
454362
452471
453954
451153
453752
451144
478822
451697
454137
451348
454364
451571
453857
452550
465236
451953
454263
451195
454034
452261
453660
476691
454613
452691
454182
452209
469642
451700
453943
460922
454049
450969
452675
452062
453617
451550
465057
452672
454288
452062
453983
452383
453688
452088
479259
452797
454335
452073
454258
450950
454424
450787
462756
451269
453853
452693
454127
452130
469175
472624
455056
450862
454122
450755
453679
452455
453959
461347
453847
452477
454282
451234
453889
452338
453961
456874
454406
450995
454209
451097
454421
451025
465254
452657
454121
451468
454591
451135
454248
453203
490637
451709
453934
452658
454005
451686
453900
452716
466860
451501
453945
451025
453857
451211
453919
463714
454306
452342
454224
450786
455192
452377
453884
461248
453938
451266
453726
451296
454134
451233
458402
451519
463735
451146
453529
451308
454570
451428
467059
452475
454096
452189
453733
452313
453806
451978
480842
451397
453994
451241
454244
452490
454034
457644
454341
450636
453870
451252
453780
450705
454420
466214
454172
459194
457657
451763
453696
452103
453886
459666
454059
450890
454244
450969
453201
451105
459542
452458
453952
452481
453657
452249
453948
451277
485906
453043
454462
450914
453531
452705
454031
452756
458735
450794
453656
461515
454457
470739
453972
467701
477861
468431
454474
452333
454995
452307
453484
482121
454806
452494
453639
452467
454205
451028
468523
451720
453957
452076
453603
450999
453676
450994
478813
451371
454312
452981
453869
466667
453946
452605
480644
452644
453414
451387
454376
450970
453640
456692
453843
451408
453988
450469
453739
452344
454219
460521
454506
452428
454119
450863
453774
450871
454281
453134
453780
450976
453862
451252
453784
467548
476378
451668
473001
452752
453893
452501
453925
452860
462889
451306
453622
450785
454121
451015
454353
465794
460665
452211
454375
452370
454006
451444
453843
490541
458898
452610
454270
450781
453945
453115
454041
474668
454706
452242
453657
451711
453894
450934
477835
452033
453776
452456
453696
450488
497304
453876
464102
452085
453786
452690
454986
452007
454254
456384
453555
451344
454105
452035
453895
450769
453994
467309
454258
460334
453941
452095
454216
452050
454042
461004
453976
452011
454108
450870
453073
452224
465752
458654
454164
451107
453857
451523
453227
451242
468086
452663
453999
452133
453775
452330
453727
451330
462976
451752
461698
452966
454445
452127
453653
456486
454712
451610
453731
452763
454013
451516
453894
465431
453946
452402
454401
451033
453912
451533
453802
474459
454265
452312
454332
450878
453996
450734
459068
452080
453861
450724
465116
452445
454017
451138
470249
452662
472173
452456
454963
451255
454105
452214
528154
472750
476333
486928
477680
467566
453669
476193
454673
452085
453480
451924
453603
452249
478145
453521
453629
452812
452179
450990
469506
452665
476768
451408
453046
452360
452791
451118
452589
450467
462026
451350
453124
470078
454100
450881
453716
484885
453998
450380
453800
451372
452958
452359
453045
460464
453114
449601
453630
451549
453261
457156
471711
502436
514691
452016
452725
451080
453713
453036
472642
451734
452831
450992
453287
452925
452805
456241
453280
451073
453459
452348
453275
450606
501817
460734
452170
450541
452582
452363
453780
453095
453326
481458
454510
452220
454139
452439
452999
451791
471175
451667
453090
451141
453278
452312
452860
449961
461683
451310
453711
452130
453307
451239
453924
449952
453849
452600
453923
451605
453364
452759
453417
456956
454580
465991
454467
451025
453735
452617
452604
459288
453146
452254
454242
452434
453275
452230
452967
464578
453847
452644
452607
452388
453248
451804
460108
451081
453875
452040
453746
452685
452960
451761
462660
452125
454018
466835
453451
449975
454589
452433
455195
453150
453444
452599
453090
451618
452948
456920
452883
451742
453938
450517
453822
452548
453924
481070
453595
452462
454122
452569
453003
451395
464084
451631
453590
450743
453477
467872
454108
450429
460376
451812
453002
450430
453090
452059
451833
466941
462481
452530
453277
480482
469293
481667
464473
478738
453725
450625
454451
451338
453343
451014
452743
480905
453448
450433
454593
451059
458755
456041
466844
492540
493887
491991
493273
492669
493568
505070
494472
491987
467015
451063
453092
451242
453422
461112
453225
458131
453378
452523
453216
450973
453707
452692
452737
451542
452472
451724
452828
469706
492483
452855
453751
451903
453081
451160
453003
450794
462676
451748
453015
450945
453070
452102
452890
457693
453706
452200
453067
452056
452754
452425
452915
465305
453178
450883
453047
452130
454268
452516
453059
467357
454055
452081
453445
451304
453451
451290
467918
452462
454135
451272
453690
451537
453968
452286
469087
451681
454178
450761
454986
452365
454456
450959
459497
452401
453903
451510
454418
451924
454691
457948
454152
462358
454458
451181
453754
450794
453581
465701
453879
452802
454092
452624
453691
452006
453985
468063
454466
451482
454341
450432
454853
450897
459988
452358
454066
451124
454148
452585
453370
451969
469919
452942
454110
466674
454109
450968
453750
451049
454494
451070
453861
451064
454370
451485
454083
456871
454586
452771
453475
451099
454139
453545
454029
532578
513665
495681
502016
452525
454575
453003
463628
453038
454768
452710
454417
468325
458155
451262
454743
451383
453978
452616
455180
451370
454120
463652
454050
450854
454259
469367
541782
452713
453521
492553
467545
483140
468856
451129
453626
450792
478568
451561
454477
538897
454364
451397
469954
451517
464222
452940
453737
450971
453920
451140
453512
474562
454301
450835
453142
452291
453559
451602
453933
478667
453026
451642
454387
450885
453679
451518
464928
453589
454385
455682
454034
450818
454039
451365
493873
451742
454556
452379
453881
452288
453978
450654
463534
452479
454024
451053
453915
452805
453472
462623
454662
452579
454127
451172
454143
451283
454385
460304
454652
451428
453794
451477
454251
453201
453914
458798
470236
451929
453439
451015
453923
452373
476195
452235
454397
451860
454212
452436
453877
450750
462480
452554
454115
452764
454262
450789
454116
451140
454687
451179
454174
451901
454111
469608
454457
464121
454329
452431
463331
452121
454022
451104
454124
459976
455130
451102
453744
450916
454095
451415
453893
463304
453877
451170
454297
452608
453838
451946
467170
451770
454878
451518
454284
451530
454265
452674
464907
453259
454466
457803
458077
452888
454564
458053
454464
452697
454359
451787
454392
453196
454575
466033
454761
451613
454428
452652
455404
451579
454938
478097
454219
453141
454394
452008
453453
452452
459975
451891
454608
451300
454462
462053
454875
452840
470497
452126
454677
453222
454394
451772
454106
451344
455380
451316
454401
451301
453435
450959
453712
456556
454009
453090
454633
452036
454490
451732
454748
493387
455752
452836
454228
452999
478279
469726
483528
485552
454893
453030
454213
451533
454627
451221
478751
453324
454867
451486
454678
452701
454521
453267
465099
452925
454563
451456
454499
451999
454327
474033
455067
452952
454499
452918
454504
452831
454343
481492
455144
451918
454581
451531
461646
452576
465278
453888
454517
453471
454587
452116
471594
453636
462064
451811
454496
453177
454487
452875
454975
451552
461263
451932
454479
453512
454351
451611
454595
464589
454783
467506
454084
452978
454264
452962
453823
478883
454957
452215
454609
451939
454759
452743
453796
453251
455329
452143
454245
452124
454481
452199
465769
452175
454658
451484
454582
451633
454138
452726
462558
453259
454050
459274
455158
452115
454138
452876
455371
452437
454767
451660
454954
451801
454873
483092
455062
451963
454409
452932
454523
451587
454417
459406
455153
451690
454135
451510
455183
452779
459300
451240
454602
451447
461838
453431
454406
451663
468784
451768
454393
451238
454566
451461
454170
451642
463756
451685
454291
471800
455461
452348
454061
469017
454988
452126
454324
451251
454655
453050
454710
466891
454543
451749
454609
452518
469565
452826
454312
453809
455340
452237
453983
451784
454240
451536
460394
451944
454458
451476
454227
451556
454894
451438
469784
453800
453906
451459
454954
469178
454963
461664
489002
478996
471488
453228
453911
452038
469712
475964
455159
452834
454634
453022
454828
451403
454421
462119
455493
452298
454424
451955
454873
452757
479271
452990
454276
451506
454917
451519
454587
453463
478974
451429
455088
451608
454354
452779
454340
471124
478530
451864
454550
464292
454241
452816
454113
459767
454210
452286
454060
451653
454596
452050
454709
466707
454019
452541
454409
452659
454585
452352
466546
453094
455364
452758
454590
451912
454387
451744
462291
457527
459852
451932
454139
451347
455105
461218
464462
452878
454948
451447
455109
452051
454079
465794
454389
450961
453947
452592
454549
451769
454254
461360
454933
452877
454515
451686
454584
452551
459859
453211
454466
461379
454884
452336
454741
452597
469559
452264
454682
452513
454618
451338
454597
452112
478107
451855
454474
451281
454294
451308
454310
458379
454067
452405
454278
451852
455106
452804
454161
468679
454579
451581
452911
466631
454784
451137
453943
452158
454479
451661
454191
453036
454889
452939
460233
452756
455343
451898
454321
452635
454696
451658
488640
452006
454456
452928
453828
453027
454484
458229
454633
452848
454358
452064
454412
466461
454379
458902
454825
451994
452977
453658
454543
452654
454834
469007
454882
452470
454509
451710
455012
453171
460175
451505
454188
451807
454090
453142
455426
452311
479730
452559
471904
451770
484028
452051
454364
467718
460022
452120
454755
453332
454152
451725
454352
474212
455118
452993
454676
451628
454682
452952
454291
476511
453487
452592
453459
453478
454718
451709
474306
452223
454415
451401
454968
451685
454755
452819
480594
462691
454580
452948
454503
452803
454778
452777
454883
452264
454499
452458
453959
451871
454555
463534
481476
452782
454308
451499
454015
451748
454531
462385
455194
452738
454480
452861
454454
452402
459773
451829
460548
451464
453878
451153
453626
451010
487216
452105
454204
450951
453563
451160
453886
451731
462635
452224
454202
452429
454152
452901
454450
456772
454795
451884
454102
452078
454474
453033
454293
466198
455094
451020
465659
451583
453611
452061
453437
459106
454724
452846
454391
452070
454494
453172
470403
473898
454718
451606
454439
453031
454273
451163
469642
451667
454774
451400
454825
452494
454020
452404
455360
451538
454308
451071
469135
452241
454094
458929
454078
452325
453484
450965
453232
451296
453572
467958
454919
453288
454118
450717
453654
450794
453992
462110
454209
452374
453871
451328
453377
451393
459721
452317
453862
451885
453787
453009
469593
453267
471431
451600
454265
452639
453680
450541
453596
457959
454159
451197
454049
451991
453837
452447
453797
458381
454192
451405
453984
452892
454451
453208
455490
486600
455289
452622
453903
451477
453814
469998
475518
451521
453992
452103
472132
451958
480001
472869
478755
452691
453411
451227
454002
451465
453938
472538
460010
451648
454522
451311
453638
452462
454536
473785
454612
452911
454514
452579
454175
451908
454145
473597
462994
451826
455622
452768
454830
451562
482670
453192
454740
451990
453960
453253
454049
451624
464263
452754
454983
451497
454490
453250
454538
456988
454593
452563
454431
452981
454314
451231
454398
465951
455035
460418
453869
451559
454226
451804
454409
479549
454985
452283
454315
451737
454031
453287
459943
452926
454347
451724
454582
451296
454316
451517
469716
453136
454139
452511
454287
451646
454666
451663
459817
451561
454800
468918
455975
453565
453731
458262
454046
452552
453190
452888
454097
451571
453263
486323
455069
452717
454051
451467
453923
451234
454203
452241
454809
451742
454368
451041
454612
451696
461136
453337
454888
451749
454732
467943
455187
451707
472080
452131
454445
451570
454487
451694
454656
459296
454933
452204
453204
452057
453937
452058
454678
476178
453775
451854
452895
452125
453366
452618
454513
469042
454710
451194
453239
451293
454626
467035
457951
451460
452753
451613
452853
452003
455079
452923
461831
452853
454744
451512
454362
451755
454710
452223
469378
451363
454707
452614
454494
451692
454388
468190
453637
451419
454250
451628
453077
451942
453325
475516
453786
451518
461172
455937
452965
451245
453207
481449
492665
467410
454699
451648
454362
451576
477662
452460
454949
452181
454114
452334
453495
451866
476654
452654
454574
451856
453918
451401
454104
479526
459727
456597
454314
452779
454782
452651
454590
481358
513868
588039
455637
451596
454533
453146
463503
452728
454227
451435
453538
452829
455391
452682
466349
452187
454839
451895
454556
451395
454626
458005
453181
452821
469759
452969
454676
451613
454326
478931
454949
452484
454327
451753
455034
451451
454207
453409
454311
451862
454520
453198
454640
452628
487608
485075
454890
452085
454742
452863
454664
452973
464035
451705
454195
452219
466902
453152
454316
463604
454970
452856
454850
451426
454619
452256
454448
478837
455042
452664
454355
451371
454999
451454
454315
452800
455139
453186
454705
451657
455013
452771
466796
453624
454440
451543
454549
457011
459093
451639
463533
452412
454767
452187
454476
451789
454453
451666
454878
451663
454796
451842
454490
451612
454233
482505
455385
450994
454326
451040
453658
452480
454163
460294
453998
451325
453850
452741
453901
462018
459862
452484
454080
452395
454220
450879
454057
452567
467741
451913
454116
452130
454015
450991
453796
452503
462326
451059
455051
452567
454094
451772
454241
466152
454419
451387
454137
452359
453640
451567
453725
481388
454546
451826
454139
450449
453834
451225
454127
469348
454082
452206
454419
472141
487363
467297
476136
451025
454526
450877
453781
450881
454101
459159
482803
451569
453450
452071
453933
450946
454312
471194
454668
466527
453902
452223
453868
451147
454003
476281
454168
452485
454097
451448
453434
452187
453963
451863
453970
452579
454464
451229
453988
451986
460604
451429
453884
452654
453920
452911
453505
452296
489830
452153
454109
467958
453734
452006
453909
471474
459064
452807
454561
452378
454308
453335
453920
460475
454633
451825
452982
452496
454342
452697
454228
458258
454812
452712
453339
452449
454447
451556
465730
452865
455537
451516
453899
458267
455036
451478
463161
451626
454151
451444
454145
452731
454467
452765
468104
451949
454674
451619
454556
451749
453916
464002
454836
452621
453892
451449
453969
453334
454307
460158
454774
453072
454445
453085
463140
452225
459848
452947
454461
451466
454342
452827
454644
451495
482744
452417
454457
451472
454443
452014
454225
452671
480580
453043
454647
451462
454532
452960
454532
457159
454444
451756
454261
452295
453966
452153
469583
468465
454859
452347
453608
452468
453719
451830
454509
452926
454037
451144
453396
451213
453795
451564
459223
452336
454715
452573
454558
452516
454542
452604
487450
452570
454122
451164
454189
452736
454571
452087
470693
451985
455084
451577
454586
451599
455041
458126
454466
451526
453118
451664
471918
452941
454211
488305
487444
480478
454021
450902
453843
452427
474368
451372
454655
453007
454341
453009
454218
451742
481915
451939
468973
452110
463302
453278
454615
469804
455546
453370
454765
452129
454514
451522
454925
503241
454624
451500
454955
451885
454699
451881
453561
494562
455007
451521
454005
450839
453659
452498
466961
451757
454108
461028
455127
452791
454324
450942
481963
453039
454639
451362
453575
451549
488191
458584
453394
452507
454341
452196
454115
452757
454394
467267
454689
452514
453840
451006
454171
452284
453996
459186
454485
451789
453340
468430
454766
452613
459983
451787
454932
451396
454275
451954
454704
451852
487408
451883
454629
452723
453319
452504
454924
452762
454972
451722
453898
451506
454707
452678
454533
458240
454457
452866
453989
451382
454153
467563
454463
467985
454997
450971
454000
452790
453968
452276
453912
452929
454500
452310
453871
452798
454392
451981
478683
453215
454792
451641
454136
452150
454569
451503
471450
452163
454897
452459
454122
451487
454759
472764
454876
451735
453965
451419
454201
451672
454402
459546
454617
453126
453188
452821
454522
451646
454385
469882
455018
452524
453604
452302
454808
452302
468877
453699
454771
451573
454951
451771
454844
452260
462166
467390
454674
451458
455024
453569
454723
451585
455538
452959
454149
451337
454759
450926
454532
476183
455043
470585
454835
451696
486671
480871
454101
476526
454775
451719
453953
451926
454565
451517
476129
452733
457769
458654
454807
451758
453787
451327
478154
451926
454369
451625
453683
451399
454769
451984
465148
453012
455099
450779
454090
450882
453860
464869
453647
451122
453934
450975
453657
451104
453936
460691
454377
451131
462107
452716
453929
450885
458512
462145
454594
451181
454249
451044
453556
452098
467613
451878
454564
451080
453847
451086
453682
451281
462707
452954
454459
451282
454449
452705
455421
457245
454474
451539
454035
452774
470255
451824
454579
467319
454902
451141
454340
450803
453915
450932
454284
479016
454503
451411
453950
450894
454130
451293
459630
451152
453768
451379
453628
451189
453977
451290
468791
451533
454036
452077
454195
452289
469599
453394
458686
451272
454056
451832
454731
451474
453623
456991
453719
451480
454054
452879
454720
452775
454515
484268
455110
452596
454495
451051
454236
451294
453720
452016
455348
451784
454101
451846
453800
453051
475166
451942
454271
451044
454275
451904
454348
451576
469898
452470
454271
452154
453525
451500
453717
450945
455552
450876
453778
452323
454203
451205
453988
476021
454025
451235
452789
451200
453577
451785
453875
503200
495492
474866
454677
452809
454559
452332
460012
452348
454269
451549
454787
451371
454282
