698994
482149
477050
478372
479174
478783
635446
693117
606824
605843
621353
606644
727547
605653
605962
603169
604494
602741
604118
552592
504851
502296
501068
501103
523077
505845
502126
512761
502954
520595
504466
501809
501222
500764
531383
503076
504713
502527
501652
500132
504905
502232
500434
500069
503408
509677
501984
500974
501959
507440
512593
500591
500189
500596
501700
504058
503775
501464
510486
502535
500012
540935
512066
516882
503239
500019
530576
501814
501468
500689
512236
524604
501256
500984
500998
501340
507994
503470
501214
501192
503572
502970
511185
501201
503959
500334
501320
526466
502014
503570
501797
502129
513681
502301
502391
500650
504588
501724
501663
501401
501303
502991
502459
520226
503903
502929
501939
504028
507708
500267
501735
501412
501445
524188
579093
515850
699296
558206
559277
549583
547914
548889
563615
567853
553551
503002
504212
523249
500923
500102
502652
501843
503068
522129
502908
546151
550961
547582
556542
510576
501278
499998
500375
530495
501460
499442
503235
504051
515730
501001
500453
504210
501513
507287
500813
501900
508621
514717
502324
508508
499755
501746
500459
501953
526786
501916
500728
502470
501946
515350
502360
501663
501008
501383
518892
501428
501227
501832
505425
503668
501861
500567
504915
503625
503985
506402
501470
500980
501959
501817
520990
521697
505243
524089
528798
505763
501606
502395
500595
502598
529286
503373
501400
500713
503223
501849
534660
503895
500549
501417
501466
524309
502039
500263
502428
503620
507788
501263
500984
500817
501445
504631
515513
504431
502938
503299
499549
507386
500388
501145
502696
501403
508372
502377
500008
502033
501387
501914
503428
502053
502819
501532
506637
507596
516780
503035
500370
526263
506566
501413
500983
503010
499854
515433
501153
501911
500502
504183
500027
500462
501465
500368
501233
501633
501070
500738
518118
502291
502722
533533
500808
501296
503619
501544
506653
502264
500720
501654
500088
502636
503110
501297
502017
502329
501395
504207
500743
501916
517455
501812
508498
501106
504337
503769
502206
516171
499833
502941
499685
501422
500563
500938
500294
500870
501808
501823
506400
501347
504583
501531
517865
526213
502097
500967
500604
503754
512590
502857
501666
502565
501933
509577
501398
501140
501322
501047
500034
506077
500969
500938
503466
503434
532581
501190
500996
499643
502002
501595
499673
500725
503626
501541
502704
501519
502311
500622
501083
500917
532439
501180
499733
509992
502429
507320
517134
540215
529311
520006
521879
502891
500180
501063
501391
509180
501290
507651
502229
499588
503252
508752
502571
501741
500699
503887
531510
508504
503637
499997
501105
528109
500621
503154
501787
503046
508615
499946
500701
502906
501203
499939
500662
499891
501488
501852
502242
512845
500087
504404
501563
500194
517997
501917
499862
499544
500369
499407
502959
500595
499722
501232
503586
502449
500726
501097
503246
502254
506522
501009
501046
508352
500629
507101
499308
504172
499328
500137
518477
501329
501188
501021
500204
500702
509297
501834
501075
499739
502949
505781
501460
499759
500314
504490
500795
501771
501105
501329
503921
505597
501971
504364
499981
502693
500481
526331
500103
499769
500956
501022
514860
504024
518717
501149
503579
508874
535147
506020
534548
523745
521497
504473
504187
502874
503963
503333
509836
500467
502020
501157
500235
526949
502244
502592
504797
502828
519382
517333
502416
502642
502193
508441
503370
500507
503760
501357
506509
501433
502117
501644
500899
502732
507548
502106
499972
501925
501158
531500
508557
518336
500740
501225
501727
501004
501676
499657
500671
500613
502240
501937
501863
500241
500252
513455
501607
500372
501704
502511
505544
501793
501033
516395
500508
514339
502969
500655
501202
500575
501372
501502
499700
502901
501410
500653
507713
501280
501358
501057
501064
508023
501822
501210
501453
518234
502937
502114
500401
502628
500526
500985
526589
503305
501493
500765
501932
507545
503403
501261
502117
501675
500811
502731
502824
501103
503621
523892
500407
500340
502056
501911
501980
508555
501637
499516
502600
502615
533907
500893
500742
503001
499619
502561
501312
501711
500062
500074
510127
614531
506357
500335
501936
503008
504930
501185
501208
502283
501452
506478
540239
531493
526622
515705
536088
535673
499697
500627
501328
531270
517773
500415
500426
501218
505265
501192
501121
501689
500131
508302
501645
499963
499584
501581
501520
514210
501282
500087
501591
504435
526678
500933
516563
501718
501955
500526
502087
501196
503314
503445
512125
503901
501135
501908
501163
501205
508268
499745
504808
504131
501700
507643
499528
502538
516589
504614
510422
500098
502180
500999
500650
500451
501184
500885
501699
500834
501600
508025
503529
503300
500158
504506
512390
501124
504713
500530
516901
503907
503381
501860
503088
501510
500578
513695
504423
502032
501130
501299
515423
501563
500057
501436
502120
506644
501224
500532
501062
500858
515407
500866
500780
502291
499783
501552
514059
501573
501123
499599
500109
524597
502076
501215
500814
501464
506509
503058
553692
501352
499510
500046
516900
500905
505642
500538
501336
501458
499803
500987
499897
500720
527553
514317
508273
525640
500091
529225
500321
499705
500841
500963
504878
499754
506048
500375
499963
501567
500547
499469
500771
500964
499133
529000
500022
499347
499638
501013
506455
499818
501025
499498
500998
505475
499740
500706
506057
499618
499027
502142
499749
500791
499867
499908
506870
499688
499727
500941
499964
505986
499543
499854
499878
499686
502680
500974
501498
500259
509967
501066
524360
501542
500690
499855
499928
506423
499504
500978
500887
499956
500932
501351
500033
499874
501107
500712
501244
501380
500422
502046
510145
506039
501212
499781
499640
500813
522877
499682
499450
500151
499707
501664
499769
500595
500113
499876
499986
504441
499422
499810
501283
499853
553639
500554
499523
501304
500205
504960
500085
500026
499663
499874
502766
500452
501198
501114
499974
501477
512357
499946
501361
501674
500933
506867
511156
499773
499759
499700
501236
518571
500145
500134
499932
501086
502049
503897
522313
516836
501520
529717
506111
500127
500876
499418
524394
502904
500123
500979
501038
518909
499929
499722
499491
499794
503724
501310
499296
501095
499685
500644
506256
501083
501388
499716
500755
530379
499886
504940
500352
499820
499724
499543
501073
499917
501013
499650
501888
499559
499568
499486
499603
512300
499758
500195
501234
499832
505215
501209
499378
506812
500239
510677
499972
501398
500890
499919
499543
510215
500340
499695
501205
500065
506075
500197
501312
501298
499523
500232
499910
500209
499552
503572
516278
501262
499947
500906
499905
500022
525017
499780
499799
499699
499748
505515
500890
507271
500052
499943
500064
500459
499579
499891
499500
501001
505917
500092
499934
500243
500058
506624
499614
501001
501507
501430
519975
501155
501196
500751
499392
501167
500797
502578
504465
499840
499767
507489
504594
499498
553943
499953
512436
500273
501387
500060
518293
506777
500792
500606
514983
472959
461163
460546
467333
464378
446218
447508
447381
462084
446594
459263
446214
447935
447882
470618
447233
446317
464971
447364
447401
468954
447552
446432
464906
448391
448403
477288
448334
448238
448603
448062
446688
470186
448057
446888
458656
448587
445993
463642
447092
448639
447950
448167
447920
453873
448457
447772
448415
447158
448289
455011
447258
448194
447153
447036
447964
453944
448031
447605
448210
446554
464221
447957
535917
448525
446898
447906
446200
446390
447718
446597
448007
446936
446326
448069
454504
473125
447415
445883
447870
447382
460617
446939
447587
446539
447319
462356
453016
447603
446837
448721
447932
446531
472087
446819
446026
447931
446901
448023
457703
448209
447769
447039
447110
447104
453100
446809
446383
447660
447308
448282
447630
462606
446308
447228
447831
446758
448109
458462
448302
447316
448174
447976
461318
469412
446475
459239
447115
446653
447008
453895
446714
448011
447827
446496
446897
458237
455360
447549
445130
446615
446565
451050
446932
445387
447431
447656
445838
445590
447506
450868
447780
447354
447002
465472
469700
471445
478427
457293
446284
451855
446941
447819
463354
447405
446560
453824
448850
445255
447067
446652
446116
445767
461324
446678
450917
445054
446637
446836
468757
447508
447370
447556
447720
447560
471160
455756
446956
456180
447566
447246
459308
448056
448083
447799
447348
447624
452323
446603
448047
446428
464085
446989
452702
446558
446541
446355
446935
446135
456200
448075
445569
446808
447249
462389
453282
447583
447400
447304
446889
446979
445948
447490
445431
446335
447059
446087
447155
458726
445471
445165
446700
445265
445324
452095
445459
446928
445335
444965
451405
452175
445576
446036
445064
445166
444905
450891
447238
445293
446550
445255
446350
452554
446852
446466
446070
445202
445512
446545
446632
447050
444998
445394
446352
446510
493253
488274
487370
486883
487092
492819
485941
483086
445997
446464
446424
458157
447030
444720
446656
446376
446419
445872
447739
446788
446399
445602
446809
447439
452775
455623
444905
445485
445973
446220
452542
447243
444973
446389
447778
445533
459073
446977
446546
447266
447123
446820
461512
447168
447250
473749
477197
447116
456551
446666
446671
463905
446344
447713
452909
446861
446701
445131
445777
447071
449554
447622
447536
445487
445706
445490
446965
455905
446226
444911
446253
446475
446743
477605
446545
445335
454352
446491
447155
451847
445228
446496
446574
446513
446388
451809
446749
445121
446760
445300
446330
457332
445748
446174
445944
445164
446218
462314
449073
444716
445358
446145
460450
459796
445080
445675
444540
445855
445438
445658
446757
445695
445620
444282
444118
445932
451965
446043
445769
445621
444378
444527
451104
444648
446559
445059
444246
445146
473643
446742
445971
446227
446228
444804
454853
446067
445870
445628
445877
444996
451388
446299
444872
444667
446836
446255
445620
446959
446473
444882
445475
444709
445051
453386
446722
445847
445892
444532
445640
452342
445546
446092
444576
444429
446081
466805
445343
446070
445435
444895
445965
444674
446437
445831
446329
445909
446029
452460
446207
455437
445563
445446
446162
444281
455588
446575
445456
444653
444313
445891
452022
446251
446455
445797
445790
444847
468621
446394
446179
453770
444917
444990
456280
456072
474976
463729
470845
444994
461526
445147
444340
446110
445840
444619
452521
444807
445773
445742
446149
445982
447347
445581
444640
444219
444833
446362
445075
460218
445838
444933
446802
445849
445861
451180
444937
445708
446006
445920
444525
549116
491814
478705
446280
445944
445078
452724
444524
445575
446397
445869
445964
451243
444829
445154
445818
444778
461558
475150
446505
446185
487496
453942
445487
452482
446238
445938
445621
445775
445254
450318
446388
498568
444813
446027
445690
445835
445528
444593
444450
446114
446301
454393
446065
446006
445715
445686
445092
446453
457666
445927
445235
446060
446088
445665
457505
445140
448479
446303
445749
445957
452719
444976
445446
446098
446268
446352
461266
462011
445642
446533
445667
446110
447020
444958
446031
445828
444550
446157
455247
446431
446200
445761
444505
446065
446587
446328
445697
443890
446180
446799
444086
458153
446412
461979
444567
444000
445599
451934
446030
444504
445811
445024
446040
451840
446580
445692
445811
446075
444630
450483
445880
446011
445871
446299
444352
457603
452189
444253
447328
488297
460572
452787
446401
445783
445876
446142
445757
444522
456714
444993
447062
445247
444451
446001
469133
444683
445699
444352
446965
445230
471782
445523
446152
445777
461279
469302
458684
445706
446749
446506
445128
445251
451136
446857
445767
445419
446385
445832
450941
444815
445180
445706
445102
446416
444881
446978
446035
446082
446495
446345
462404
469895
446444
446189
446002
444829
446297
451178
446643
446183
445890
446149
446166
458002
445992
445065
446329
445739
446374
451545
444711
445166
446438
445962
446156
450563
445523
444844
444837
444771
446204
444983
454046
446451
445842
446052
446197
446119
451910
444807
445788
445967
446555
446383
452268
446299
444576
445705
445449
446268
467772
452607
445816
445976
444820
446124
451950
445063
446467
446114
444736
445584
455815
445649
446177
444750
445941
445724
459140
446258
444525
446215
444610
444717
445890
450267
445823
460610
444924
445616
444665
452774
445747
444733
446810
445699
445405
457240
444932
446897
444938
445754
444196
462993
445882
444626
446309
445817
445867
451793
445852
446416
446271
461953
463010
448474
445996
481036
469049
452597
445959
447181
446263
445903
445566
444759
465722
444793
457584
446099
445987
445965
444905
445689
477400
445288
444593
444624
455168
446186
468745
444792
446098
445608
445698
444716
452414
445970
445953
445825
444664
446165
445584
446555
445993
445756
445201
444415
450501
446240
446121
446220
444722
446079
463106
455476
444927
444538
445875
444498
446248
460208
445835
445272
446039
445712
444601
451234
444852
445743
445426
446374
444430
450597
444791
445696
445664
445585
446072
445102
458682
445950
446113
446049
444713
456537
446145
445486
446086
484468
446261
446041
446489
446347
446370
445992
446079
444706
457643
446386
446109
445165
445656
446424
452231
453884
446001
445540
446323
445847
452000
445950
445325
446121
446045
445624
450524
446458
445258
446689
446231
444861
452525
446188
446191
445723
446213
446185
446129
446306
446126
461581
445841
446528
446149
457092
445120
446020
444683
446249
444340
452136
446050
444347
445785
444307
445578
464117
445931
446320
445228
446038
446107
455116
446271
445763
445228
460154
445576
450321
444876
446246
453166
446013
445730
492800
473364
446166
446250
445834
446162
445645
454244
445897
446202
444623
446064
445714
471272
445215
455641
445713
450577
445986
466936
444953
445391
445612
445527
445912
458413
445971
444895
445901
445514
444188
450925
446209
445911
446027
445726
444299
451492
446082
446030
445942
444538
445882
461356
450774
444594
444548
444699
445780
446115
451426
445404
444852
445599
445606
445782
452003
445353
444949
445864
446069
444239
458173
444923
444748
446383
445141
444545
446464
460635
446355
444290
446036
444551
454186
445977
445816
444471
444501
444268
445688
446501
445973
445784
445820
444632
445485
450300
445199
445456
444521
446220
445802
452655
444577
457103
445392
445934
445095
458423
446020
444850
446045
445733
445845
454677
445085
446402
445943
444760
445083
446681
446238
446413
445779
444451
445778
444881
445578
446653
450332
446189
445971
446470
452248
444417
445025
444717
445775
446144
452565
445074
445996
444849
445519
445966
469452
446531
445477
445256
446163
446272
446686
446163
445859
444567
454750
446883
447462
446137
445620
444854
445665
444443
457745
446985
446500
446177
451560
470264
483701
485001
463244
446504
445011
445715
446175
470918
446447
444061
445580
445904
457771
471670
445958
446083
444760
444961
445668
467623
445782
444304
444630
444780
444650
451855
445093
444947
446201
444736
444465
445252
445707
446218
445961
446017
444504
450663
454311
444347
444769
444450
446324
445627
452190
445358
446063
444516
446734
444542
458468
445155
444824
445898
445741
444922
451734
445740
445698
445563
444406
445516
446163
453189
444205
444540
445302
444620
465168
450560
446083
474055
459909
444459
453113
446163
446382
444867
445766
446274
445937
452230
445995
445741
446098
446134
446474
458596
446063
460715
444957
445679
445818
452790
446342
446027
445825
445115
446015
460559
445162
445897
444693
444872
444684
457517
446206
446700
444344
446052
445330
444982
446628
445055
445881
452698
445466
445730
452150
445940
446119
445657
445597
446446
457882
446146
445666
445617
445921
446057
465279
446231
445010
445761
444760
445264
450316
445592
446041
445446
450132
444824
458160
446729
444589
445971
444980
445915
445978
446140
446203
445003
464388
445045
447742
491238
477841
445648
446252
445583
444702
478385
447131
444419
444393
446108
459848
467484
444480
445606
445810
445078
444836
468153
446065
446139
444522
446714
445700
456654
446408
446119
445909
444659
445715
447361
445937
445013
444545
445769
444639
445742
459698
446513
444863
445408
444484
444569
457067
445083
445028
446361
444967
444611
452155
446418
444273
444661
445749
445752
452396
444977
446243
444980
445792
444686
446290
453497
446252
445656
445628
443998
447981
450432
446446
445884
445803
446127
444382
444578
445793
444663
444894
446435
445758
457179
445178
446331
446220
445515
446316
467621
445034
454659
446683
444613
445606
452166
445951
445036
445698
445668
445844
455608
445241
446205
445545
444768
445214
451181
444604
445873
445552
445266
444767
446247
445415
446403
445506
461519
445574
444896
457064
445591
445756
446433
444512
446261
451770
446303
446237
444420
445639
445593
462906
445075
446046
444873
444767
445835
445983
445967
445493
446192
445934
460625
450702
445239
445828
445237
444985
445412
443944
451505
445895
445785
445366
445175
446237
457577
463638
445901
445854
446043
449606
482550
477537
456544
453211
445656
454631
468152
445102
444947
445808
445844
445159
471934
445172
445948
444940
445918
444938
449319
444655
445610
445719
444125
446017
452831
445888
445752
445461
444458
444774
446213
474368
446089
445616
445622
445763
445414
451443
446764
445982
444902
446067
446060
452509
445840
445181
445676
444656
445727
458079
445353
445903
445890
445969
446092
446668
444828
461857
445591
446154
444453
457830
445077
444622
445774
445093
446046
445716
445638
446139
444710
444553
445603
444622
451239
445162
446268
445678
446275
445920
452025
444489
452106
445901
445831
445925
456824
445847
445084
444958
444495
446016
454596
444831
444687
444746
445840
446060
446550
445825
444417
446109
445358
446130
445653
454765
444737
446458
453010
444358
444724
452193
523485
446808
446454
445869
445107
452269
445582
446394
444645
446589
446271
476216
446470
444893
445088
446428
446044
463174
445150
445688
446111
445109
536806
452682
446306
445263
448592
445559
446062
457466
446190
446086
445451
446512
445639
482533
446071
444648
446158
512113
445769
450309
445372
446314
446407
444792
446515
482767
446402
446393
446542
445401
445899
445684
457569
445699
444614
445512
445695
445553
452685
445698
444663
445592
445539
445904
458198
446084
444396
446166
446020
445943
462360
461267
445019
445961
445373
445196
446669
444525
444830
445455
445995
444310
447847
455795
504193
444528
445348
444530
444143
445148
445932
445355
445452
444350
445274
452379
453789
445661
445554
445471
445915
476426
445770
444948
446248
445773
446114
452453
445362
444574
445743
444354
444221
450934
445864
444904
445568
445368
445537
456166
445649
445348
456444
445543
445122
445768
445980
444405
445718
445472
445295
445482
469628
444436
445194
445681
445756
444117
457799
445878
445916
445550
445718
445202
452567
445812
445256
444107
461781
445552
445697
445282
445840
444532
445518
444298
449113
445843
445725
445515
444887
445208
444362
467177
445275
444592
445348
445764
445502
452186
445331
444019
445906
445659
460841
458348
446059
446029
445453
446652
445361
450032
444500
445620
446078
444509
444133
450901
444902
445834
444176
445582
444136
445246
454963
444505
456427
467776
444054
453620
486773
475195
460298
457787
449555
491774
446203
444177
445819
445977
458991
445820
454902
444633
445693
444224
444080
444447
467175
445735
445149
445289
444416
445584
470709
461592
443834
445853
445829
444236
458295
445786
445859
445329
445930
444234
446307
445732
444388
445198
444001
443874
446396
444493
445388
446195
445893
445681
445206
456017
445849
450714
445413
443954
443975
469935
444342
445547
445440
445322
445471
451977
445326
445883
443971
445246
444116
455909
445804
443885
444395
445279
445338
459375
471804
445572
450609
445330
445608
451107
445601
444147
445859
445672
445401
446450
460306
444767
444096
444047
444370
443946
454382
444258
444212
445338
445186
445600
451200
445364
445723
445513
460070
444578
456707
446514
443937
445860
445421
444535
445668
445834
445250
443918
444397
445441
445560
452293
443745
443661
445315
444214
444465
474910
445787
446187
445247
444518
460753
451277
445763
445575
445484
445532
444588
450938
444150
444625
445813
445551
445716
456711
444356
445694
443845
446292
445496
451151
445905
444812
445733
444175
445438
463153
445115
444094
453979
473116
460650
446171
444599
445808
444208
444566
445739
446271
466682
445728
444348
445818
445603
445481
498936
444842
444109
445518
444119
444351
477838
460718
444476
444359
445827
445755
452191
444653
445514
445188
445466
445420
445667
445774
445315
444232
445981
444004
447281
444952
444306
445408
445394
445129
445123
446009
444058
460836
446287
444557
445220
469844
444724
444387
445583
445360
445453
456944
446054
445733
445604
444182
444211
451416
445337
444590
445653
443916
445945
444823
445573
445534
445472
450375
445498
446463
444283
444275
445587
445867
445109
445614
466916
445487
444255
445366
444686
443860
451185
445438
445159
445709
445671
445797
457729
445863
445667
444590
453296
446141
450365
444795
444827
445723
445426
445783
446008
445008
445532
446612
444703
444153
444135
453957
445879
444753
445342
444526
443819
450814
445542
444342
444635
445901
457282
450319
445426
444062
444998
445567
444717
459347
444894
445797
444795
445158
444866
445850
445812
445801
444619
444713
445484
449658
450365
445651
445733
445803
445330
444314
462729
446156
444386
462356
444031
445397
452473
445584
443989
445493
446673
465011
476181
462640
447413
450662
458976
465240
474917
445794
444247
444692
444437
444471
470249
453476
446078
446262
445599
444687
460849
444597
445470
444950
445524
445495
445127
445935
445757
444003
445329
444569
450284
445652
445905
445569
445871
445479
444643
450030
445377
461304
445626
445542
445676
475872
445880
444538
445450
444043
445917
450390
446454
445633
445663
444356
444281
449772
444175
444629
445779
444474
445892
451959
446335
445807
445092
460784
444531
456984
444869
444518
444744
444495
445523
444243
468999
445764
444145
446048
444561
444613
458216
446143
446179
445976
445962
445905
451647
445467
444364
445288
445395
454472
450381
445836
445300
445465
446211
446024
457036
444415
445346
445703
445670
445345
444419
456893
444491
445467
444404
444158
444139
467841
446118
444238
445432
444414
454124
457247
446003
445696
445837
445069
444766
450490
446353
444546
444293
444608
444403
445179
446180
446165
445241
444729
445281
462410
446493
444586
445542
444048
449104
450482
460356
445986
445950
444338
443876
445559
452375
457702
445258
444287
445819
445761
457278
446039
445417
445555
445667
445643
459634
478483
468530
466787
470359
449150
482736
471744
463477
468696
459258
443842
472174
445132
445678
445679
445297
444590
468025
444175
444408
444597
445609
444001
455790
445686
445987
444859
445877
444681
458110
446318
445770
459833
445890
445846
445234
454848
445511
445587
444146
445123
445182
451280
445358
444174
445508
444170
444259
456334
445950
445457
445637
445593
445172
455686
444473
443908
443995
461259
444020
445678
444397
445261
445471
443795
445059
451264
446575
444119
444939
445324
445098
445748
445789
446163
446250
444770
444237
445393
450537
445930
444340
445716
444364
453818
457373
444321
445470
445694
444243
444169
450016
444659
444555
444174
445338
444947
451136
444228
445861
445946
444328
444274
455662
444426
444086
445807
445227
445401
453606
451066
445435
444173
443755
445376
445694
451882
445571
445697
445486
445171
445246
462935
456206
445495
444428
445754
444197
458078
445730
458573
461507
444306
445912
452340
468226
444648
446025
444870
446264
467659
446242
444580
444152
444548
461401
445713
448003
445267
444613
443911
445454
463675
464103
469757
467058
466798
446255
444313
457100
448796
445875
445591
444437
444787
467531
444393
445148
444560
444182
445672
466977
444727
445700
444376
444745
445271
458207
446408
445795
444683
444644
445889
446240
444584
446353
452581
445938
445496
453128
445975
444313
445876
445410
444330
445782
444994
445794
444991
445465
445752
444155
453536
445571
445432
445205
444366
444326
451290
452426
445997
445397
460066
444177
456560
444532
444557
444038
445798
444749
454921
445454
445355
444595
445858
445454
446199
454530
444242
445508
445417
444245
445183
444841
444832
444540
444300
445467
461699
451378
444557
445317
445930
445620
443779
450709
445167
444419
444218
445806
445632
463469
444386
445356
444528
444576
445568
459807
445564
444226
445608
445576
445472
452492
444700
445346
444543
445867
444227
444383
456749
445622
445708
445547
445532
444538
452152
445960
444654
445357
445939
444357
465304
445869
445330
445900
453665
445996
455138
452140
445237
445437
445305
445077
449707
444418
446123
443960
444797
444314
444176
446177
445207
463684
445061
443940
444457
458422
450327
461239
460489
453169
461371
474147
445724
459806
444547
445579
445465
468910
443981
444483
445871
444415
444938
473669
445408
445519
445555
444384
444067
460676
445704
445594
445282
445875
444371
446232
445608
445594
450948
444647
446298
463739
448434
445281
444427
444248
445128
444581
444677
445493
444209
443964
444244
445764
451078
444381
445203
444398
445475
444441
458394
445917
445311
444935
448260
445262
451547
446006
445573
444429
445265
445222
457047
446274
444702
446154
444405
444211
445143
446499
444930
445636
445124
445674
446149
451891
445656
445377
444448
445830
461397
450892
443907
444572
444038
444126
445134
458488
445896
444491
444356
445544
445888
450484
444182
444570
444328
445959
445161
445343
445459
445328
444232
444136
445082
444372
460666
446045
444088
444859
444864
443954
451332
444863
443917
444517
445687
445316
452206
445683
445685
445007
445600
445662
465040
445930
445806
446026
445445
444468
451165
445067
456240
446337
444207
445306
449890
444580
445420
445835
445559
445575
445402
457680
445951
446083
445435
445696
444027
458773
443695
444839
444743
445612
444931
466116
443731
463076
471278
461189
465549
481438
446214
476652
462077
445449
445565
468127
445422
444156
444185
445298
443944
447082
446044
445918
445632
445919
444345
449454
446300
444659
445627
460272
444135
444599
454337
444294
444336
444359
444665
446049
452229
445878
445572
445634
445624
445374
457570
445387
445505
445830
444809
444560
451808
445272
443910
443863
445798
453744
445864
444079
445528
445614
445721
444710
447532
444904
444109
445536
445446
445644
445567
446075
444384
444282
445652
444452
445556
451728
445710
445399
445929
443980
455781
457088
446387
444680
444480
445684
445842
450980
445709
445983
446032
444620
445644
453861
445775
444589
444253
444327
445545
463213
451496
445791
444655
445447
445532
445576
457288
444093
444708
444606
445627
444610
450854
445338
443797
444011
445445
445217
455743
444665
445534
445645
445432
445667
459314
445914
444271
444731
444309
445623
452937
444595
461137
445145
445707
445991
446054
444877
443925
444673
445884
445525
444357
451896
446037
444158
445329
444364
445869
450561
444356
445464
448637
444466
446004
472530
445172
445755
455521
454721
472389
481296
470610
461352
479208
446144
444489
465609
445907
446004
445762
444310
445180
465968
446062
445842
446023
444829
444427
458913
445705
444368
445743
460072
445990
452195
446457
444480
445641
444298
445229
444452
455680
445662
444283
444568
445440
444515
450916
446076
444963
443923
444143
444744
481883
445468
445801
446186
445304
460402
456016
445816
445720
445929
445074
446075
452041
444088
444065
444597
446151
445921
446700
445493
444868
445646
444971
445941
445249
457021
446219
446023
444709
445721
447158
451962
444795
445669
444403
445759
445594
450830
445950
445586
445920
444302
444339
464192
446007
445857
445531
444972
444217
446054
445895
444591
444364
445615
445731
444863
448847
445634
445545
445560
445887
444813
457087
445937
446220
444384
443947
445706
452049
444721
445671
445868
445988
445800
461630
444791
444108
445710
445550
445318
446553
445964
461437
445766
445830
444909
447223
445765
444702
444127
444642
444264
444404
446369
444509
445196
446039
445611
445700
457083
446111
445699
444360
445316
444360
471257
462660
445965
460325
445519
445751
451935
467777
479491
454566
478714
461031
472993
446096
445690
445102
445845
444186
461826
445556
446094
446219
446236
445667
457871
444650
446153
445304
450455
444545
456658
450034
445005
445230
444580
445690
444192
445877
445026
443987
444809
445821
445589
450733
444077
444560
444559
444653
445559
457372
446117
444742
445473
444280
461091
451196
446295
445603
444377
444498
444737
451373
444983
445832
446014
444392
445263
444474
446094
444350
444400
445520
444082
445553
451903
444399
444281
444526
444756
445741
467044
445931
445494
444428
444868
444370
457815
446021
445560
445840
445694
445436
449562
445916
445447
444335
445602
444491
452049
446212
444193
444159
444854
445955
444179
445092
451045
444308
465243
445991
445576
450911
445416
445741
445963
446015
444020
451291
454542
449434
446039
445558
446342
473314
446148
445504
444086
446012
444138
467577
445661
455273
445491
444848
444816
453244
444591
444352
444544
444712
444417
446127
450621
446347
444214
444370
445193
445519
451649
445406
445400
444124
445537
444458
469945
444748
445431
460176
448189
444460
456731
445649
444337
443861
444805
445510
449442
444462
445569
444551
445538
444520
446772
444123
444349
445387
445651
444624
443980
454554
444836
445781
445201
460323
444165
470078
445381
444190
444272
445729
445220
451324
445735
445541
445113
445510
443961
457143
445409
465200
455812
478413
469244
466115
444356
443859
445026
445503
448112
457242
445524
446485
444286
445720
445499
450884
451847
446311
446021
443980
445441
455506
448827
445981
444163
445369
446436
445919
450275
445557
445435
444641
444883
444158
472836
446216
444400
444140
445557
445175
452028
445591
444370
444281
444417
444015
461005
446280
444849
444375
445893
444997
455812
445929
444399
446059
444265
445518
445900
445793
460449
444802
444418
445375
444339
450570
445925
445569
446050
444469
444511
456855
446212
445790
444256
444845
444843
460393
445704
444227
445610
444138
453032
446440
444874
445950
450965
444386
444362
457031
446457
446123
445981
444734
453808
445972
445195
444760
446386
445561
444153
445363
466105
444631
444924
446016
446092
445414
475871
445572
444945
448378
444541
444785
452414
445712
455573
445926
446128
444736
451616
480757
476489
445815
446096
446266
462417
446270
444783
445834
445589
445586
454562
446075
445830
444860
444676
461090
446090
450837
446236
445938
444234
444758
443813
474031
446072
445790
444627
446365
445487
451696
445744
444636
445924
445898
444878
473140
485231
485071
485545
485340
485224
498658
485302
444879
444894
444455
444387
468349
445871
444952
444556
444668
445944
452220
444837
445524
445582
444413
445720
456943
445984
445569
444275
444703
446292
446221
456382
445789
445022
445723
444835
449195
446178
444436
445532
444671
444674
445991
456187
446338
445733
446182
445962
444880
469119
444794
444473
445009
444713
445679
455032
452963
444631
445773
445588
444652
458764
444485
445627
445322
444852
445657
444841
444914
446161
444697
445809
444351
453836
446376
445782
444991
444667
445544
445715
446513
446131
455269
445938
444474
445816
452091
445870
444529
445570
445821
444495
451740
445625
445711
444471
446026
446018
494447
446613
446432
444726
444988
445141
463401
444256
445272
445985
461251
445222
450139
446292
444942
444945
444457
445808
452491
445568
444657
446123
445877
445464
444212
451651
463980
455345
468630
467386
468674
465931
445540
444332
445712
455961
446460
497424
463187
445612
446365
446020
445713
465919
445852
444729
445358
445544
453065
467617
445907
446151
445719
444339
445524
465621
445723
445947
444338
445923
446355
469501
444856
444657
445998
445940
445842
447387
446347
445332
446235
445850
445724
445661
445153
455709
446276
446299
444856
446058
451121
445378
444629
445764
445917
444238
451512
455863
445904
446214
445940
444294
456685
446997
444572
445607
446012
444574
454580
444334
445839
446717
448826
446629
452438
445615
444269
444637
446241
444969
445472
446311
453793
445987
444996
445998
444287
452145
444540
445029
444315
444726
445988
450688
445884
445740
446045
445082
445881
469342
446672
445945
445059
444954
444832
446750
446690
446161
456968
445110
444622
450127
446724
446430
445804
446054
445063
445562
455092
445949
444795
444682
446152
446326
453624
446601
445814
446081
444646
444976
469366
444875
445200
446585
462235
445973
456213
446365
444693
445754
445861
445850
446451
445078
445719
445526
463157
444246
450813
446012
444189
445637
467174
470250
460367
453013
479406
446070
444611
448867
445962
457466
445923
445814
444115
445876
445827
467440
445709
445397
444205
445322
445801
474616
446368
444938
444739
445830
444620
467439
446078
445941
445632
444754
445809
480555
544876
467842
483484
445942
444703
477484
445867
445920
446461
444295
449525
451155
445848
446002
444466
444217
444448
445854
444318
444374
445490
530221
446146
448505
448178
445924
445991
444618
445033
446761
446079
447871
450289
444891
446134
446167
454939
445868
446021
445977
445927
445998
476813
445761
444916
444941
446244
445097
452992
446189
460252
446151
445728
445487
452424
445588
449548
444857
445097
445834
456941
446274
444716
444618
446059
444605
455755
446315
444618
446821
446046
450812
451467
444722
445795
446258
451082
445634
445954
445487
446099
444371
445917
444459
445930
450921
445947
446146
444689
446093
446136
452337
444653
445968
444642
445905
445545
465542
446275
444953
445876
448903
445821
446295
445906
446274
446090
445120
445631
451991
446246
446365
445711
446099
445026
444904
455303
452733
444653
444151
444779
470334
468957
444927
479595
446563
446043
461050
469963
445731
446288
445941
445915
445528
475774
445216
446057
446340
444780
445306
463716
444618
445984
445914
445701
444444
446439
463670
444785
445710
445562
446520
462254
445703
444531
446260
446055
445114
446110
457201
444891
444595
446069
446140
444532
452801
446201
445969
444452
446097
445777
458455
445984
446071
445894
446275
445886
451941
452330
445968
444720
446032
445674
450420
446169
445398
444703
444892
445640
464173
446815
444776
444893
445929
444046
444500
445346
445748
445707
445515
446184
444595
451302
445890
461190
445773
445655
445866
457726
446277
444695
445075
446155
446095
452436
446213
446139
466214
445849
445628
463722
446053
444819
446140
446188
445753
454161
446214
445793
444885
456500
444701
451335
446771
446066
445779
444600
445868
444287
460729
444669
446250
444622
445341
445544
473449
446075
446028
445676
445612
444581
470494
445919
444961
445869
451770
446171
451302
445233
445848
445524
446180
445807
446631
446411
444945
444733
445545
444689
451029
444698
445822
445401
444683
459971
446024
446024
445834
446163
444325
445909
461507
485793
473570
468460
465753
487768
444120
476645
444721
445766
444573
445360
444026
467789
445672
445985
445548
445806
444775
473033
446084
445933
445714
445913
445489
475251
446097
444763
446285
445502
445800
461427
445965
444026
446296
445183
446116
446602
446051
446231
445709
446002
445164
445019
444773
444476
444929
444249
444408
445534
453366
457637
444013
445543
444454
444681
458288
445543
445661
444121
444720
445896
469582
445770
445412
444785
445949
445266
458354
445678
445552
445779
446254
445606
456676
446787
445451
461814
445745
445648
446274
445860
445625
444567
446260
445532
445823
451038
444564
445845
446006
444991
446297
476509
445764
445309
445043
445821
446046
467569
446098
445598
445720
451074
444582
449736
446209
446070
445633
444463
445671
445393
446170
445970
444287
444556
444695
451030
444789
444657
445929
445624
445917
445505
470381
445726
446152
444301
448883
446050
457610
446272
445750
445869
446126
444396
452026
445836
445977
445795
446384
444689
451407
445696
444635
444710
445606
445867
456618
445065
447062
446264
446369
444958
472768
463636
484574
468727
473541
459201
456425
445931
445723
444733
445457
445902
446076
451708
445657
445260
445434
444240
445511
467884
445961
444153
445216
445441
445986
470736
446280
445326
444895
445684
444575
475721
445794
445935
445649
445614
445689
451023
445358
445731
445668
444471
445333
446202
445826
445337
445688
445286
445762
445602
445266
452952
445877
444125
445631
445656
451175
444241
445333
445637
445310
445577
468729
444264
445952
443975
444484
445197
458230
445262
445244
444324
444236
444345
450584
445552
444187
461073
444820
444072
446004
445494
444332
444020
446407
445526
444372
444858
444057
445337
445368
445313
445132
472344
444329
445215
445357
445407
445405
451486
445410
445251
445118
461714
445448
457634
445732
445402
445014
445649
445367
444385
445476
446047
445195
445413
444162
444776
445877
444025
445512
445381
445623
444323
459956
444116
444948
445375
449083
445741
452446
445800
444102
445263
445495
444058
451570
445680
444234
445599
445593
444490
456806
444775
445573
444120
445004
445402
449565
444543
445308
445715
445395
445386
463210
445706
443581
445651
444320
453884
471020
467459
482928
486787
485402
486807
487120
470926
444617
444378
445579
445101
449385
445167
444282
444386
444593
444445
445462
459711
444938
445651
444267
445438
444081
469853
445623
444132
444824
446285
444297
452000
445778
445208
450767
444209
445812
456410
444514
445541
444890
445812
444648
446224
445594
450596
445531
444443
444625
450539
444239
444991
444199
445250
445451
445308
460308
445579
444300
445745
444891
445728
467593
444975
445597
445436
445875
445461
451806
444434
445657
461475
445752
445830
455992
445452
444336
445507
445715
445406
446225
445485
445987
445608
445545
445690
447631
451522
444424
445973
446113
445052
445748
456385
446099
445515
445580
460386
446075
451984
444485
445771
445776
444336
445477
451298
444058
445651
443974
445074
445392
457276
444887
445366
444711
445905
444731
459529
445814
444447
445374
444613
450660
449687
445254
445890
445535
445368
444371
445429
457619
445636
444977
444829
445735
444565
451216
445104
444305
444967
444640
445670
451434
444478
445546
444971
446126
444357
452521
445655
445616
444419
457844
446010
445841
445420
444404
445399
445711
445597
445168
445863
445668
469503
460909
475048
472272
454573
445450
444014
445847
446000
444870
467601
461511
445532
444087
445276
444340
470034
445898
445711
444383
445656
444888
472800
446296
445676
443739
445487
445597
451913
444219
445793
445747
445768
444823
449934
445698
444389
453468
445375
443695
444574
445651
445301
444082
445772
444081
444516
470126
445471
445580
444653
444440
445611
449858
445248
445851
444389
445695
445598
455558
444535
445838
452820
445366
444261
444369
444530
443762
444026
445466
444367
451800
445542
445324
445501
444217
445630
443938
475216
445971
445139
445328
444471
445804
451646
445364
445333
445535
451860
444239
450414
445077
444958
445549
444282
445106
455501
445533
444033
444700
445281
444981
451181
443845
445092
443945
445643
445501
445551
459066
445415
445322
445378
445029
461162
457899
445415
444159
445391
445176
445250
451090
444514
444032
444003
445279
443629
450772
444278
445446
443895
444671
445475
446409
444592
444138
444219
445374
444373
450737
467491
445608
445590
444463
444610
444592
451202
452744
444638
445572
445982
444159
457218
445913
444488
450432
478085
449179
480420
458333
445433
445630
445925
445809
469828
452955
445580
445623
445252
444182
469199
444936
445732
445224
444815
444318
449455
445654
444566
445741
444272
445267
445254
444269
444573
444204
444334
445708
445487
457226
445890
456286
445091
445609
445032
452356
444565
445728
445402
444696
444558
466543
444253
445944
445407
445723
445559
466220
445758
445470
444104
445594
445409
445111
444517
446072
445797
466630
444440
445630
444806
445572
445673
445608
445707
445121
457684
444474
444244
451707
446054
444501
470440
445181
445047
444079
446146
445188
474050
444494
444006
444991
444669
454516
465645
445937
445737
445556
444241
444152
454602
445784
444812
444420
443883
445176
446945
445895
444870
444305
445448
445999
445808
476061
444819
445380
445759
445640
451985
451146
445494
445951
445351
445959
446003
450841
445111
444353
445779
445631
444504
456196
446091
444632
445531
445741
445484
444972
445744
445653
445792
445844
444573
445288
471708
445515
445772
446156
444284
445462
457814
444464
444321
444754
452069
444579
451280
444074
444251
476319
485017
460483
474176
445564
444641
445918
444227
444336
473857
445908
455025
445457
445870
445170
462446
444670
445501
445699
444583
446001
454624
445945
445752
445839
444325
446401
457518
444788
445975
445472
445887
444845
445693
450305
445865
448557
445983
444830
445709
451553
445555
445565
445561
444235
444873
471657
446099
444319
444291
445866
445724
452370
445806
445679
445808
445372
445286
451147
444313
445674
444484
452701
445970
445481
444913
444576
445711
444556
444747
446064
451350
445798
445385
445625
444548
446072
470178
445462
445907
446297
445731
445743
457408
458770
446162
445640
444608
460515
450990
444060
445803
444945
444568
444261
467774
444282
444302
444157
445152
445392
444139
454068
445820
445703
445186
445522
445443
471013
444687
444186
444531
445755
445914
463811
444445
444094
445420
444436
445512
456251
445938
445495
443961
444624
444837
446366
445573
445019
444684
445864
444583
446478
444150
444501
446000
445916
445618
445719
477721
444952
445793
445823
444641
444274
452118
445727
445703
444452
444091
445983
451883
445994
458090
446088
445780
444078
472383
484696
476193
459231
457359
445640
465919
445795
461360
444578
444232
444816
458006
445671
445522
445692
445959
444980
467817
446304
444024
444160
445592
444390
444952
452968
445048
444386
445655
443917
445130
452800
445069
445277
459528
444137
445265
457721
445975
445828
444232
444169
444527
464391
445805
444338
445223
444478
445488
453180
446045
445657
445399
445562
445421
458346
445745
444524
444225
452456
444883
445380
444610
445504
444401
445587
445698
445957
451542
445888
445577
445554
445764
445508
475735
443993
444395
445490
445405
444349
452349
445740
445488
444964
445156
453810
446279
446021
444359
443929
444448
445834
459552
446665
446245
445355
445865
444573
444439
495450
445170
446091
445688
445497
444803
492256
478839
445163
445664
445740
446128
477966
444401
444733
445352
445844
445322
452181
444701
444292
444777
446314
445946
451423
444545
445915
445888
446243
445785
446542
446034
446198
444894
445615
446033
457452
452420
445124
444691
445490
445435
444551
445127
445538
445917
444377
445305
444288
456499
446074
445940
445379
444489
444847
470250
446332
444591
444752
473877
459930
484686
454308
461864
444502
445526
445819
471285
444622
444547
445971
444537
446095
453630
444544
445872
444213
445270
445531
451091
446184
445601
445454
445511
444825
444854
446764
446206
445922
460446
445641
446090
452305
445648
444787
445774
445525
446072
469967
445752
445746
445833
444959
445868
458284
446490
445964
445903
445500
445589
451671
445606
445989
445819
449510
450110
450216
445785
444197
444423
446098
444339
445577
446724
445855
445869
445702
445697
445981
469174
446118
445497
446001
446309
446226
452546
444869
446068
445810
445821
452042
458133
445969
444877
446096
446449
446107
446935
446747
444730
444855
444968
444776
451862
445805
445413
445780
444704
444712
445977
461224
444423
445752
446101
445761
445718
467406
445709
445310
445790
446002
484906
470696
445107
445669
444559
444518
445554
459078
445949
444718
445766
444312
445830
450885
444555
445309
445740
445722
445591
451247
444830
455776
445667
445680
445214
456481
444641
445554
445562
445037
445565
444708
451264
445289
444720
444460
445616
445517
461304
446089
445505
452704
445833
445689
458627
464610
478902
466263
445151
445954
468245
445554
445727
444082
445255
445705
460925
445615
445714
444773
445791
446235
464242
446416
445635
445400
444288
445966
455035
448885
446011
444170
461256
445463
444637
449838
446049
445744
444238
443644
445622
476074
446005
444148
444496
445659
445229
468992
446066
445814
445975
444411
445852
451499
444569
444544
444322
445940
461497
446361
444853
445575
445776
445501
444713
444672
445715
446041
445651
445568
445755
444424
470362
444685
444439
445383
445477
467226
458063
444510
445682
446198
445415
450316
452032
445604
445849
446234
446058
445821
451795
446269
444668
463621
445331
446042
446755
445609
445883
445585
444225
444271
450556
452511
444110
445490
445332
445385
445455
458347
445731
443822
444597
445654
445151
457199
445690
444535
445560
444266
445985
451797
444639
444882
445953
445435
446218
449923
444867
445865
444802
443923
445721
464249
446662
460306
445044
445411
444867
446524
446001
444235
445808
446136
444206
445826
451740
444453
446088
445444
445855
446236
461652
446136
445959
445596
445931
446062
452430
463703
445892
461394
477565
467669
475163
445649
444322
445603
444159
444373
447066
444912
446497
444746
444860
445716
461377
446109
445716
445625
446852
444615
444510
450346
444637
445685
451361
445808
445673
473666
446203
444290
445210
445302
444433
470240
445768
445587
445319
444521
444313
452237
445467
444290
444916
444881
445682
455720
444764
446088
445992
445596
460700
450977
444511
445513
445596
444700
443780
445947
444691
445318
445845
444368
454159
444778
474945
445010
444923
444608
445904
445639
469056
445312
444311
445769
445966
444885
481703
444844
444659
444675
446110
445271
465752
445947
445873
445350
445897
444887
445248
444335
445811
446019
444468
444487
450473
453495
445565
444504
445683
445851
445700
463177
445704
444626
445369
445371
445847
451531
444301
444127
445462
444482
445796
451346
445739
445340
445791
446049
445472
455499
444964
444594
445276
445985
446318
454660
446064
451882
445468
444565
446124
444334
444665
446068
444422
444445
445731
445644
458192
444995
444814
445970
446088
445667
452340
446013
444702
445400
444083
445052
450535
444856
444896
459810
445919
462216
448488
446119
444518
468572
470338
472937
478145
487258
486888
487056
485345
485026
476247
446018
445777
444815
444532
445969
473443
446171
444269
444413
460216
446076
460738
445130
444638
444735
446175
446203
460198
445680
445810
444662
445721
445309
460314
452156
445682
445776
445427
445238
445859
450747
445852
445359
445890
445591
462234
452067
446006
445549
445173
446063
444803
460062
444760
445369
446151
444813
444541
461418
463238
445974
445669
446102
445984
445095
444888
453013
446341
445917
445714
463864
446452
445619
445733
445504
445919
445928
446525
444725
446055
444764
444262
445478
450710
445787
446264
444939
446192
445750
476869
446023
444839
444857
444728
444326
450305
455196
446157
445876
446051
444917
446092
445937
445990
444634
445892
445951
449118
445184
444834
445882
445841
445695
446169
451656
444997
446162
445661
444364
445443
469189
444433
460411
446153
444452
445151
457777
445991
446327
445674
445787
445552
450051
444968
445679
443817
445832
444914
445677
445753
446389
445578
445630
445501
444347
445554
444431
445774
461053
446428
446026
470778
446434
463510
444764
444546
478089
483911
456829
445732
445524
446113
445922
473168
446267
444311
446265
445693
445954
468074
446018
444206
445506
455537
445985
460253
444846
445657
446005
445268
445948
455729
444863
445703
446283
445636
446387
446872
446426
445753
444933
445761
445741
445822
449511
446627
446523
444533
445859
460688
458181
446135
445058
445646
444859
445918
451280
445664
445731
445985
445847
446217
459250
445664
446194
444655
445943
445561
446148
444906
444624
446184
444594
444565
446803
462204
445813
444753
443982
446065
445015
451225
444995
446182
444662
445872
444246
457402
446001
445575
445740
445918
445520
467030
445653
446118
444791
444364
445362
453000
449302
445227
444330
444599
445141
456863
446085
445923
443848
444645
445864
445578
444743
445299
445694
445652
445823
445671
451104
445811
444250
444873
445846
445402
475686
446231
451772
445336
444663
444600
450614
445588
445532
446118
444810
445276
445076
444791
445462
445805
445604
446583
457310
445097
444940
445080
445861
444170
445972
445836
446071
445559
460919
444649
445582
469048
445344
445566
444467
444283
444365
467423
445025
468718
451009
445588
444884
468315
446108
445749
444660
446240
446050
459117
446151
445733
445807
445783
456534
449603
446393
444812
444656
445131
445465
458628
446474
445807
446041
444444
444817
445993
456925
445715
445889
444713
445756
445993
457736
444882
445637
446165
444733
449867
452896
446226
444661
445501
445907
445071
451915
445686
446062
446122
446284
444901
454476
446395
444610
445028
446112
446337
452834
445945
444556
445259
446220
444688
445879
460475
445605
445540
445481
444365
444407
457698
446049
445864
445893
445708
445639
451548
444688
445871
444443
446117
446118
461450
444447
444402
444579
445851
444286
446071
444775
461446
445632
445470
444454
451278
445702
445715
445927
445807
444561
445899
444900
445418
445485
444330
445859
445541
456747
446057
445486
445696
446340
445979
469245
444506
445487
453648
445125
445977
451538
445823
445034
445502
445040
445571
446170
446085
444357
444650
445880
446035
459048
450266
446096
445688
445533
444394
444579
444786
445968
444247
453170
445943
444376
476660
444512
446011
446012
444802
445907
451940
445962
445469
450575
444717
456606
481562
445751
445033
445639
444683
445684
463680
444961
445818
444398
445652
461129
454101
444958
445329
445573
444474
444701
452764
450931
445981
446113
445812
445833
444163
445333
446400
445008
445828
445834
445845
451850
445941
445902
446014
446405
444839
476994
445044
444888
444355
444296
446309
457700
445848
446089
445602
445854
445776
451815
446082
446002
444887
444612
445583
452265
444909
445889
445891
444304
445963
445878
450335
446562
444455
445803
446083
446291
452108
444678
444722
445890
445822
445493
451471
445839
445882
445370
444939
444758
465048
446522
444807
445918
444573
445786
445087
445975
460431
446158
446095
445863
447676
445889
445725
445981
444168
445198
445855
445451
446514
445907
446005
445859
445132
451798
446297
445880
445787
445743
444782
470449
446064
445749
460620
444560
444739
456511
445575
444731
444725
444508
445347
446854
444237
445959
444204
444635
444932
451164
445598
444393
445526
443889
445553
444347
456601
445654
445528
445403
454506
445533
469920
444661
445417
445826
444204
445995
451743
445948
445515
446488
444673
444582
455360
458163
444829
445748
445352
479768
477449
446229
445856
445995
445956
454747
449830
446109
445606
445711
445563
445954
447757
450420
445839
445636
446065
445461
445729
460072
444185
445807
446001
445667
445987
451324
445863
445866
459742
445751
445832
473838
445781
444946
444540
446411
445920
452622
445892
444420
445751
445838
445626
476962
445475
445699
445654
444572
445465
452685
444807
446016
445434
445739
444917
445239
453140
446139
444945
445050
445997
444792
466566
444265
445037
445626
445461
445641
458483
445577
445889
445912
445536
445652
469961
445515
444688
445571
445805
446004
451626
444458
452960
445581
445510
445438
446204
444643
446036
445826
462354
446154
451866
446080
445663
444154
444597
446113
444736
445943
444744
445019
444090
445661
446218
476949
445976
444344
461637
446107
445933
452366
445402
445827
444814
446366
445464
450515
445828
444357
445724
444717
445812
445240
446266
445624
444676
444337
444235
445632
444386
445530
445583
444171
461545
445191
469753
445985
444299
445435
444608
445782
456869
446486
445906
446003
446227
444636
451234
445710
446159
445829
445775
454169
459835
469263
452324
444720
445836
449517
463756
445134
444637
446044
446355
445995
460714
444999
444981
446047
446236
446028
452655
444927
446097
445984
444386
444466
446149
471197
446583
445527
446174
445880
446287
469209
446330
445959
480191
446581
445746
451558
445904
445891
445362
444460
444202
468808
446197
445863
445049
445200
445539
451617
444557
445592
459236
445864
446011
446953
446358
452484
445500
445682
445461
448194
445274
445726
445995
445956
445837
445970
465663
446068
446094
445636
444565
445080
470062
445958
444640
446045
445927
445652
456904
445699
451695
446289
445776
444688
451754
445859
445789
445229
444271
445696
445139
445831
445697
445649
445750
445385
456390
445972
444079
445210
445201
445451
445738
469704
445220
444740
459928
444566
444368
450991
444826
445223
445452
444426
445354
457255
445703
444735
445240
457262
466806
469150
486513
486883
486741
486940
486882
493959
487642
446697
445963
461337
445865
474640
445960
445554
446102
445612
445871
450933
445756
446170
444817
444371
446107
451202
445764
446001
445909
445820
446077
445278
446124
455194
446471
452577
466517
484544
445916
444497
444344
445672
444774
454323
446538
445742
444952
444588
445731
445527
457463
445691
445744
444735
444432
445844
466579
444448
445484
444508
445824
445710
457956
444965
445224
444858
444737
445954
457731
445990
446189
444519
445791
444844
462051
444487
445782
445845
446267
446009
449852
445994
444533
444465
445154
446097
445822
446806
460263
445874
444496
444641
444345
451294
444504
444560
444652
444557
445684
483655
445475
444745
445871
445853
445640
477475
446237
444529
445847
446268
444523
451362
446021
444482
462127
445027
445786
445273
445964
446191
444504
446006
445698
459008
444731
445738
444600
444623
444394
445236
446183
445511
444606
443984
445188
444501
469379
444166
444354
453099
445935
443933
458449
446057
445596
445683
445587
444787
451597
446265
446064
445430
445028
444286
444635
444818
445757
444543
445791
443904
444906
446336
444610
444502
444710
451401
444704
465885
446003
445191
445923
445760
444630
452267
445889
445825
444456
444922
445307
456857
445121
444189
446002
445439
445611
451138
445184
446043
444330
445797
446157
470859
444758
446175
444520
478598
472374
478883
444840
446037
445572
445869
445921
452134
450010
445779
445875
446056
446144
445909
460446
446098
446029
445962
446246
444448
481178
446903
444676
445794
445701
445919
452993
446056
445708
444626
445979
444820
461568
445689
445030
444419
445605
446112
446665
446036
445895
446280
444462
444923
445100
445977
454305
444649
445944
444963
445690
444824
444776
444572
446130
445576
444467
458739
446427
446169
444903
446244
446259
470291
445951
444785
444482
446432
445190
451903
444963
445705
460634
446059
446048
447202
445857
445861
445940
444633
444153
451873
446155
444563
445826
445835
445023
445964
444829
444282
444431
444632
445564
444552
475982
446188
444889
445319
456867
445957
451415
446385
445894
445762
445926
445691
451250
445111
444744
445278
445430
445704
449526
445324
446194
446221
445206
446118
445846
444914
444708
444927
445458
452083
445118
457192
444687
445948
446047
444207
445787
460064
446041
446133
446239
445092
445497
451977
445825
445829
444807
445811
445730
451829
446021
445605
445787
444718
446041
454735
446701
444523
444739
462116
444795
448971
473026
475900
459387
446192
444486
447663
445882
444602
444284
445464
444636
445732
458068
446032
445965
445787
444143
444866
467387
457260
446318
444733
445807
444762
468211
445934
444371
446307
445770
445629
473250
446060
444745
445724
445851
460046
483100
539365
467773
483622
446488
445358
451668
444203
460145
444763
444698
448745
458314
444717
444441
445571
446062
444069
446049
444630
444270
445697
528774
444410
462261
445899
444335
445724
445069
445294
457492
444618
485400
454560
446081
444382
445749
445805
445390
445781
444533
445405
445122
451955
445177
445722
445231
445278
445044
459097
446249
444686
444490
445868
444201
464160
445807
445059
445829
454975
445524
449773
445701
445843
444434
444664
444356
447559
444558
445616
444328
444819
445950
445777
452372
444586
445407
444376
445491
445669
450753
445882
445474
444392
445530
461713
474020
446197
445651
445883
446011
444378
452005
444150
445729
445951
445686
444049
450611
445259
444397
445517
444683
445701
457117
445868
444447
444231
445768
445875
444905
460339
445903
445752
445264
445797
444331
470455
451589
445774
449367
474241
464759
472317
444952
444960
445583
445594
443956
468047
445412
445371
444634
445387
445771
467886
452629
445724
445575
445567
444219
466654
445772
445166
445203
444607
444628
459863
455009
445737
445309
444484
445161
450923
445437
446049
446322
445821
446209
445773
457311
444705
460467
444316
445426
445560
468209
445840
445963
445465
444420
445521
467434
445934
444593
444381
444457
444334
471435
445133
444254
445708
445838
444538
446202
444564
444549
445986
449588
445708
451199
445828
444274
444540
445355
445079
444599
445696
445915
445566
444735
444626
444719
452156
444615
445712
446357
444872
445737
468748
445925
445715
446135
451737
458451
456801
445927
446150
445939
444607
444363
450845
445586
445114
444776
444883
445726
445212
444387
444697
446019
445551
445747
445773
445433
445988
445528
445245
444292
461842
469261
445497
446112
445707
445830
445767
452240
445706
445803
446323
445949
445681
456612
446023
445511
445222
444856
443936
445777
444831
445225
445822
444783
445901
450078
460282
446023
444424
444136
445736
445718
457630
444841
444813
445546
454230
446031
467106
445839
451709
482362
468526
451226
466937
444669
444690
445029
445668
445622
473999
451926
445956
444896
444457
445805
466468
445897
445777
445719
444556
444672
458711
446105
446066
445040
445871
444600
447061
446203
445141
445019
457496
444429
450361
446057
445588
461128
445482
445403
444430
444500
444669
445542
445752
445738
445740
458265
445478
446021
444703
446251
444654
473023
445769
446300
444670
444850
444372
451122
445749
445821
446368
461655
445948
446493
446178
444042
446379
444548
444446
450481
445830
444347
444356
445949
444309
444124
446760
446048
445503
445642
445804
446254
476117
445321
445454
445283
448549
445987
451109
445890
444481
446175
445882
445880
451017
445862
446311
444844
445927
445954
444812
444847
446100
444896
445897
445794
446035
444731
444957
444511
444453
444852
452137
466384
444263
444133
445791
445877
444351
457170
446354
445574
444986
444266
446060
451965
445763
446102
445004
445910
445817
451543
444892
445889
446134
444704
444503
454989
461969
444973
445958
444667
446310
451130
453687
446084
445812
446126
445694
444529
451027
446039
462088
446087
450818
468467
486541
459061
444387
445040
444742
444765
467942
450201
444542
444766
444711
445111
466877
445827
444568
446032
444624
445824
468755
446192
445090
445998
444319
445073
445173
445878
444597
445761
446071
444717
452050
446341
446161
454426
444840
445844
445526
446651
445161
444689
445886
445861
445824
452062
444854
446063
444527
444727
446445
470203
444484
445942
445666
443875
445766
457669
446209
444725
444477
461512
446009
444973
445791
445847
445957
445904
446109
451460
444983
445908
445532
444669
445825
444605
446547
444536
444837
444533
444869
444697
468671
445952
444894
444326
445793
461855
452153
444749
445521
446005
445699
446759
458408
445917
446116
444849
444524
445756
444908
446371
444655
446289
444703
445076
446501
444507
445784
445322
444757
446243
448943
458402
445402
445731
445911
446168
444728
452079
473967
463188
446462
444822
445285
451444
444746
445994
444256
444943
444662
458748
445025
445589
446092
445708
444664
445458
461493
444385
444782
446274
445916
454216
445312
444831
446272
445790
445775
444609
456389
446434
446439
444391
446150
454732
450571
445721
446144
446385
461976
486935
489529
464358
452000
445976
446047
446162
471601
445718
445048
446179
446084
445817
470785
445928
444657
445884
446098
446230
468130
445588
444430
445088
446091
444376
455676
446196
445600
454260
446143
446023
450464
446053
445974
445416
445200
445569
446497
445435
445035
444981
445653
445899
445040
477239
446299
446553
445838
445052
444758
452402
444619
444496
446180
460732
446081
452170
444774
445830
446108
444382
444598
455487
446199
445493
444625
444774
445630
445354
446060
444533
445706
445145
444550
445800
457557
445489
445403
444530
445889
460527
457216
446028
444280
445028
444332
444564
451518
446037
445182
445557
445482
444479
462405
445020
444381
444524
445496
445515
446318
446139
445599
444627
444816
444853
449059
450034
446406
444798
445911
446089
446211
444612
445825
445071
445723
444385
445965
458051
444718
446363
445078
444603
444918
452235
446346
446297
445933
446128
445604
453240
453364
444759
444676
445365
444686
451275
451511
445982
445761
444918
446058
445433
444589
444641
444124
444220
445956
446142
446114
445941
444569
461940
444804
446005
458045
446475
462060
445729
455264
469035
475124
465632
452761
473509
445888
446041
467514
444432
444674
445936
444936
444935
473880
446219
444978
445763
445628
445938
463576
444948
444333
450411
446367
445879
445284
445738
446334
446114
445922
444732
445142
446239
446331
445528
445976
446058
444373
458682
445715
446135
445756
445611
444441
452352
445086
445974
444683
461490
444736
457442
446151
444765
446209
446407
446368
452724
445431
446086
446032
446104
445686
445349
445828
444956
444779
444511
445689
449434
444852
444902
446247
444909
444896
459731
445199
444405
446189
446275
445813
445520
450676
444356
444499
444292
446524
445936
456432
445962
444445
446328
444829
444636
451892
444645
445839
446321
445175
444160
450591
450129
445586
445206
446029
445990
445527
444708
446435
445933
444917
445231
445825
444462
445618
445371
450133
483575
446316
452710
445835
445780
445506
444427
445811
457116
455607
446208
444826
445812
444926
468379
446246
445524
444091
446011
445989
461660
445625
445016
445481
446017
446174
445050
446012
445788
446011
465991
446538
452423
455382
446319
460272
445174
445111
446320
466636
474827
476567
460459
455281
445801
449906
463957
444762
445418
445628
445387
476244
445865
445985
444644
446292
445885
468196
446382
444420
451419
445444
445421
474870
446459
446097
445989
445798
446175
451990
446003
446394
444883
446633
445160
453606
446311
445635
446368
446196
445525
458526
446466
446259
446420
446363
462225
446224
446140
444483
445131
446490
445891
444606
452153
444848
446119
445733
445882
445938
457972
446586
445568
444628
446101
445887
465512
446345
445833
445616
445993
444658
466160
446387
445912
445884
444904
445930
457165
446369
446114
445862
445668
445833
444453
444305
445817
444823
445685
444629
446167
452240
445837
445794
446123
445462
445885
480479
445214
444413
444919
445445
446018
451431
446045
446344
446439
445884
446073
450078
446416
446236
446180
444851
446024
458615
445230
444874
445150
446293
446600
445123
445227
454805
445825
446119
446198
445659
470781
445996
444991
444958
445850
445863
456830
446528
444478
444336
445783
445468
450589
446052
446053
445906
445800
445761
451238
445938
446119
460774
444945
463237
456485
445877
445742
462801
460183
464134
480142
461251
446474
446795
446008
444549
456623
445479
446003
445825
444756
450517
445190
455594
445794
444958
449868
444845
445996
468013
453882
446370
446029
446065
446109
467686
446659
445083
445801
445367
446406
477014
445972
444956
445178
444865
445048
450669
446462
446452
444846
444723
461810
446406
445108
444987
444509
446491
444567
447233
444917
444945
445828
444935
444675
446159
451175
445760
445706
446225
446102
446026
470230
445203
445298
445731
446419
446212
474425
445912
445835
446082
445174
445775
451823
446292
444833
445726
444991
445967
452465
487026
477531
444238
446053
445108
446485
446205
446151
445097
444280
445264
451720
459584
445768
446113
444680
445831
444352
444834
446325
445700
446248
446140
445073
457122
446225
446065
445083
446116
445629
468015
446034
444943
445580
444856
445600
450026
445976
461761
444499
445985
444714
455802
445531
446766
445382
446256
446197
449079
446100
444745
445568
446201
446353
445596
446630
444793
445968
446115
446096
446133
457802
445184
444242
462192
445945
444987
452130
445900
461700
445375
445226
444733
462674
469554
465428
454768
469034
471343
472293
445930
445981
445526
446541
444575
461205
444534
444594
445074
454326
444960
451089
446015
445907
446295
445991
446279
448118
449569
444719
445724
444484
444403
445942
456609
444299
445718
445532
445956
445664
452218
446509
446150
445825
445914
460324
459361
445978
446619
444416
444727
444768
452072
444800
445542
445066
444611
444094
446595
445952
446050
446039
444752
445843
450395
446507
445502
445994
445879
444582
446101
450118
444807
446123
444687
445111
445730
452380
444687
444950
445938
446015
444974
458230
485486
445231
446182
446176
445101
452337
446292
446055
445912
446163
446202
465929
454067
444757
444465
446014
445792
446281
444850
444985
445990
446119
446310
447388
446198
445112
444707
446208
446382
446260
449778
446896
445472
445897
445722
444866
458055
444550
461134
444763
446169
445609
469647
446256
444330
446223
445559
445985
451659
445858
444982
446574
445954
444308
446754
444741
445447
446072
445017
445738
446850
445915
446145
445088
460608
444125
445220
451276
445010
444880
446019
445323
448061
473203
446770
446020
444386
446291
444973
475962
467521
467217
462442
462840
463256
466353
444915
446218
444752
458132
445777
472578
445314
444807
445162
446237
444533
460625
446652
446178
446252
445867
446218
455555
445353
445049
445751
446453
444894
446587
446244
446361
446089
446002
446274
461967
446342
446109
445906
446107
445795
445785
450444
444863
446010
445961
445825
444730
457789
446061
444697
446388
445780
446092
461271
445884
444605
446109
444654
444887
447378
444681
445725
445727
445791
446030
458540
444917
444413
445093
446054
445546
445832
447685
445900
444970
445961
445801
444710
451778
445412
445950
445778
446135
446017
475782
455304
446644
446212
445043
446315
452509
445567
444468
445574
445778
446226
445201
446313
446271
445959
445883
445080
459095
446054
445937
445982
446311
445607
446269
445253
445890
462151
444739
445712
445793
470400
445798
444855
444836
445347
445394
476379
445037
446348
444802
446253
446220
453871
445008
446530
445716
446451
446161
446349
446482
446145
446285
461931
444503
446924
445922
446007
445732
446039
445855
445806
458099
446145
445655
463469
445541
465206
481168
461370
445435
444144
445797
443917
474752
444665
446395
446127
455797
445960
466808
444888
446019
444350
445016
446253
467411
444991
446067
444769
445634
445797
467912
446509
446345
446562
446117
444469
445155
445537
444607
445969
445148
444382
468150
445784
444629
445713
446291
445729
445868
456257
446002
444715
443783
445383
445430
451674
445855
444796
444473
445392
444379
469765
445329
445528
446047
444513
444618
456298
457437
444838
446074
444641
445955
446478
445782
444727
444361
444573
446165
445537
453403
445692
445690
445807
444384
445451
457236
446374
445740
445413
446235
445360
468860
453665
445885
445666
445907
446162
452442
445897
446493
446429
445505
444506
456689
446303
446418
446269
446047
445980
446613
445833
445982
445904
445790
445546
445886
446181
444590
451370
445650
445494
445391
476520
445516
445766
444470
446259
445972
451854
445423
445609
444222
445351
445575
452146
445478
445378
444786
445470
445635
446462
445010
446370
444773
461677
444910
447752
445993
445708
444122
445878
445485
444791
458553
444713
470307
445566
444841
444335
473664
454765
444772
458538
470490
477141
466761
446560
445925
445607
449931
445814
467087
445737
444862
444023
445778
445286
474994
445886
446202
445850
444255
444362
460070
445469
444660
446300
445702
444887
445193
444945
445852
444546
445779
444744
455010
445600
445315
445815
445071
444717
446126
451278
445415
444697
444511
444704
446337
452017
444811
444532
444257
444623
444655
471454
445925
445727
445693
445774
444544
450947
461141
446046
445552
445413
444869
451399
446280
444276
445501
444493
445628
444170
444879
444277
445346
445513
444397
445721
450388
444587
446042
444486
445824
445591
468675
444292
460426
446065
443922
444470
456821
444946
444434
445642
444443
444532
444518
446108
444487
445591
444404
445663
447322
444492
444620
444754
446010
445932
445973
455731
445840
444714
450464
444785
444535
469939
444352
444043
445517
445686
445061
469103
446140
450539
444659
445934
445627
458296
446136
446007
445734
445775
445308
446433
445897
444640
446045
450159
444509
446602
446194
444614
446109
445645
444315
445781
474956
446345
444672
445549
444341
445490
451731
445743
444680
444024
450453
445639
461932
446185
476195
475348
472915
468026
487242
486529
486704
487381
486538
486022
444916
445918
444140
445632
445550
445684
470599
444383
445768
445890
444295
445419
473593
446005
444581
445779
445630
448326
489054
446243
445655
445447
445370
445930
451011
444234
444772
444605
445271
444495
445777
445783
445373
445800
445380
445325
455420
452753
445888
444366
445588
444437
445803
452913
456479
445442
445726
444109
444353
456984
445759
444321
444641
445569
445941
451007
445332
445213
445773
445929
445440
450950
445230
445583
445411
445595
445570
451378
446246
450684
444428
446016
445948
445657
445055
445350
445515
444276
446085
445378
451014
445491
445546
445799
445741
444091
457286
444848
446073
444715
444718
446188
451987
445781
446159
453333
446012
446030
460364
444624
446053
445085
446379
446211
455780
446240
444640
445788
444623
444499
445068
444856
445712
444996
445871
445059
445709
450677
446084
446285
446072
461512
444407
457736
446048
445976
445657
444688
446194
463199
445891
444514
444574
444179
444965
446226
445494
444431
444895
444074
444458
445091
445670
450128
450261
445345
445375
488131
493635
474886
454084
444343
444802
445301
450905
443884
445277
445346
446059
445743
475890
445688
445796
444467
445482
445783
467051
444323
445843
444486
444383
443821
468120
445868
446055
445594
445950
445603
456556
445589
445724
444420
445391
444670
450489
444626
445720
444120
445525
445765
445662
453444
445252
446423
444177
445433
444072
457875
462458
445602
445321
445510
444528
451221
444581
444826
445517
445701
445429
451452
445678
446034
445455
445061
445743
446619
445540
444652
446519
444512
445806
447820
444761
445784
461963
445712
445511
445519
444541
444375
445707
445387
445625
444769
456800
445653
445961
445422
445388
444574
453450
444543
445599
444332
444671
444528
450962
445726
444186
449461
449412
445743
454662
446003
446353
445950
445853
445900
453495
445398
444644
445550
446110
445693
444799
445609
445557
445809
444363
445688
445135
458164
446114
445033
445582
451201
444723
451333
444861
444818
445966
444952
444205
461045
444968
444937
445964
445835
445519
445278
445937
446272
444867
444576
444927
446242
446061
444338
444585
444824
445986
467041
446461
445763
475807
471874
445890
445938
457597
445875
445909
446144
445802
445654
471853
445619
445708
445270
445337
445254
466519
446227
445758
445222
444385
445766
472671
