1770882
1436688
1256824
1261138
525738
522383
536915
590493
580771
575256
574148
575633
576865
595274
564051
525398
526250
525485
565311
524698
533734
583225
584987
569964
567754
525476
523930
533466
522529
524462
527551
525550
525095
526371
522817
523866
523889
537254
523246
522052
522149
557274
535022
522745
526403
525009
524416
544438
527841
522855
523327
524727
539435
524161
523371
522358
522804
539657
523897
523166
525138
521649
560355
523162
522759
522367
524256
532191
522854
523814
524422
521002
530551
522444
522960
524217
524035
534086
524743
522745
524295
524740
529561
526890
521878
526497
521489
538460
526650
521336
524010
523227
533819
524112
521660
521643
524720
530853
521832
525962
521605
522974
527994
533993
523119
525290
543903
534195
530484
560277
537329
525693
548113
524799
527993
524672
523364
552227
526065
522718
527721
524229
551290
523977
540431
534157
568174
548353
525870
524387
522211
541623
530480
523237
521980
524493
523629
555015
527709
525965
521647
526551
530065
525922
523093
539900
522515
534181
525468
521685
524350
523204
535146
523164
521140
523789
522826
529756
524395
524444
522076
521546
548338
521576
522837
526839
540794
535310
522723
524304
523909
523604
528945
522413
525327
522533
522782
529087
521237
523218
521910
523628
535063
524399
521332
525706
523455
555225
523414
526257
521068
522225
531726
520989
521427
526374
521452
534171
526326
527495
521652
526750
552502
525260
523504
523057
521898
538536
522074
521542
524169
521591
552569
523370
522511
524454
522310
528096
521278
524712
522918
523108
527836
526261
522355
523824
521599
534700
531120
524794
521539
527737
529101
529367
522503
523411
525647
577589
539464
554686
523136
525916
552228
524748
527687
522803
524643
534334
521193
540441
523448
521934
535838
523308
521470
523197
523089
523904
524085
521865
522470
522672
539855
523091
522274
523960
522991
524932
522036
522781
540597
523176
523140
522264
522595
522460
523717
522405
524561
521793
524626
523635
527824
522787
522328
525451
521520
553014
522774
523501
523066
537927
528921
522097
522427
521050
521709
526801
521961
523007
524125
522281
532743
523974
522549
525310
522853
530210
521829
522117
521581
521990
549320
522290
522824
522818
521478
535128
522333
522900
521360
522320
527248
522007
521917
522561
521789
528435
523037
521315
523291
521443
533140
533325
522543
521446
524868
547730
521052
523080
522089
522533
527692
522210
521968
525712
522201
533931
522490
521960
521558
522368
527685
522635
528786
521490
522407
529485
522840
521334
522863
526526
555121
533448
554327
522598
522402
546278
522817
522198
520973
521517
545397
524256
533382
525839
521711
550476
523312
524064
523018
523100
544768
523156
523334
521424
522705
546700
521149
521402
522024
521818
535233
523999
523109
526046
522826
529473
521937
523361
522804
522829
549619
524917
521504
523495
525213
550306
525127
523271
521922
525306
549650
521483
524927
522006
537949
545492
522481
522706
521842
521847
551848
521229
521765
521020
522494
527512
521990
525515
522777
521135
529055
524036
523601
522474
520639
566255
524044
523685
522836
522036
527778
522712
522039
522321
522387
528592
523342
521726
521927
522474
534584
521638
522027
520901
523413
528691
538895
523809
520521
524219
547496
524376
522336
523624
523500
536175
522375
522807
523978
522367
527950
522593
522192
522002
521562
527775
521411
538261
521326
522666
533960
525109
521265
521965
525167
546328
521575
522875
539699
521496
529176
531966
529717
553824
562481
562989
523297
525425
523199
525228
543271
522331
523812
522579
522435
542693
522496
521462
522828
521950
553649
522261
522442
521908
522936
528784
521068
523156
529691
522201
526960
523679
521432
523638
523157
534971
522614
523192
522431
522544
547403
543974
523045
522904
522687
546310
523584
521450
523359
529725
532237
523072
522600
521596
523005
528333
521380
522258
523608
523078
528318
521936
521470
524643
524289
535668
522011
524295
524075
523451
562392
522648
523284
521893
521550
529399
521765
521024
523636
523269
534425
523023
522939
522965
522106
564263
523942
523303
524927
520931
529510
541253
523172
523857
524802
552100
523635
522871
524086
522862
526512
520843
523781
523149
521469
527700
525547
521601
525178
522330
534489
523257
539056
521454
521276
528187
522400
523031
520869
522513
545860
525113
520524
525630
522391
560779
523020
532045
566424
524135
533403
521260
523194
530249
523168
532806
521713
522309
522540
523450
532844
523612
522980
522388
523050
535013
521107
521254
520625
521372
522187
523262
521853
525735
522563
522002
523958
522041
522967
522914
523799
522268
521958
522240
522111
562429
522674
522549
524814
525299
537507
524626
521934
522594
528322
523860
522457
522321
524735
522572
525040
522410
522278
524820
522094
532215
522100
521842
523880
522878
529170
521458
521940
522548
521981
551387
523450
521355
522747
523769
534376
525808
522285
521635
523057
528055
524451
523759
522392
522530
527441
522524
521910
522979
521001
533753
530835
522883
522339
523001
546929
521093
524751
523750
521525
528705
521726
522171
523490
524692
533022
525168
524464
523521
523692
529823
521536
538010
522728
522522
528934
522910
521468
522188
521882
552603
522822
523062
523059
522437
527562
522623
521774
531661
521818
528704
539277
546908
560093
523953
548920
523990
521685
521627
522477
544026
523164
521466
521220
522865
546211
524324
522746
522796
523301
550185
524423
523633
522195
539956
522471
520703
523343
523467
522240
528458
522916
521588
570799
522622
522711
523376
522055
522827
523487
537103
522109
523843
520832
523844
522940
522535
522895
523255
524263
522842
524478
522251
524319
523065
524510
521302
524588
522022
522720
529191
524973
521464
523959
521791
560760
522797
521456
521211
522937
527513
521480
524216
521821
522899
526962
524121
520588
524707
522320
581265
522282
522460
522395
523249
527344
530935
522258
521529
522529
544643
525357
521625
525074
521378
533332
524943
521231
524047
522924
526879
521269
525017
524295
521680
530692
522963
525243
523463
523220
540901
523143
521660
522101
524183
546486
523623
523933
524073
521153
545819
523313
522297
524973
520532
534584
537054
524414
538546
554412
532552
522029
524654
524630
522321
533431
521240
521755
525118
524265
535251
524608
524629
520893
545269
528613
521471
523446
522057
537934
526588
522772
521111
522340
522478
520805
522834
521042
520719
521777
522035
521695
522577
520782
522240
536403
522194
520977
525365
521142
537141
524377
523703
521221
524761
521926
520931
523091
520698
521070
524830
525506
521148
522309
520526
532218
525090
522403
521752
523865
545946
533533
524757
522586
522168
528787
521532
522109
521559
523816
536616
524947
523140
520747
522962
527599
539573
524369
523664
522013
529039
523458
528033
523521
522822
552623
524154
521822
520864
522279
529122
522502
523806
523418
520900
527904
522293
522595
522793
522709
535287
522375
524670
523140
522750
528421
522708
523958
523947
522675
546653
525178
521944
521867
521291
533856
521677
522535
521267
524400
527887
521970
521114
531792
525939
542858
477272
493754
489408
467433
491626
465880
467801
467837
473905
478164
496678
478218
478510
478898
479572
477913
501599
479392
478807
479763
479333
503738
480470
480105
479699
478984
478577
484964
495905
480726
474870
467417
468149
471089
468278
467162
467738
467599
490590
468045
466981
468593
467899
466661
490772
467756
467326
467364
466208
467645
491962
467425
467155
467342
466471
467234
480301
467194
467349
467034
466713
474203
467607
466832
467048
468586
467181
486005
466335
482187
468066
468712
466260
480585
467471
466435
468098
466781
467818
473409
468274
467837
467221
466712
466203
471984
468457
467146
467651
467113
465596
467085
468144
482049
466738
469587
477759
466268
466268
468287
467325
466278
472859
468238
466555
466871
466457
466853
479486
466517
467926
467986
468524
468214
472152
467003
468106
471450
466263
468345
468681
469375
468661
469371
466110
489918
469032
467040
467583
466968
466902
472734
468260
468051
467132
466446
466658
474513
466801
466368
467057
469243
467765
480675
465794
466095
486294
466700
467658
487868
499577
495174
467465
466534
473537
465764
467292
466131
468039
465847
490247
468243
467182
466571
467308
470421
489120
467473
467719
467479
468140
466691
488829
468243
467078
467358
468028
480647
466762
467313
487855
467612
467649
473071
467084
474694
474501
468096
479774
472902
486154
468545
467487
466252
466815
480579
466317
466605
464988
464815
467335
464855
466216
467340
464739
466623
466987
465408
464678
466676
464381
465024
475375
466439
483471
467531
466221
465555
472049
467055
467856
467229
466500
466509
472307
467339
465053
466932
466235
465255
477613
466184
466411
466349
464878
465299
466558
465909
468376
466842
464362
472416
467425
464569
465245
465976
468595
467161
466830
466337
464546
467837
467016
472613
466703
465491
465269
466797
466475
471480
467583
466310
465635
474611
466457
481284
467454
466742
467003
466484
466602
475208
466360
468442
467344
466499
473569
466235
466090
466795
465999
465665
477768
466514
467676
468221
467428
482520
473159
465968
468421
465397
465109
466185
470940
473832
467019
472150
501057
509489
466993
465506
466904
465465
465704
473504
464881
464707
465027
468660
464121
493527
464363
464934
465641
465486
464846
495122
464400
465110
466417
464443
466142
473175
465931
465922
464893
465587
464664
489542
464285
466859
466212
465780
466418
477782
468633
465542
467038
468635
466460
475209
467206
466138
466588
466024
470744
467854
465908
466523
466663
466284
477445
465825
465574
467113
465767
465397
491674
466231
475900
467121
467163
465798
466847
464868
465255
466125
467350
479511
466620
468020
467155
464486
466857
466304
467947
466109
467227
467199
466419
473170
466526
467443
482015
465103
466293
497558
464808
468458
465849
465884
466176
472729
464914
464898
467239
465540
467872
466149
466523
465007
463907
465938
466504
464587
466019
466799
474706
466739
466725
464801
466110
466294
464005
464298
482831
465571
465195
466636
464185
465575
494965
465750
464330
465182
464414
465712
472653
465528
465269
466873
464373
480713
465167
465006
466194
464824
463400
475893
466358
465334
464379
466231
482458
469942
472580
467734
463639
466456
465347
484457
477943
494088
482276
465994
463973
495298
465481
465519
463734
466055
465626
475282
464797
465608
465504
465679
467877
465021
466052
463923
466098
465196
471699
464915
466559
465330
465259
465609
470863
471833
467979
465390
466512
464985
470188
465908
464721
464415
465181
466421
479653
465129
466621
463135
464676
464672
464891
465810
465779
466022
464483
467385
471558
465218
475068
465336
464865
476056
463952
465558
466418
465760
464943
471947
464556
464345
466060
464319
465301
490944
465361
465296
464955
464027
464628
478504
466262
466985
481381
465405
465893
490101
466589
465613
466228
465612
470629
464925
464438
464161
466141
464728
476616
466425
465891
464816
465714
465997
465892
466790
464796
465185
473895
465455
471592
466122
462986
464680
466001
465026
494309
466541
465645
466161
465859
465917
471083
465143
465093
465090
466792
464335
466805
466934
464041
465108
466640
494348
465119
465308
465448
464288
466146
466093
466114
464974
465547
465549
464823
481439
465573
481938
464949
464090
468938
509005
483861
477158
465882
465952
465741
492804
465342
466919
465352
465000
469753
466374
465985
467403
465558
465894
472974
464282
470604
465236
464890
465299
486368
467411
464379
467258
467555
465456
471493
473080
465613
464864
465592
466112
478625
466097
465154
466703
464932
465384
466396
465398
465578
466648
465159
471099
465343
465033
465538
466397
465658
473158
465484
466026
472581
466288
465738
472024
465712
465548
464400
465664
465193
471844
464617
465508
465587
464903
465526
477643
466110
465481
464387
466795
463844
467272
466497
463762
480684
467379
473490
468338
466961
465077
465268
464757
466524
465041
465724
465113
465299
466146
472087
465011
465704
465634
465708
466212
469522
463867
465915
465936
472114
465789
477050
466265
466546
464878
465782
465698
478006
465511
464872
465237
464270
473312
466938
466618
466342
464275
465995
465097
465784
463861
470949
469826
465590
494112
466193
466149
465205
465184
465153
471098
464490
465196
466501
465257
465436
496125
466113
464448
465308
465174
471956
465600
466484
494085
482969
465692
470758
480497
466740
464586
466660
466849
486741
466209
472064
465460
464905
465278
487504
466663
463715
466110
465673
464833
492171
465079
466313
466356
466061
465176
472897
476281
465356
464361
467034
471136
466449
466271
466269
466063
467088
473383
465987
466728
466159
464230
465215
493262
465946
466806
465605
464389
465032
490247
464971
469069
466766
465731
465535
471558
463635
464811
466120
465590
466340
464877
465335
466046
465411
465901
471609
463429
463939
466029
464322
466133
466977
464577
465464
465482
479943
465607
492075
466743
464288
465224
466056
465781
472465
466541
464113
466548
465758
464984
472248
464787
463796
466106
465945
464434
465782
464824
465503
465882
471430
466711
466370
465162
464860
465890
465741
474696
465267
465413
466190
480049
464953
477860
467034
466894
465806
466168
465703
473764
464380
465441
466182
465199
464453
475342
466713
465763
465667
465275
465377
465222
466189
463940
465299
464881
469018
466078
466539
465398
466142
466434
465781
467487
464624
474927
464504
466185
481012
512593
486533
481791
466468
466030
486130
464400
465294
467515
464020
466350
473676
479774
465047
483794
464240
489504
465326
463713
464940
465307
481008
500966
465937
480622
464861
465578
465975
471755
466298
465391
463873
465347
465769
479256
465744
464125
464695
464042
465464
467425
465357
465656
465619
467374
467729
466996
465093
471563
465977
465509
464609
467153
465939
466010
465357
464405
471408
466341
466107
465646
466476
465973
500427
508657
508211
507242
508598
507312
508771
497765
464641
481055
466917
489946
464476
466270
465517
465513
465168
470293
464957
465018
467254
465963
464849
466616
466688
464561
463741
465846
468213
465250
465745
465101
465018
476421
465373
465233
465589
463948
465593
465493
486131
464835
464433
465113
463734
465657
489512
464174
466958
465395
465541
466684
472911
465324
464422
466669
466084
464255
493037
466207
465392
465840
465192
471988
466621
465717
464031
465190
465606
474768
465366
464917
465065
466291
463948
476929
467081
464123
464645
465247
463930
471455
500807
464263
475127
500113
480249
486097
465661
464596
465685
465860
465920
480067
465277
464958
465116
466183
481806
464236
465084
464218
465119
466211
481219
464201
469008
463960
465256
466460
478068
464204
463789
466054
465643
465188
471441
464781
466051
466903
463973
464828
470232
464729
466979
464641
463607
464619
475506
465948
465754
475820
465181
466357
465941
465565
465607
463723
472912
471951
464098
464267
464408
465280
465072
476732
464216
466276
465190
463782
464449
471930
464988
465113
464960
481555
465534
519724
519403
514803
545364
513454
538270
522612
509209
508398
508055
504934
464241
466211
465132
466417
466789
484907
464708
465836
465502
465891
479321
504597
465998
465984
466290
464880
464210
489882
464483
465469
465482
464843
479436
466108
465000
466165
464758
464110
478209
465724
464233
465800
466109
465191
479120
464911
464263
465764
465299
465495
472348
465927
465922
465270
464936
465419
497777
465718
465914
466968
465569
465585
470268
465850
464524
465097
465781
465652
465672
481237
465784
466666
484998
477678
465770
503400
488273
486694
464686
488216
467005
464097
465469
467280
464293
488770
466240
464217
464455
465321
465798
494447
466266
481091
466157
466121
470556
466508
466099
463735
464315
466193
470395
464675
465390
464796
465122
466138
466239
464874
464412
465432
466218
464542
484738
465628
466184
476422
464683
466124
474010
465386
465101
466152
466077
465710
478376
465523
466394
464902
465472
466268
474789
465948
465435
464218
464886
465789
465685
464994
464931
464277
481354
474243
464948
465328
465083
465851
465586
471404
464315
465353
464981
467073
465800
471690
464459
465839
465523
465674
465477
477700
466289
465381
466566
465624
474293
466117
464561
466229
465049
465276
476788
466368
463860
466204
465060
465399
472264
466705
465193
465256
465603
465882
471761
465104
465609
466298
467260
464975
474003
466369
465454
465903
465655
466034
477551
464510
464249
464706
464764
466029
480904
466796
465564
465511
475551
471687
466006
466613
465466
465324
464886
466307
465950
482241
465739
465190
464747
471154
464156
483463
466868
471738
504133
495261
464789
466171
465685
464669
464252
479074
465192
466026
464875
464466
477106
468430
464838
480802
464356
465790
472764
465448
465085
466815
465010
464479
479425
464632
464080
464913
465411
465508
472439
465481
465345
465176
464878
464266
490964
464961
465985
469995
465711
465684
464722
463542
464684
465946
463544
464582
465569
465859
465552
465180
464314
464525
464396
482410
465017
464315
465286
477367
465466
465546
466013
465885
479399
488348
466173
465586
465123
465412
465715
471639
465685
464911
463896
465227
465178
475928
466508
465045
464639
466349
465571
465266
466811
463865
464229
465381
477363
465064
466603
465671
466239
465653
487586
465835
464941
464083
465663
464439
471838
465819
466259
465154
465428
465163
470989
464494
464612
465575
465310
465746
483067
464787
466046
465209
465564
466378
466106
465401
464481
464982
464290
475783
464785
464971
465911
463749
465195
467369
465085
464914
464832
465256
465131
471770
464476
480380
465054
464347
465038
472192
465187
465683
482347
465906
473042
494809
489441
492521
466922
464383
474938
467913
465869
465515
465223
466302
474080
466987
464991
482250
465043
465012
495306
466755
464032
465450
466578
465457
471986
465182
465726
465718
466404
465693
470560
464578
465157
465209
466065
465776
477810
466295
465220
475788
466022
471422
464160
466004
504220
464582
464492
470449
463657
464234
465563
465602
465711
478037
465785
464450
465714
464899
465793
470527
463667
464735
465540
465966
480702
487159
465797
465381
463866
464224
466101
464538
465383
466551
463956
465746
466855
465411
464984
465182
465186
465253
465018
464448
465870
465990
465456
464793
486573
463620
466505
465896
464444
465212
490381
465486
464377
464613
465028
463511
489450
465537
465289
468292
464562
468364
466544
464857
463426
466158
465505
471765
466052
465190
464693
465795
465169
464411
465723
465251
465820
464563
465011
490119
467316
465198
465717
464330
465378
471869
466791
466555
466866
466242
466049
469817
466558
481781
464425
466313
463925
476721
466730
465425
464024
467657
465363
465184
464452
464319
478712
485404
496210
495178
469750
463533
465642
465590
494808
466145
466048
479611
465798
465984
488416
467903
464762
465974
467281
467535
487653
465820
466272
465747
466192
465383
468701
465972
466630
463621
465732
479867
464487
466451
466683
474060
465185
535268
534623
492137
466366
464413
465147
466567
465470
465297
464164
465594
466406
465939
465308
464146
465049
464575
469421
465137
464913
464917
511990
471930
487340
465510
464236
466115
466489
465342
470074
464945
553970
467003
466521
465402
471121
467006
466129
465081
464809
464029
465729
468033
463834
465401
463798
466052
474338
466107
463991
464088
465974
469887
466589
466242
463903
465645
466160
477644
464608
465873
465947
463496
464941
471565
465445
464894
465346
465289
466173
471716
481233
464946
465137
465255
465668
466093
466584
466419
465361
464071
478339
464923
464229
465104
466031
465477
466435
465058
465503
466820
465775
465151
477451
465483
476681
465244
465938
464084
470959
465573
464187
465455
465047
466088
472504
465604
464321
464742
464945
464488
505511
465437
474069
502419
464639
479352
465851
464521
466221
474789
465882
483135
467589
465657
465137
466257
465126
494364
466563
464966
463722
466254
465125
488071
465708
464245
465223
466099
465698
480704
463763
463852
465205
482460
479771
466062
465113
465841
465763
465938
464572
465336
465558
464441
463902
464852
470965
464887
465324
464843
465351
465946
476197
463504
465435
464182
465036
471853
488868
465310
465493
465878
465147
464191
470561
466056
486818
464957
464631
477602
464053
463517
465755
464000
464785
471114
465010
465161
464425
464858
463863
464407
480968
464230
464733
465120
463899
491479
465453
465420
466128
464715
464427
488280
465934
465926
466344
465359
464187
470990
464923
465279
464347
465857
464762
465796
481056
465660
464471
464971
518231
465697
465591
465474
464570
464114
481488
465079
464329
465705
465320
464599
477968
466539
465084
464732
464710
467096
471099
465504
478536
465007
464325
465323
471948
463958
464136
466004
464847
464552
466186
467230
465028
466777
464708
473370
465585
465905
464881
465534
476878
469793
475035
496453
481263
472792
466896
494272
465814
464147
465938
464737
465261
487640
464376
466384
465747
464790
466938
472079
464569
467572
464824
464836
470591
464880
465856
465114
465232
481021
471266
465939
465079
463591
464708
464154
472413
465383
465367
465510
463772
465757
499278
465730
465257
465197
465843
464116
476420
464203
465552
465553
465482
469659
471365
465494
466427
466044
465250
476297
466080
464265
464127
465684
464843
465862
466961
465161
464937
464747
463741
470150
466465
464297
464221
463631
465034
476791
481369
465363
464294
467777
465379
490144
465612
463560
464596
464417
464460
465243
466220
464850
464890
465864
465753
464775
465417
466396
465389
465802
464484
465856
479510
464035
464817
465685
469757
465890
464043
465880
465193
465871
491948
465910
466240
465578
466347
465921
469715
463709
464577
464871
465995
466258
472041
464782
470011
467674
464023
465738
465926
464062
464728
463866
464678
466279
464174
465268
465234
465209
464166
471734
467284
464267
465787
465725
464356
476347
463892
484261
466411
481437
465777
506029
486268
489577
464580
464008
465426
479426
465060
465309
465614
465214
484577
467003
465230
464767
465562
465402
474658
464813
465072
464762
464945
481271
470344
465711
465183
464186
465488
466013
477411
465032
464405
465496
465167
464005
471273
465168
465255
466037
465818
464187
471099
466571
465387
466066
465252
469173
464890
466539
464997
464761
466590
464318
465694
466182
465233
464595
465865
469402
466424
466082
463871
467834
477270
477166
466845
466224
466006
466376
466559
469285
481274
466821
465502
464927
464930
489998
465363
464475
466073
464354
468635
470016
465634
464460
465452
465050
466322
464496
466351
464990
475848
466022
477484
464649
473607
465528
463767
465557
477648
466065
465377
464803
464474
465090
492150
464732
464532
465429
464510
465703
471281
464706
466370
466137
465259
476908
466462
465272
467816
466989
464978
465412
464909
465158
465943
466126
486013
481825
466105
465849
466005
466185
464359
498253
466552
466300
465968
467500
464721
486332
466352
465467
464653
483422
472930
474099
466611
496006
492003
466787
467966
464386
464572
464973
464487
465125
481549
464363
465616
466542
465010
466472
488611
464144
465341
465195
464893
481977
494535
464576
464695
465016
464394
466150
465522
465979
465675
466553
464869
470959
465599
465885
465789
464990
465777
464456
464415
465090
464891
466022
464181
482925
464434
464187
465295
463714
465393
471755
465491
464104
466705
465606
465349
477680
464145
465428
465826
466069
465554
469161
464134
465310
464897
465755
465546
464024
480514
464079
464997
464899
485398
468637
465599
465707
465992
465079
470849
465759
463952
465363
464685
465745
471550
466520
466281
464333
466183
465413
478241
466256
478416
465529
465201
464502
472070
466268
464946
466358
466368
465092
477008
464078
466277
466104
465803
464560
466119
466086
466652
464904
464942
464554
464981
466573
469084
464504
466376
473121
465711
465411
465311
466860
466555
493359
466096
474563
466986
465691
488178
489749
465828
465520
466948
464863
467707
464672
464406
468209
466128
481917
466531
463709
465466
473285
465296
478562
507949
467605
464475
466170
464815
464261
487424
466813
465127
466034
465761
464107
498296
465833
464539
465097
465713
481981
471703
465622
466844
466030
464975
465947
465020
465619
465300
464711
465411
475440
503700
465649
464061
465334
465652
472475
465099
463601
464147
465818
465201
498220
465621
465399
465359
466547
464385
467472
465177
463216
465896
465525
466590
463310
465545
463611
464021
465894
470123
465249
464600
465580
465255
464947
476546
465718
475270
466446
463484
465501
489313
463981
466708
465226
465739
465108
489302
465904
466507
465340
466009
465364
475183
466481
465897
463611
466062
472183
465463
465594
481688
465233
465213
466289
464646
465204
465457
466263
464163
485173
464995
465689
465127
465881
466545
470325
465804
467070
465139
465621
464871
472299
465222
464715
478198
465336
465700
477977
465151
464869
466175
465672
463991
518391
477352
465229
465532
464959
473438
483650
465813
464101
463822
463461
477821
465170
465063
466544
467016
469042
471866
465846
464677
464364
466005
465513
476254
466546
473038
505663
463828
468531
465871
465013
465782
466065
466104
472309
465266
466054
464577
463514
465004
496446
465799
464227
466244
464952
465185
494213
466767
465337
465450
467255
466007
472300
464790
463198
465590
465032
466692
465808
465628
465193
464781
464849
481240
477757
464774
464752
464987
464858
464705
464296
465154
465888
465014
464366
470908
465329
466154
464875
465023
464966
478414
464631
465750
466484
465903
466079
472805
467167
464666
466238
465328
465566
488534
466580
466087
465721
463961
465586
465886
463150
465147
465874
464941
470961
466001
463847
465041
464758
466293
465004
464776
464259
481697
466952
465299
477979
465513
466191
464675
464531
463858
490465
464339
464795
463815
465301
466050
471151
465486
466204
465234
466311
466716
465153
466455
464614
473105
465463
472062
465383
466516
465488
465312
464309
465816
463973
464854
463933
465652
464306
489208
465667
465626
466506
464105
466515
470542
465522
466391
465157
465460
486820
470180
464295
464530
464636
464998
467182
464695
464694
464855
464990
481565
471875
465240
467304
479561
500453
488853
480374
464500
464860
465948
465566
465328
504536
466045
465212
465260
464492
464510
486729
464815
464708
466317
466029
465370
478399
464088
464136
464254
465338
477254
464047
463850
463936
464154
464974
471350
474714
466267
465088
464335
464007
471251
465311
466292
463669
466089
466498
478380
466675
464166
467049
465498
463578
470538
466511
463638
464455
466222
464422
470284
466614
472592
465167
465547
467766
466373
466308
464518
465068
464520
474439
465480
466397
465691
465009
465792
471234
465043
466374
464286
464623
465802
477554
465791
466071
482137
465187
464547
471630
466604
466351
466222
465524
465008
490891
465874
466341
465082
468343
473920
465974
464305
465968
465161
465462
466378
466010
464845
465836
469287
466489
470587
465764
464561
466571
466337
465675
478657
466302
466895
464985
465563
465516
491570
466072
465349
466792
465297
465201
465624
464753
465024
465455
465704
488407
466737
465819
463623
465867
466093
470508
465886
464609
464843
465895
465303
472576
466717
476684
465405
465716
475703
499998
489629
469339
465696
464266
463494
495688
466664
465561
465371
464783
467403
466226
464968
463740
466592
464231
473780
466434
483649
465261
466300
466262
471758
464860
465234
466194
465039
465749
489307
477737
465878
465040
464827
465512
478038
466946
465013
466730
466007
465047
466543
466173
466929
464621
465557
472357
465102
464215
465699
464928
466148
477834
464542
470667
466067
465738
465870
483506
464987
464650
464741
466065
465041
470805
465923
465275
464721
464641
464629
478629
465529
464868
465580
465361
464985
471400
463912
463991
481748
464068
463633
465954
465475
463792
464480
464374
470448
467080
463851
465022
464974
466216
465880
466426
464698
465044
465478
465098
470167
464942
464779
465370
469379
465705
476486
465150
464972
465842
465688
472294
486418
466650
464448
465019
465802
465783
479630
466242
465331
465430
465398
487355
465441
466363
465417
465491
466278
486436
465933
466432
463761
465630
466180
472270
466735
465175
465395
463991
466012
478660
465929
468223
465508
465214
470517
485656
466466
465858
465103
465905
493101
508342
488918
496656
490356
466231
495209
466563
465106
466480
465190
465702
488854
465402
463670
465749
466440
465259
487374
465015
465580
465451
465887
465605
475934
481545
465139
465138
464589
472648
464615
464341
463460
464612
463932
471161
466278
464876
464980
464106
464225
477840
466437
464907
465144
464172
464954
469716
466119
473552
464897
466753
463657
489478
466421
464148
464806
463281
464295
477006
465336
465546
463747
465511
466748
465865
465982
464933
464522
466216
464781
467459
466317
467283
478332
466811
477796
465547
466159
465026
465094
465403
490623
468841
465320
465378
465599
465405
471179
465688
466250
465460
465806
465369
465117
465636
464303
463618
480218
465271
465610
465684
465597
464354
464325
466277
464877
467889
464693
465493
464260
493329
465282
465677
464912
465177
466586
474889
465310
465938
465798
466992
470619
471903
463298
465386
466678
466414
463813
465352
466423
465190
465622
465783
471634
465065
465741
463935
466077
466137
479609
466898
465164
474670
466002
465190
477164
507960
490729
477082
493473
481938
488905
465184
465962
465764
464929
465170
472913
465389
465793
465313
464636
487424
464580
464926
464751
464603
465172
469717
464452
481874
464695
466515
466950
487784
465437
465571
465984
463736
465231
479398
465158
466155
464337
465923
464680
471349
466123
466521
466983
465420
465532
464834
465073
475105
465434
465839
475968
465049
465025
465236
466100
465592
471119
465341
465049
466180
465514
465055
471889
464872
465626
465545
465011
466694
478637
465077
464327
465251
470822
465735
472063
466100
465759
466082
465571
465567
478099
466499
465313
465913
464124
479015
465175
465724
464919
467040
465371
464934
464932
465261
465893
465919
481243
471849
465139
464960
465141
466482
465666
478209
465628
464882
463836
468165
465039
490647
465888
466207
464671
465479
465968
465948
466171
465586
465748
467476
483142
466143
466605
465385
465931
464839
465147
465547
467060
466119
464581
467998
470916
464726
464578
463968
464807
465687
497058
464259
464683
479760
465675
465628
477136
476688
465359
465010
489446
485099
487385
464878
466138
465424
465002
470205
465201
465645
465806
465684
465380
483062
466720
465457
464589
466601
465474
491453
464231
481468
466947
465686
465355
478231
465175
464982
465308
466721
464899
468588
465352
465262
466243
465495
471136
463976
465423
465312
464622
466035
465981
466403
465811
473702
465163
463925
479842
466376
466484
465416
466326
463860
487867
465245
465318
465026
466227
465481
477012
465519
465319
463952
465838
464515
465756
464820
465967
468586
471094
471783
466215
464972
466044
464006
465013
487375
465865
465878
464821
463302
465185
471112
464593
465596
464967
465542
465610
470191
465619
465271
465508
464355
481537
476438
466163
465669
464018
465057
465549
470940
465875
464728
465888
465178
466739
475735
465861
464891
465030
464460
466996
466563
463583
466404
466496
465535
470644
465502
464341
465648
464068
465618
471851
466186
465222
466309
465558
464705
478282
465252
463819
466599
464668
464957
488762
465996
465523
464889
465354
465775
465316
479999
465576
464144
483641
466254
476748
463965
506812
490225
486417
489671
466631
464953
465563
464889
463983
488146
466310
466948
465751
465004
466313
495889
465876
481870
465630
464775
472602
466354
464720
464838
465689
466239
470693
464172
466302
467336
464284
466943
477600
466248
465385
465783
464209
465525
471135
465589
466000
474576
465696
465896
492598
464826
465975
465269
463987
464810
477461
464536
465756
465045
465461
470892
465214
465993
466611
464710
464491
470977
465579
465330
466148
467930
469421
466200
465026
465938
466787
465056
464812
485465
467252
466025
467222
465623
464622
472188
465345
464396
466272
465105
464327
478801
464199
465170
466211
465248
481110
466108
466155
465221
466479
465962
465890
466335
465628
463528
465092
464716
471781
466317
466043
464970
465228
465709
471239
468033
465262
465356
466604
463829
475682
466252
463941
465742
465930
466378
477613
464956
463888
465840
465817
464243
466352
467125
465905
464229
464009
474940
471485
465858
466504
464435
466226
476734
465779
476711
464711
464945
465714
469852
465461
481496
465291
463645
472404
496714
502167
466551
465702
464087
466098
494757
466435
465915
465768
465629
473700
471027
466095
481145
465775
465308
475258
463875
465367
467908
464281
466069
478127
466131
465320
466496
465010
467224
471318
1227011
1172817
1171393
1166570
473034
466876
465389
465215
465314
473717
467210
466082
464017
464624
465556
471511
465072
465246
479574
464301
466539
477210
464584
467203
465060
474088
465302
470337
465250
466502
465490
465490
463822
479218
465410
516694
516164
466364
478337
466181
464437
464097
464993
463983
472550
464797
465624
465811
465823
472511
470788
465584
467178
529493
465650
465187
487017
465953
465161
465781
463653
479726
467312
465609
464904
465424
465244
471341
464073
465642
465419
465496
464363
495856
473129
465764
465230
466386
464807
494755
465016
463524
463575
463920
463850
471321
465499
464846
465372
465904
465053
473585
464974
464499
463468
466108
470893
463298
481079
466022
466044
465020
466340
464186
465070
465526
464263
466062
506005
469340
493282
471516
464607
466611
485559
464830
468124
466236
465573
465802
481689
465622
475329
464715
465715
489212
466927
465690
464248
465665
466052
471916
464726
464112
465793
465102
465599
483984
465590
465603
466136
465482
465443
477593
463694
463993
467114
466240
463689
489751
467547
464978
467840
465262
465573
465359
465610
464990
465436
463776
478881
465311
464992
464383
465008
465513
501638
466168
465583
464511
466423
481033
488689
466312
463818
465499
466268
465872
497431
465751
464395
465801
466465
465429
488567
467150
463777
464629
466472
476781
464904
465306
465234
465769
465864
487542
465757
464832
464836
464057
466069
480384
465830
477922
465970
465164
464881
491487
486779
467677
464157
466113
466650
477741
466120
465158
465526
465415
465049
477957
466696
464758
465551
464715
467811
465361
465991
466883
466115
465492
466842
465692
465593
465400
464105
466270
480646
465986
464597
465522
464728
463935
472475
465886
482781
465484
463630
465796
478754
465734
465618
465358
465627
465391
510758
508903
508152
509354
508584
514835
507051
477974
465029
465707
466347
493674
466271
472611
466166
464665
473177
465257
465944
464242
465644
465798
465256
465078
467973
465720
465636
466552
477541
465445
466032
465851
464295
464952
471850
465102
466764
465515
481314
464980
491890
465176
464998
465558
465714
465865
493710
465707
466023
464229
464494
470450
465342
465458
465879
465294
464763
470889
464416
465573
465539
464526
472922
477403
465564
465338
466472
465313
467472
490827
465451
465094
466526
464642
464403
472308
464579
464599
466459
464531
464130
476746
465541
465641
466874
465283
466373
471336
464251
465374
465376
463975
476346
465308
465032
465489
465073
465712
488173
464700
464095
464286
466573
465781
471940
466649
464289
464276
465088
466303
470748
480411
465403
466078
464806
464174
480155
467184
465901
465815
464795
471009
465746
466220
465370
466249
465818
478454
466614
466460
465320
465809
466496
476212
466828
468947
465081
465516
466511
471324
465897
466566
465151
465038
464022
471108
466048
464877
464930
465332
464819
485198
465823
465166
504946
484060
479432
466460
464896
470005
466175
464805
474812
467186
465636
466506
466557
463582
495237
465859
465857
464814
466076
465500
488954
465460
464805
464904
463735
464562
473004
465430
465550
464380
482684
464294
470857
464265
465456
464311
463629
464764
465212
465055
465055
464907
463571
465380
465859
465343
463838
466269
465550
478199
466373
465782
465549
465699
471096
470091
464995
466169
465818
466208
466078
491627
464835
465027
464195
464518
465223
466227
465949
464942
463858
465526
469404
464049
467597
465434
465401
463591
466133
471327
466159
465144
465760
466765
475947
466014
465588
464910
465578
464482
490186
465231
465331
464975
465096
465481
470579
465057
464846
464450
466591
465746
474800
481876
465826
465057
464291
466964
464918
464083
465215
464878
466657
471083
464512
464366
464966
465279
465076
471078
466342
465383
466804
465899
464483
470992
464858
472110
465095
466139
465493
471765
464443
464270
466310
463631
465849
495037
466300
464317
466516
466061
465054
464566
465308
465392
467857
483322
484748
464945
479067
506512
488935
464686
494635
466790
466526
464694
466483
465158
488854
465595
464600
465258
466357
465221
487944
465707
465694
466510
465797
483116
470502
466743
465033
464180
482115
480085
465223
464856
463898
465552
466055
480542
464191
465934
465549
463925
464683
477470
464178
466497
465033
464713
467640
471193
466599
466137
464416
465168
471593
468819
465141
466498
465114
465542
479205
472459
465610
466770
465839
476544
467200
465315
464099
465258
465244
463796
471218
465813
465637
466250
465419
465087
482760
464631
463988
464613
465312
465309
472793
464213
464784
465037
465947
465889
490363
465551
466201
466021
465797
477586
465743
465556
465675
464283
465677
465119
465094
479828
466660
467066
465683
470201
466448
466247
464633
464446
463989
477637
465811
464236
465145
464612
464868
490232
465862
463713
464904
464617
465586
471155
467460
472950
464839
465176
463738
464785
464062
464580
465439
465717
465631
464902
475834
464332
465772
464733
465896
464506
466167
464844
465946
465716
487074
464839
481549
465189
474374
482985
495857
501725
465068
464504
464453
464806
474668
465753
463854
465842
465573
489088
464526
465726
466994
462871
465420
468850
465378
466601
465199
464356
480585
488221
464649
464891
464710
464109
465896
477778
465812
465575
465428
465097
465703
472924
463565
464876
465988
463740
466751
464934
463534
464514
465292
465931
475290
464704
465676
465457
466646
465941
474507
465860
465549
478740
465694
465456
472410
465132
464266
464570
465474
465781
477590
465038
465836
464447
465705
465727
477527
466628
465182
465580
465329
464040
466049
483275
465929
464891
464763
486719
465673
464466
465666
465645
464697
477268
465777
465669
465855
465354
463990
487972
466511
480927
465968
465736
466177
494322
464715
465131
465487
464041
466485
472136
465515
467222
464064
467027
471398
473511
465860
465906
464485
466632
477364
466025
466517
485208
466653
465654
471515
464180
464619
466955
465655
465519
470350
466055
465923
466251
465215
465077
478690
464382
465936
464154
465630
466055
489925
465202
464095
473376
465495
488333
464019
479753
495071
482641
464947
487086
464257
464214
464409
464695
464539
487343
464835
466368
466055
464514
463565
486000
467882
465285
466042
463837
477386
494721
465363
463838
465542
465912
473088
470546
464364
464284
464539
466626
470904
464302
466472
464220
465462
466524
475702
464917
465729
465025
464958
465259
489012
465441
466303
466204
465497
466068
489394
464372
466393
465276
465492
466414
475486
467015
466889
464462
465653
470485
465172
465332
466049
464964
465957
471989
475728
465956
465171
465245
465965
479523
464923
465803
465197
464724
465612
484835
468392
487997
465457
465163
465149
469454
464544
465560
466234
465201
465714
477718
464296
481586
465831
463954
469583
466690
466744
465718
465806
465179
471382
465851
464941
465675
466652
465770
471165
465607
465544
465091
464325
465278
472930
464727
463266
480855
465218
465734
471549
466045
464852
463782
463889
465784
477502
466619
464920
464771
465082
465018
466254
466775
465498
466390
466063
468906
466469
465016
465385
470693
466472
465117
464814
466417
470522
465657
474394
504341
466668
465436
464568
465337
466423
489630
464843
465450
463959
465431
464898
491370
465149
464986
464276
466074
490119
465350
464175
464575
465228
465035
467148
465166
464599
463867
465624
465022
477344
465692
465406
464187
463824
464589
610087
532270
473041
465867
465433
472361
472418
465878
464614
465537
467328
487032
468266
464239
465138
464762
467687
470591
465756
464478
477978
466688
465527
471049
466907
465339
465729
464739
464357
464876
526020
465067
465338
464380
465666
463996
466478
465455
465980
465886
480523
466053
467433
466390
463846
466046
477718
464793
465524
465548
465819
465617
471550
464558
485521
465366
465794
464477
465866
465951
466206
464608
466898
467595
464040
465393
465886
465243
465532
478603
464420
465002
464757
465767
466340
473424
466866
465614
469749
464564
464593
478381
465434
465159
467772
465659
463752
471990
466368
464439
466256
465554
465790
470229
464098
464363
463546
465631
480745
472347
464150
464194
466684
481856
471286
466473
465309
464823
465655
463749
471039
481637
464314
465328
492063
464412
492892
466399
464879
465925
473781
493148
493095
465250
465207
464415
465959
492150
466120
466235
465324
465122
464236
486738
464011
466527
464782
464616
465805
470604
465019
465575
464823
465030
465706
470137
465774
465894
464791
464878
465590
485125
465608
465132
466226
465893
465676
488768
465782
466010
463679
464923
474100
464306
465758
466303
465297
463472
469998
464268
465638
465848
466198
465360
466799
465292
481716
466165
465014
464698
469935
464932
464373
463774
465194
465361
497597
465856
466373
466669
465739
465414
471047
465347
465318
466247
466180
465529
466539
464499
480679
466582
465624
478341
466160
464122
465737
466016
463948
464985
467793
465484
467218
465762
464533
480420
464359
465254
465638
466163
466472
479143
465044
464819
473185
465987
464552
471776
463336
465870
465754
464975
465337
477696
464294
464929
463913
467027
478064
465482
465361
463968
465121
472598
510716
466922
464615
464800
464796
482044
470250
466293
465883
465723
464060
464897
476138
464563
466401
465870
477439
464554
471672
466632
476978
490366
496574
487497
464082
465237
465105
465211
464206
501899
464935
464041
466620
464168
464579
487019
464798
464078
465304
464094
464583
488549
465624
465299
466396
466913
465602
476155
465245
465944
464984
466082
465559
475885
464594
465298
465282
464865
473460
465050
465723
465831
466011
465144
476328
465415
466034
465691
465714
464782
471063
466331
465400
465223
464866
465894
471161
465101
471715
465749
465951
464335
477466
466203
464296
464516
467418
465602
475753
465479
466729
464915
465075
466021
467746
466183
465362
464714
466206
466398
466036
469161
501069
464170
466151
471056
465213
466229
465342
466738
464610
471209
466593
466708
464858
466503
466399
495558
466284
464513
464367
465606
472692
464625
466041
466191
472359
464776
472038
464162
465087
467023
465418
465528
476657
465118
463788
465538
464113
464360
471044
465914
464634
466633
465575
465878
490636
464789
465239
465409
465828
475992
477890
466317
464866
465292
465187
465425
465462
463821
464616
463626
464124
467409
463790
471190
465522
464385
465445
464665
466074
464628
464282
484222
490625
491581
465273
465644
465747
466051
463532
491265
466895
464503
466005
464689
463806
477812
465451
463738
485304
466217
478805
465560
465818
465101
465345
465887
464132
474997
465470
465474
465041
466449
490754
464576
465843
465562
464048
465334
477826
465494
465512
464360
466183
466352
470711
465227
465600
465193
465781
465903
464318
464896
471345
465057
465386
465773
465531
464043
493033
464890
464511
472597
467670
465160
467499
465038
464106
489563
466290
464178
466138
465113
465398
487209
465706
465023
481764
466427
464707
489293
464900
465395
464196
463835
465870
466842
465130
463923
463946
464552
473742
465319
465376
465587
465814
465233
472492
465812
465343
464552
473771
464569
476617
464984
465609
465680
465701
466199
470124
465168
465124
465201
465648
465397
472032
465433
464021
465062
464491
465033
478688
464913
465365
465444
467538
474907
465106
464677
465257
465372
468459
465679
465306
466390
464275
464688
466118
477147
465172
465986
465360
463900
469298
478038
465801
492804
496986
465803
466177
496772
465458
466571
464769
464085
468713
466241
465926
466225
463993
465289
475175
463807
465587
465052
464753
465359
479844
464501
465557
464873
465034
465660
479070
473943
465146
465273
465176
464001
491405
465588
464884
464999
465433
464288
465507
464344
465479
465191
465200
465695
464994
465428
465367
465327
465762
465194
465142
468856
469331
464701
465098
481513
468077
465120
481316
465490
465164
495466
466960
465700
486591
466000
465310
472194
467525
465540
464403
466340
464152
466270
466963
464045
480899
466677
468045
465540
464571
465246
465761
463450
470255
465875
466331
464579
464191
466181
478014
466671
465562
465609
464407
466216
477226
466048
466126
463851
471303
464811
470702
465501
467627
466243
463910
465891
510018
464889
464965
465923
465428
466287
464513
465160
465507
463863
465435
477962
465187
464686
465308
465525
465483
474286
466169
464644
465839
463809
464329
478442
467181
465084
464915
464364
465733
472305
465161
465985
465988
465485
464154
470720
466706
464517
468329
465392
464980
489411
465258
479276
466235
465470
474453
471458
500170
493380
495021
487509
487393
465615
465532
464945
466332
465514
494874
465126
465346
465205
465402
471746
466241
482310
464517
465415
466687
481165
466905
465865
463933
465875
467312
477554
465128
466000
464028
465561
464758
470955
464972
466368
464175
465192
465291
469819
463553
474116
464224
465014
467031
500440
465676
464254
466335
464202
471089
473062
466375
467046
464990
466778
472769
464347
464563
467003
464160
464419
477645
465199
464703
465879
475274
465558
472088
465490
465311
466246
465476
465053
471128
465312
465562
466050
464648
465221
496753
465635
465697
466637
463373
466131
465571
463935
465401
466187
480777
465777
467009
465528
465578
466244
464852
465461
466347
465452
465698
465020
465484
472938
463934
464434
464159
465883
464041
489337
466113
464508
465203
466584
476005
477973
466333
465654
464518
465486
465227
464395
464969
466168
463989
466001
466297
465003
465938
463909
465691
466184
476131
464572
464430
464187
465602
465836
482314
483163
465827
466706
465665
464563
515787
486692
482796
503074
469931
466254
473185
466307
465229
465504
465201
476173
464021
465281
464780
465642
467412
473402
465564
481524
466661
465901
466113
493581
464541
465271
466268
464913
465016
470933
465326
465096
466146
465028
463740
471788
468054
464999
465885
464499
465916
466116
465509
468085
465364
464734
468572
463624
466999
464163
465993
465547
471505
465650
465159
466309
466023
464004
476614
463480
463995
464236
466251
464218
471530
465294
466739
466006
476823
465756
471794
464781
465346
464509
464867
464343
466652
465899
463657
464899
467647
519125
467092
464224
464608
465725
464818
464679
466358
466079
464369
465416
480744
476375
466093
465607
465475
465018
464057
482871
467159
465735
466192
466039
465170
471969
465479
464781
464520
465498
464436
476953
465773
464793
465042
465361
470553
465538
464478
464499
465457
465147
465048
465849
465731
466181
465132
464920
478732
463932
463222
465935
464371
463852
470864
464124
466384
465582
465387
465876
489965
477658
464767
465631
482931
464979
499271
465324
464915
466139
465043
473531
465675
465431
464959
465902
464609
477609
466208
466035
465799
467065
464345
481501
482791
481152
465702
465302
465086
491349
465639
465024
464650
465392
475937
474115
463586
464708
464104
465222
471573
466366
465709
464606
464941
463192
470686
465088
466158
474610
463770
465797
472016
465630
466128
465316
465334
466475
496745
464222
466545
464223
464468
466124
470795
464632
466125
464319
464160
466210
466073
464526
465076
468631
468405
478567
464140
464123
466410
464539
466142
465941
465989
465711
465866
465689
464691
482461
465574
464592
465867
464171
465489
477770
464337
464180
465876
465058
481138
472373
466988
464857
466172
465050
464710
465785
469140
471591
465750
464008
467115
466139
465823
465414
464309
464458
476753
465858
465324
464422
465137
466232
474879
465508
465034
465270
467716
465282
476613
465091
463954
466324
466453
465294
470239
466241
464815
464384
465853
465149
470507
466279
464187
464061
467070
465354
473966
475830
463469
464939
465734
470710
465499
474901
464327
468947
494663
487244
465822
465713
466637
464506
466302
493930
466095
466013
465712
465442
466492
488073
466161
479900
466120
464270
473101
474293
463960
465554
465791
465840
477043
464159
463717
464892
463803
463462
473838
466120
465643
465262
465284
465169
473355
465594
465263
470674
466002
464372
476996
464695
465169
473324
464785
464517
491334
464414
464688
465955
464117
465764
471671
464110
465369
465299
465468
473008
465569
465421
464892
468242
466735
479566
465053
464181
466283
465140
466574
472163
464230
464679
465861
464884
465690
496546
465474
463971
465438
465828
465898
471066
465467
464957
465383
466589
487521
466677
466682
465545
465125
464718
466180
465838
464526
464737
465594
464542
471182
464350
464803
465901
464683
463774
484525
465403
465118
465584
463816
466277
482022
465898
466786
465196
463981
466259
470544
464657
465001
466750
465652
465797
465436
465307
465871
464638
463634
468412
467364
465072
465602
463850
464114
472142
465584
472389
466168
464954
464978
482228
465237
464599
465959
465646
473540
478474
472218
487338
498781
464208
466100
474709
464355
465201
466473
463711
473907
465330
464907
481419
465334
464870
470936
465528
466519
465187
465738
465678
489072
467011
464881
463400
465752
463912
471779
467291
465308
466486
466065
465214
477446
465416
464356
476016
465387
464792
464352
466246
466168
466435
466917
471777
466667
466606
464972
480487
466335
476498
465880
465396
465085
465893
466075
471579
466757
464077
465634
471707
466821
470873
466301
464846
465866
465229
466546
479074
465455
464613
463619
463907
465603
474204
466195
464732
465890
466761
466609
465681
465183
465788
465463
465531
484387
464209
463550
466236
464898
465608
470370
465212
464448
463791
465559
466121
472117
465815
466351
465667
464127
464520
496519
464791
463771
465103
465497
465594
470941
465552
464450
464580
466596
467396
467501
463838
465225
466072
465283
476276
466152
463913
464580
466499
465821
471163
468250
465449
464503
465313
465275
489758
466759
472505
465400
466737
465324
477907
466469
465470
465308
466333
465834
469812
467267
466302
483073
466201
468120
488015
502700
484422
466204
465533
485469
466634
465696
480399
465838
465414
489420
465035
465345
465963
464571
466441
486256
464533
465144
465208
465392
465274
477079
466424
466331
465079
464779
472147
464024
465387
465585
480361
465498
466675
465744
465974
467383
465780
463999
489653
466795
464232
465098
465669
466097
471971
471897
464389
465050
463991
466404
470493
465687
465956
466430
468440
465633
467270
464933
464461
464691
463923
465492
464070
464219
464175
466251
465205
474895
465343
465681
464359
465713
464372
476799
465327
464967
465656
466135
466039
490671
465332
466028
465589
466626
464640
471566
466281
463865
465201
465844
465488
478598
465880
464112
465039
466460
464523
474657
465144
463402
465400
465881
470728
471614
464480
465612
465939
464127
466485
466757
465626
465763
464472
463853
469644
463982
465823
465011
464863
464359
470585
465142
466308
466070
466241
465901
494014
466922
473817
464125
466598
464891
476589
464310
466088
464553
465041
467320
464436
464962
465909
464617
465550
465684
482903
464320
473250
496663
480858
486202
465865
464052
481785
465996
465674
490052
464060
463892
466577
466314
465942
476317
465718
464110
466295
464912
478335
468200
465719
465720
465174
465005
465741
467942
463949
465178
470878
465900
476615
466640
465023
463999
464683
463999
491662
466505
464390
464650
466688
464235
471158
465186
465649
465294
465637
466291
477176
464845
464682
466639
466605
471779
464301
464585
465540
465781
466640
470933
465566
467624
465703
465989
465897
486454
465217
466121
464259
465109
464692
470929
464600
465318
464965
465012
463740
486235
463631
465936
463956
464603
466010
505334
466659
466051
464267
465105
470558
465597
465183
466301
463846
465789
474555
465666
463573
465904
465291
464039
466435
470566
464771
464350
464901
463856
470494
464206
464787
466075
465253
464125
471372
464783
465348
465564
464757
465052
476961
465952
464419
468106
464645
464427
479655
464250
481111
466329
465306
464284
465032
463259
465236
464403
465028
477333
465639
464585
463812
464218
465145
468393
464796
465778
465193
474003
465570
471946
466085
465570
476039
466294
464041
496961
465465
486414
488277
487165
493557
465735
466000
465844
463600
466391
476606
466275
464729
464404
465224
464095
484940
464787
465718
464201
471971
466403
488551
464950
464581
464255
463456
464649
489639
464443
464865
463827
463762
464385
465538
465172
466213
465300
464953
471166
465924
464279
464637
465099
464371
481638
465907
463905
465394
465051
465439
476374
465653
464111
465016
465116
465219
483991
464390
464051
464517
464381
464302
472331
466062
464300
465046
465700
464712
493655
465123
465628
464403
465096
465586
465701
464947
464176
465600
463961
471118
465950
465211
463887
465295
464965
474072
466268
464756
464105
464642
464254
470329
471949
464469
464721
464829
465156
470169
464632
464288
465297
465917
464328
478029
465079
464253
465988
465216
464255
470261
466389
464238
464875
464920
464127
475405
465152
480409
465403
465141
489952
466770
464965
465920
465803
466376
470778
464288
468046
469471
465857
464895
471506
463619
466447
463814
465141
466017
476727
464332
483222
471902
493927
490216
470717
465852
465867
464917
464151
490363
465815
464947
465972
465413
463767
467615
465289
463939
465220
464213
464132
486569
467321
465390
466484
470075
465656
487437
465300
465458
464734
476153
464621
494443
464905
465861
465227
465512
468573
467064
465876
465816
465721
464580
474278
466674
464604
465542
464853
464493
500726
466275
464988
464015
466654
465520
470572
465369
465636
464120
465132
463996
490229
466375
465159
464483
464636
464124
464874
464519
465487
465396
465085
465437
481498
464366
465662
464609
467119
470419
465037
465202
463668
464975
465603
475478
465333
464642
465314
464594
467305
484629
465872
466560
464960
465736
465041
470829
472444
467178
465048
464855
466292
477897
465904
465258
464548
464720
464729
464739
466055
465040
465271
464015
465156
464248
465608
465891
463838
464509
475666
465719
465541
481961
464369
464874
471031
464529
465759
466086
464112
465425
470797
465595
465622
465113
465185
465859
477559
464316
465691
465208
464930
465766
471062
465630
465634
470071
464137
487475
466688
473328
491992
466765
464748
471818
466864
464143
465779
466237
465777
487404
466841
463470
465261
466270
463699
486709
468282
465230
465355
471158
467217
491690
465376
465241
482110
465370
472487
466361
464757
465822
465441
480598
464743
464017
466607
465538
465855
464863
475811
464551
465833
465920
466070
466332
486975
465240
464628
465816
465738
464311
470168
465490
465354
465170
465868
466249
495414
466143
463988
465479
464472
472850
463910
463540
466438
464064
464661
471405
473448
464560
465027
465613
487359
495200
508125
506687
507237
506594
508868
509198
500606
466316
467751
465555
483203
466296
464041
464866
464883
466055
493094
467103
482404
465622
466313
466160
487817
465008
465206
465695
465259
466482
464847
464514
464785
464191
465971
464764
466199
466195
465108
463585
465458
479546
465341
466008
476061
466028
465851
480289
463981
465195
464996
465725
465599
477244
464684
464989
465363
465841
466304
470059
464856
465695
464251
465693
468114
469934
464210
468569
466617
465608
469420
471380
465508
472993
467103
463870
500977
492998
465104
465750
465506
464210
487738
464570
464556
465952
465150
465081
495067
465485
465157
466057
464387
474734
511924
503930
465956
466218
464727
474221
466221
465869
464336
466341
465147
476655
466289
466650
464643
465928
463732
471850
465866
465918
465745
466016
464017
486222
468144
465101
465689
466165
466648
465114
464966
464063
464917
465496
474998
469486
465201
463609
463673
465044
472016
465714
466639
463743
465368
473758
475861
473038
477216
496539
463931
465672
472179
464003
464147
465860
465729
465644
470830
464529
465060
466230
465538
465981
476871
465176
464941
464031
465252
465814
464463
471811
466529
464546
465464
466659
466269
465226
465481
464081
465540
477926
465961
464270
465898
465201
466619
470681
465382
465236
467622
463930
465320
491197
465415
464948
481702
472669
465493
466241
467415
465543
467908
466418
470972
465302
464854
464977
465934
464199
466828
466783
466074
465750
464949
466349
475342
466668
465836
465325
470269
465912
489412
464577
466060
465542
465439
465863
477370
465518
465343
465689
466053
492158
491545
490192
465962
464662
466740
470806
466130
464560
464997
463968
470146
483959
466188
465984
464222
464488
466085
498862
465558
463800
466353
464335
467035
472523
464324
466233
463646
463929
471864
465772
464739
466138
464607
463821
466493
475987
465031
465948
465559
463841
465486
465306
465647
466115
465559
465450
482210
465134
465588
463479
464863
465240
477542
464183
464936
465777
465300
464623
472045
479316
465568
466407
465034
465433
479994
465121
465697
465929
464932
466889
465364
465557
465669
465832
465509
478891
466821
465496
465473
464793
464993
470947
463652
469660
464890
465167
465582
477474
464881
464828
465850
465353
465005
471216
466610
466019
465219
465488
465959
470243
466521
464267
466371
466325
466809
472257
465665
463940
480519
466557
479723
465562
464583
465358
465186
466554
469567
465038
466331
465245
464893
464096
477051
465158
466289
463686
463773
466946
471238
464729
466366
464569
473827
465651
490370
463917
465883
463546
465885
475438
464661
463918
466797
463852
482600
474917
497005
464462
465027
464048
465229
484507
465949
466297
465523
466056
470956
494954
466006
464400
465208
465318
465169
491510
464480
465761
465880
465321
476638
469239
465592
464825
468154
465224
477390
465399
464845
470762
465032
465284
471269
480822
465337
465573
466162
465769
470530
465220
465330
465810
466054
465732
496585
465046
465872
465745
466133
465486
471021
466297
465227
465861
465134
466041
466464
481341
464599
464724
468024
466291
466095
475443
465490
464463
466826
470045
466021
465203
465247
464353
465044
485237
466129
465833
465591
465764
464875
477643
465533
473520
464667
465132
464893
470788
465692
464617
465865
463767
465018
464578
465173
466213
465227
466084
469591
466612
465590
465170
465422
466077
472057
466016
464804
465099
481286
464875
472600
465472
465833
466618
463421
464897
476736
464663
465629
466386
463890
464032
472359
466065
465085
465402
465220
465566
467903
464952
465423
465951
474018
472335
464499
465439
463119
466012
465042
465659
464429
464131
465095
464654
463888
471118
465865
481732
464140
464921
499584
505133
465782
465953
464717
464431
470414
478395
466416
465617
465816
464517
498335
465394
464535
463827
465367
465992
469808
464268
466191
465064
463517
466153
483665
464276
464783
464666
464370
464180
489141
475173
465355
464016
464870
466728
479678
463901
465909
465680
464265
465438
474996
464690
464255
464306
465633
472529
466710
466070
465806
501877
465789
477886
464093
481224
466799
464979
464777
471356
464776
465224
464379
465656
464085
472021
463971
465298
466019
465004
465179
496113
463999
465524
464656
464557
465730
466650
465124
474352
467709
465302
470678
464937
465239
465096
465222
465783
466880
466435
463651
464620
466192
467008
470032
466300
465081
464437
464697
465604
489917
466446
465524
465130
479700
465504
494519
466273
464757
465610
464803
464239
466421
464376
464044
464449
464328
470660
464812
466345
465320
464245
466233
465893
465690
465389
465253
465857
482871
480463
465703
466096
465425
464199
467580
469880
464038
466309
465913
464508
466061
475304
464070
465706
466068
464611
472308
464557
491378
499175
465246
465383
477545
465797
464874
466095
463674
465194
475007
508678
506885
507710
507709
506697
472471
464111
464822
466271
464063
470716
468330
463837
465969
464893
465340
465601
474048
464014
465294
466211
466003
471461
466751
465716
464753
466390
464399
488022
466509
463953
465311
466054
464163
476566
464174
464283
464089
465871
463529
466399
464460
475137
465330
465569
471764
464325
465368
464632
463723
465860
464739
466013
466067
463748
464281
466016
478545
465336
467801
465608
465342
466373
472746
465227
465583
481007
464256
464461
476955
465339
465243
464628
464122
466458
470148
464798
468250
465703
465748
471943
465078
465636
465637
463424
463889
473875
464688
465272
466034
469883
465779
469480
466204
465493
466110
463973
463600
471847
464764
464607
466404
465130
465759
478884
465576
465476
465940
465184
465471
470807
465845
463822
465152
465408
479976
476491
465197
465600
465864
463873
478725
465161
464130
464260
465936
465046
465060
465034
463760
465028
466069
464928
469621
465329
463588
475658
466112
465564
498900
496962
484615
465258
465904
465514
479231
466054
465432
466080
463829
473956
465040
463720
463736
464700
464891
474506
464619
465931
466745
465758
465612
482128
470363
466438
465625
464133
466452
471816
464183
466464
464908
464016
464625
683035
468309
516305
464306
464305
473493
463746
464798
466682
465910
468637
470694
465030
472217
466041
463547
466111
478941
465808
465384
515151
466076
471958
466634
465698
465367
465267
464829
478870
466580
551661
465521
464936
464945
477386
466039
465252
468284
466255
465163
471998
467215
466423
465208
465413
466254
470898
466260
466585
464800
465861
465092
464415
466382
466701
464637
464784
479614
466012
465511
465213
465013
477035
472198
463855
463919
464063
465528
466598
477488
464770
465538
465349
465715
467030
474129
465725
465123
463892
463222
467023
469924
465578
466590
465684
465865
482439
475058
465849
467106
464940
465682
471389
465083
465699
464678
464982
464044
465601
464292
465477
467607
465099
464011
476421
464467
465317
464867
463848
465226
478126
482343
465766
464936
465286
465687
490309
464423
465134
468069
496665
500809
489174
467115
465528
466385
463877
470490
465976
464748
463320
464523
463947
481223
464358
470430
464048
466377
465306
494977
466372
465782
463763
464632
464779
490047
465021
464070
465056
466530
464503
464997
465935
463433
465792
467176
476596
463905
465998
481314
465490
464880
472445
464887
465789
464908
465614
467566
470387
465258
464274
465371
466236
464296
497216
465646
463959
464099
464471
465196
471466
465686
465472
472556
463579
464785
464408
465411
465670
465026
464056
467134
464268
464871
466002
465050
464482
472296
464735
465444
465089
464226
465467
470069
465548
465564
466049
465070
481283
478405
465120
465066
466153
463498
465530
471667
464589
464503
464223
464351
465463
471012
465146
465194
465794
463482
465106
466575
465254
465371
465759
464795
481522
466528
465437
465272
465760
466599
464214
465527
463516
465556
464614
464650
475918
466373
464094
465975
465013
465124
470805
466885
465524
465830
466546
463936
472872
466701
463880
464990
484190
465559
476213
464782
480376
489644
489298
498325
465453
465583
465402
465636
465978
484036
466484
465730
464947
465459
466181
494045
465337
471720
465370
465083
465637
487268
463949
465298
464061
463648
465737
474009
463276
465942
464554
463338
477620
465794
465002
465877
464043
464189
466388
464990
465282
482126
465527
465764
471221
464128
465652
464693
465313
465482
477318
466100
465298
466271
465285
465613
490256
465887
465030
464450
465262
465449
465425
464542
464995
476540
465958
477372
465978
464978
465189
465412
464746
466065
466516
464018
464168
465848
464990
470377
464178
463485
464134
464800
464265
494225
464753
465228
464391
465781
480097
487259
465045
465908
464248
465772
464268
470958
465061
463741
483706
466510
484590
466758
466091
464172
465770
465091
471098
464971
465026
465490
464168
466614
484591
464362
465959
463561
464114
464983
480325
465150
465138
465580
464899
467622
471019
464857
466910
465050
465310
465023
470155
465313
466057
465322
464890
466630
469186
465725
465044
464720
465871
470945
492759
474093
466233
465010
465205
479490
465260
467483
486055
493344
489803
502453
485823
479328
466035
465039
472096
465589
472656
464966
463381
463652
480094
466157
464210
463702
466301
465830
485216
465931
465037
465271
465475
464086
487547
465342
465536
465326
466179
464790
474687
466437
463884
479930
466089
464430
465015
465599
465216
466209
465706
466260
465006
465000
464432
465313
464750
479244
465413
466271
465034
463595
464714
475532
464984
465144
465166
474146
465362
471212
464276
466119
465411
464338
466324
470856
465705
465027
463851
465666
465803
477116
466000
464833
463477
464267
465431
477445
465431
467735
464307
467440
472920
465583
465390
465646
464972
465358
466562
464490
465341
463812
465318
464009
470714
465312
465294
465886
465018
464077
470169
464377
465185
465833
463256
464082
498469
465087
464713
466081
464974
465385
470947
465133
465222
466321
465582
465628
465707
465329
465200
465443
465923
477291
464966
464374
464954
465407
465159
472719
472491
465145
464455
481890
464023
486247
466206
464977
466481
466563
474765
488574
482158
494292
465286
466082
472750
466983
466165
464788
465078
465964
479352
465634
470866
463479
469342
464266
483695
466510
466449
464968
465125
465055
490862
465524
464867
463797
464626
466410
470402
464137
464896
464067
465718
464920
477463
466519
464380
480720
470770
478026
498031
465778
465062
464765
465946
465852
466801
466833
466175
464563
465723
487444
466158
465193
465939
464655
465324
470523
465288
465251
464244
472624
466493
472429
464602
464477
466382
465359
465925
465326
462963
463694
465695
463795
464637
464219
463817
466269
464356
465041
472846
465804
463577
464755
464521
464707
493998
466443
463320
465226
466108
466352
470282
465557
465814
464390
465761
463822
471343
464601
465226
465253
464898
465160
477405
464445
464976
465649
465939
464762
491258
464718
463650
465629
465805
471689
463480
465961
463211
463523
465795
466292
464719
464303
464982
465097
465926
471639
463911
465199
463758
464507
465884
490109
473368
464704
464465
465524
465894
500690
469699
465557
464730
465088
465805
466272
465191
466314
475144
464261
500204
489209
468967
465079
464019
465922
488978
466071
470980
467155
465415
465610
487401
464082
463332
465581
464146
464858
491223
464555
464162
465241
465298
464220
466835
464065
465151
465148
466167
465033
465541
464260
464428
481375
465351
464740
465466
464633
465284
465611
465181
477076
466504
463641
465055
464501
463657
488963
466395
465181
465334
464783
466202
469719
466513
465221
465879
469796
465812
475100
466043
465345
463491
465336
464935
465749
465602
463818
463601
465768
471114
465681
465324
466057
464625
464701
474123
467234
465381
465168
464537
466533
492639
464932
465743
465176
465131
466052
470137
464646
465388
466102
464505
467150
477252
464018
464584
463651
464597
466068
466246
465491
465932
464961
465469
476637
481203
466130
465737
464311
465821
464684
464218
464081
465384
464828
465181
470454
465569
466279
465096
465734
465039
471400
464584
464970
466256
465662
463668
477326
471767
465059
465841
465130
465258
485972
463985
465466
465672
464452
466306
465736
465246
464857
466630
464895
476617
482310
464541
465946
484904
479571
508838
464969
463821
477801
464520
464338
488166
464916
463739
465426
464874
465318
496721
465301
464604
465708
465762
470578
466280
466696
464232
464482
466055
471823
464033
464949
465507
479810
466484
483719
464538
467500
464336
465210
467581
473185
464744
466312
465088
465972
466017
489371
466077
502659
466931
464276
466496
466962
464229
466575
464345
472857
465736
465532
465710
464592
465562
464201
466680
463677
465639
467469
465342
464272
476323
464877
465611
466359
465530
464166
490383
465919
464376
465143
465492
476316
492802
464408
464627
466603
466099
464398
466935
465483
464048
467194
465410
465798
464787
463790
463666
469571
469741
465297
466493
465510
464287
464917
465272
485355
481874
465862
464782
464218
487022
472253
466797
464359
465493
466064
465077
470382
465878
463805
466316
467650
465315
465856
467672
467210
464098
466599
470132
465383
476924
465437
465644
467411
476585
466047
465583
464189
463814
466416
475904
465732
466103
464849
465590
466162
470925
466126
465528
464207
471675
466063
478344
484246
494024
471009
464386
484547
465935
465931
465508
466114
464329
476696
464924
463683
467340
464986
464782
480576
465929
465508
465882
466668
464448
494736
466152
465075
465984
481961
467402
470651
464605
481443
466202
466096
465638
466314
466131
464991
465566
464722
485059
465609
465270
464685
466269
465050
465564
466109
464280
464425
465819
470766
471260
466306
464311
466381
466748
465152
476786
465483
466494
464198
465919
463922
470237
465016
465004
465226
465798
465574
490279
464956
464363
464307
466118
474666
474214
466667
465650
464638
466168
466574
466203
466275
464140
464166
464341
469420
465108
465942
465635
465471
464362
478563
464167
465217
466000
464938
464933
489602
480006
463972
464076
465587
466592
471586
465597
466445
465055
466366
465910
465093
465730
464168
465706
464159
465941
464515
465876
465768
465370
464813
466001
465330
470078
466070
465498
464168
489453
464076
490204
466985
464975
464904
488402
464459
465740
465611
463997
464134
489832
464528
464507
465487
465084
464262
475082
473110
464721
478642
465353
505472
494506
488869
465001
465576
464641
488750
465860
465156
466153
466026
465902
493899
466387
465003
464310
466858
465097
486169
465105
465251
465243
480388
467931
467103
465506
465033
466293
465832
466169
464389
464960
465477
464183
465901
479785
464937
463344
464372
464701
465561
471501
463837
466452
465294
465755
473420
478504
464820
466663
465644
465657
465050
486187
466125
464753
465241
464786
465878
465797
465394
464473
465282
466123
473831
465291
465846
466167
465075
465021
485579
464322
463666
465940
464596
465148
471226
465528
463990
466376
464118
465592
478686
465394
464059
465359
465571
465606
471430
464063
464424
466079
465313
464276
477337
480157
464407
465755
464623
478391
465248
465507
465484
463674
465920
464922
465986
465670
464744
465197
464077
471938
466188
465234
465425
464727
465115
476700
465005
470408
465040
465741
465442
489595
467563
465657
465792
466072
465265
466017
485954
465298
465995
465945
474947
464959
463429
465190
465373
464998
465136
465958
465858
464843
476966
464744
483318
464536
465507
472833
490896
483149
512886
465375
464863
465321
465110
465414
475024
464538
466232
464408
465778
475912
465791
465739
466535
465368
482079
484797
465072
463264
464841
465710
465839
472904
465222
464609
465018
463833
465657
489633
465052
463329
465214
465048
466334
478962
467013
466330
466403
465084
474929
465211
465171
465670
464920
463786
471207
464726
465417
465284
465973
465153
465071
464273
