1082326
680970
427217
426226
424800
426581
450911
450964
452833
450903
449957
451616
449399
449903
450122
447772
449106
450276
447107
447743
490928
449107
449045
448898
451669
452515
450413
450039
449623
448905
450832
448583
456798
447838
447824
447653
447878
447704
469899
448961
446470
452464
448012
452326
503391
449017
489453
449000
448079
449696
454261
449298
447469
447370
450805
447635
461187
450763
447601
449584
451173
448770
455829
450542
447907
449149
449797
448138
447841
448002
447172
470534
450571
449848
450895
448777
449526
449986
448803
449699
456229
448194
450083
448949
447748
447959
449875
454664
446818
448455
447871
449910
450067
460539
449235
450355
449510
490550
448349
455346
447792
447510
451216
447759
448508
495012
451043
447555
446844
449364
448250
461790
448004
447630
446821
448374
452088
451908
448158
450268
450406
450509
472712
463156
448143
453030
535058
512235
448067
476920
450983
449901
447627
449933
450864
511939
452413
450841
446834
447034
448153
470077
474077
451274
450217
448545
447056
510999
447124
449116
447923
446911
448548
455041
447327
447010
447700
448145
446927
449262
448219
451717
446843
449878
448062
496678
450474
449122
447621
449777
450390
450655
447614
454863
448352
449055
448235
455951
448560
447139
450139
447985
449532
448484
459756
449707
448428
447480
448937
449820
454537
448966
449500
449782
448299
450164
499459
449859
531817
450694
448867
445826
459732
447681
446807
447929
447247
449139
455414
447656
449587
447932
449180
446266
454195
447108
451766
449542
448483
447365
465498
452684
452081
453284
450125
447399
496443
451405
446283
446543
450457
447530
449336
449608
449226
448301
449024
446265
451558
449640
450786
448613
448231
446571
449478
458435
448023
450238
448351
533793
448646
451793
447805
447298
448864
450387
449516
500888
447422
447304
449500
448326
448283
455313
449931
451067
448010
447804
448702
455166
446649
447749
448934
448902
523202
460993
448437
447759
446961
448156
510551
455189
571345
451886
448214
446800
449584
511052
448273
448637
449733
446420
448453
478441
448078
447132
449878
447491
448135
552698
449570
447874
448330
447660
448284
470545
449932
448242
452029
448980
450130
462137
450164
448842
449389
447773
448763
499372
451123
446805
448238
448161
451000
455337
449714
448603
448924
448070
449234
461569
447119
450441
450368
446393
448301
447135
449923
450093
449296
447863
449723
453993
446595
448787
447084
450408
447120
448266
500248
448541
537235
447783
449004
448323
448511
447788
447804
448318
448078
449630
453638
448901
450828
450363
446823
448249
460255
448889
448805
447757
446579
450497
456712
448603
450359
449224
448837
449328
499554
447480
448375
449490
447732
449507
462706
448910
450874
446536
448519
451068
452229
447371
450332
448798
448027
448874
448947
450054
448765
446708
447724
535409
449319
448612
447776
449955
447732
446991
489332
447881
452305
447790
449407
450372
446383
450117
449311
448015
446613
448979
446917
458880
450129
448269
451033
449121
517688
470313
448570
449993
450813
448890
449245
455695
449584
505542
450395
447393
572120
598565
500688
447936
448556
447229
455190
449483
448365
448956
449340
449982
449425
534919
448957
446244
449691
448921
466695
450970
450772
447182
448971
451073
448507
447876
449397
446719
447524
447605
447465
494631
447704
449883
448606
448382
447282
501409
485924
448182
448661
450242
450414
453764
446812
448250
447625
453494
450810
455989
449120
447252
449302
449076
446571
458576
449830
449571
448721
449069
447839
500017
449893
446580
534840
449513
479023
455793
448743
448052
448843
446966
449719
461115
450745
449066
450274
446965
446558
449416
448045
448185
447791
447426
450333
448079
447097
446798
447820
535912
451236
451748
448329
449366
447205
447506
448037
448620
449796
449350
447793
448005
446747
447291
454002
446870
448619
446969
449106
446561
462226
446876
447388
450159
449851
454096
455251
447736
449412
447853
447485
452590
497164
447421
447691
449108
448179
449452
462061
448467
448105
447088
449720
446742
454741
446523
448318
593727
449051
449677
552870
448599
448677
449611
449350
450342
476006
450579
447469
448678
447076
446999
526835
448609
447796
560279
505919
448965
471604
449154
447108
450101
449369
449197
479967
456550
449585
449344
446473
447347
470602
447766
449136
449740
447785
448850
454866
446854
448797
448025
447369
449110
498349
449769
446800
448535
448133
447480
454687
447593
533422
449570
447282
447989
455554
447512
448616
450812
446251
449245
451238
448016
449439
448923
446679
447667
446928
447841
446632
447762
446971
449144
447372
497348
446706
489638
451290
447141
449563
449930
447023
449980
449011
447089
448055
454958
450404
446823
449355
448718
448337
453879
447837
452513
447891
447827
447344
462033
447873
448517
446402
533588
448920
499904
447463
447088
447207
448481
449197
454438
446922
451716
449653
447767
449396
461435
450998
447605
448416
448290
448580
447502
448502
449854
448015
447045
451515
449789
447373
451240
447793
447939
448798
447343
451362
450226
448496
448804
449625
447890
448414
449167
450383
448241
448193
447841
452350
449563
448274
448109
450152
448398
546586
451515
448889
447457
448300
449450
454454
449433
448161
447528
447944
446984
494937
450536
446699
457331
451969
449057
464009
635188
507227
450145
450272
450152
459643
455246
501397
450255
448776
454356
450514
450689
447565
446903
448267
464026
451272
448733
450659
448773
446906
449374
449393
447715
450075
447419
450255
446896
492501
450387
495638
448663
447353
448242
511057
454124
455364
448405
448566
453123
450364
450164
447827
446685
448232
449645
450830
447472
446607
447537
449645
447844
505959
448568
449620
489749
451618
449472
453263
447150
446465
447046
448086
448723
453661
449836
483008
446547
451439
448886
463198
448918
446779
448884
450812
448879
452429
448211
448191
448222
449575
449833
498174
452248
449737
448099
447560
448238
460048
450051
449004
448398
449351
447470
451412
449163
447640
450789
448429
448184
450099
447225
447321
449188
451264
449646
495144
448497
448355
446634
448615
449069
448183
492483
447449
448593
448098
447781
446563
454558
449804
448514
446927
447116
449029
461219
448749
448526
451641
449370
449725
544262
449769
450080
447458
448110
450250
454297
447005
448777
449548
448992
449584
498172
449388
450084
449289
446439
448040
453598
452344
452331
452489
504909
485284
555764
533172
451050
452036
446793
447943
483861
448440
447454
450908
448056
447719
472024
448511
448029
446527
449098
447120
514235
449941
449829
449346
447069
450134
460697
448140
454446
451343
448332
448066
454651
447260
449972
449450
446082
450009
455204
448022
447392
449139
446338
448693
448815
448319
446902
449934
448133
446940
450140
450757
447578
449175
539625
448124
449065
446305
449753
450911
448904
446452
449054
447038
448585
448173
448979
448654
452924
454611
449599
449246
448937
447953
447136
453727
447950
447951
446935
451035
449842
506722
452822
450248
446569
446398
446969
454241
447553
447052
447934
448662
449003
454784
446690
449415
449078
450101
446562
473472
402538
396353
395832
397008
395089
397135
452493
397170
396321
395619
397284
396167
395129
395407
397308
396996
395292
396140
396308
395081
396411
408287
395325
395522
396290
396398
396073
394968
402036
396225
394718
395639
408405
395800
394748
396639
479786
396500
396451
395434
395834
396520
396886
395948
396891
396210
395670
396298
395315
395156
445784
395773
395635
396250
396034
395907
395276
401651
400798
404601
395787
396444
396617
457569
409789
396952
488039
397753
396557
395523
397109
396469
404478
452382
499934
430452
452561
442476
434375
497045
454978
397721
396394
395160
399665
396728
395194
397809
395599
395597
395179
396040
450244
395516
395453
405348
396695
397333
394553
418951
397306
396034
395618
396903
396335
395595
409596
397131
395452
395737
396812
395034
396052
401604
395433
395537
396398
395751
397353
396630
396467
397904
396511
396653
395545
479175
396603
395199
407014
396843
396601
396140
395070
396783
396448
401613
395723
396427
395003
396968
395973
394811
401560
396776
395342
394486
396674
395474
395641
396258
396204
395036
395992
394879
394799
482583
395227
441917
396741
395144
395742
398227
396381
395769
402844
395191
395906
396880
395200
395110
395909
408443
395779
396737
396233
395811
396627
394991
395569
397098
396300
396761
395435
395675
395595
435156
402814
396587
396333
396796
396339
395873
395096
450464
396529
396526
395413
396551
395779
395098
401765
395810
398267
396020
397148
395799
394887
396301
396730
396474
394574
395666
396567
395074
396577
428513
470120
397344
396458
394320
396719
395707
401366
395418
396862
395231
395734
394803
396059
398845
397371
396211
397141
396571
396258
395386
395516
396047
396695
395441
396048
396956
395127
395208
401868
395115
483434
407235
396252
396379
396050
402333
396314
473724
444754
442389
505790
396955
401556
397047
396591
396224
395972
396541
395507
458019
396979
396338
396600
396350
395081
414692
417450
395300
396595
477343
394697
395124
396193
431288
395955
396513
395561
395860
396775
395116
395883
394843
394825
396382
394615
394973
394807
396466
400755
395359
396036
394979
395027
396327
394665
452780
396480
394760
395206
395423
402580
395244
402282
395253
394981
395749
394758
395260
394982
396165
394835
395160
394390
396946
396642
394627
395347
408401
394788
396802
396717
394604
395476
394816
400681
395589
396027
396543
395059
397933
481067
441510
395548
396032
395220
394548
396164
395472
395123
395479
395824
396326
396066
394933
396280
395828
400973
395804
396106
395566
396169
394619
395028
401658
395051
396365
394545
394795
395195
395898
490002
396052
394903
397568
395329
396377
394647
396176
396690
398243
396643
395722
395856
395509
395908
401392
394883
394824
396177
395160
394643
394884
408690
394666
395950
396397
395769
438417
396400
398301
433966
395740
396210
394469
395418
395967
394877
401443
395557
395029
395728
396413
394907
398423
464619
396640
395384
396317
395991
395342
394748
401334
395356
395837
395839
395429
395735
394959
400255
396161
394477
433916
396151
396180
395248
395885
396837
395658
396348
394705
468330
429039
478378
467484
512978
397822
397147
397387
395811
453651
396139
396123
396693
396084
395885
396312
454763
396051
395577
396161
474071
395822
396186
410756
395583
394770
395057
405574
396344
396268
395238
396561
394891
395550
395627
396660
397996
396629
408948
396941
395016
394246
395020
394780
396434
448740
396289
394505
396714
396141
480964
395196
399742
395119
395310
396219
394809
395374
395970
395512
396344
396337
394795
396502
396041
396132
395118
400036
394486
395526
395940
394878
395467
396228
400125
395152
396716
394810
395144
395565
396201
397579
396486
395373
395615
395943
396129
395154
396385
400678
395592
396135
394737
395849
394782
394691
402155
396935
396355
398296
396227
396437
396186
407620
395596
396233
396227
396123
395492
395753
395019
482524
396102
394781
394932
396486
396183
396413
486147
395676
397066
396000
394641
396202
395816
409401
412771
397248
395653
395017
395663
395874
402989
395472
394732
395521
396398
394806
395418
396382
395038
478920
394736
394680
395460
395841
395589
396156
396197
394391
396695
395724
395888
396215
442479
395312
395147
396100
395942
418823
395927
401110
395117
395030
393953
395232
395860
394452
395959
395010
394689
478053
396070
394763
395359
396056
395250
394985
396018
395214
457184
396673
394337
400664
396277
467087
508429
466770
466110
424552
396436
394676
395336
395860
394415
394102
394410
410055
396042
394751
439932
396098
394831
395865
416200
396203
395311
395126
396428
394959
395164
428228
395576
395455
396119
396664
395860
396103
401238
433174
436107
434855
431946
396468
395052
459409
396458
395335
395137
396122
471199
397042
417383
395088
395536
396493
396205
395252
396200
395871
401514
396126
395441
394834
396131
394684
395504
419635
396161
395047
396280
396330
395314
396045
409402
395585
395955
394379
395132
395277
395393
452162
397192
394540
394867
396310
394310
394854
400160
395280
398332
396090
394557
395270
395749
395027
408294
396316
396135
395724
396580
396276
395397
402669
395918
395687
394695
396603
395770
395030
395959
478641
396613
396173
395227
395841
394716
394917
397323
394768
397040
396082
394775
396195
396646
402393
395633
395051
395037
395418
395981
394568
403687
395920
395871
395176
394991
394920
396557
458065
1093408
1030893
1234215
397873
396600
395200
395669
400537
396546
396500
396980
394845
396124
396299
394973
408099
395646
396128
395227
395432
395303
395144
402934
395821
394907
482153
396195
395821
395233
401687
394649
395531
395969
396028
395259
395820
395681
397365
452750
395228
395762
396118
500847
467558
452446
449623
398548
396222
394874
396347
447069
396755
395366
396212
398884
396805
395981
413829
395445
396310
395430
395160
395694
394652
395414
408216
395455
395038
396126
394873
395004
396314
402553
395058
396122
394683
393841
396166
395691
453253
398108
395876
395071
395873
397571
405019
403930
394483
395310
396228
395599
395494
395420
396442
395633
395751
394876
395541
395740
395753
395625
410173
396211
396601
395991
395962
395151
395021
409753
396263
395765
394856
395017
396100
394608
533024
396754
396068
396564
394467
397511
395042
395743
395529
395475
395920
394214
395782
396066
394844
402171
394355
394401
396498
394775
394982
395315
401973
395160
395556
395229
394932
396060
395983
395520
474720
395673
395652
395377
394819
395521
396492
437618
395527
395140
394990
397191
396564
396059
402362
395359
396370
393941
395536
396049
405325
406797
396297
395034
395342
394423
395105
395463
396021
395479
394485
402799
394857
395405
396132
394481
401913
396175
395968
395368
396214
394700
394983
448593
395429
395153
395735
394686
396439
396016
401639
395180
411423
396327
394747
396155
396051
396919
394832
395973
395959
479922
394901
403687
468363
397152
395299
395010
394174
396434
396151
395994
402516
394877
395939
396352
394665
395090
396628
410449
396758
513228
441294
404646
395603
396341
403248
394491
395402
394642
478313
395671
394721
425243
396317
396090
395226
396105
396299
398108
416590
395111
395357
395932
395862
396675
396176
421883
395793
395728
396167
396570
394913
396151
396559
397823
394925
395728
395799
395996
444858
396140
400502
396965
395031
395783
395326
396562
395340
409651
395641
395901
395156
394873
394894
396288
399876
396169
395158
395891
395770
395582
395800
395854
402309
396261
395001
396809
396116
397382
395644
528388
395104
395692
394473
396286
396555
394743
402704
395015
395634
394663
395136
395763
395894
396619
395617
395148
395625
396038
395882
395462
395926
407520
395296
394655
394856
395000
396322
394567
401407
441857
394986
395150
396330
394937
395429
444501
395737
395142
396241
394885
394628
395709
394929
395989
395930
395943
395156
396072
394849
395676
401478
394869
395712
395609
394989
395128
396160
443914
395544
398212
395743
396556
395983
394838
406650
396580
394261
395199
396212
394553
395326
395711
396721
395822
395630
394652
395744
396224
396068
401677
394886
394673
396026
395646
394681
394930
406605
394874
395670
395770
481367
395682
394735
400075
394797
396216
394509
395682
396246
394993
395214
395860
394799
394782
396093
394728
395187
395661
446060
395562
396060
457288
396807
396094
397433
538298
432863
506674
395803
473412
394903
395255
411024
394931
395295
395769
395740
395564
395818
425075
395057
395530
395001
395209
396385
394770
416492
396411
396639
396516
394653
395425
396277
399373
395100
395003
396241
394932
396447
448821
397343
396976
395694
394877
396336
396353
394617
397075
400854
395405
394978
394976
394852
395381
396070
402467
395047
398145
395847
396573
396145
395821
395774
396152
394657
395348
394401
395028
396776
396172
525015
397003
394915
394508
396385
395955
396067
403123
396391
395143
395339
396159
394978
395499
408105
394972
396150
396003
394891
395702
395950
395109
395412
395521
394939
395182
395862
394480
395070
400509
480024
396506
395026
394841
394950
395983
447014
396148
395882
394816
395746
394733
395007
400935
395843
394623
395304
395872
394785
393906
396449
394538
395177
394572
446041
397156
445729
397229
405372
396238
477379
397244
396141
394471
395092
416271
395931
396061
395915
395765
395288
396096
454122
395709
396167
394767
395210
396019
395120
419904
395634
394534
395255
394818
395196
394507
402048
394416
396452
394234
397434
395743
396638
394841
395584
396173
394270
395018
394461
394715
394679
408328
395112
395200
395353
395180
395641
396307
444635
395495
394558
395162
395170
395937
394590
446983
396135
394614
458941
499759
456557
396814
423675
396400
395577
396249
395999
395477
396008
399293
395899
395312
395956
395122
394730
394166
396306
417171
395019
395932
396452
394832
395438
395334
465683
395560
395979
395229
396549
395802
442217
401278
396037
394923
396427
395277
394862
394887
396077
394860
395267
394964
395853
394969
395971
396080
408586
396214
395142
395307
395809
395330
395149
401802
395866
395177
396423
394772
395166
396030
396763
475762
396330
394887
395539
395730
394659
406180
396275
395123
395387
395739
394849
396128
395726
402224
395370
395998
395286
395291
395838
395889
401584
396091
396187
395323
394514
394827
396281
395147
456091
485821
396791
395998
395622
394481
396695
395913
396889
394841
394916
394732
396078
395496
396272
394372
394780
396154
395553
395131
395175
408581
395232
395823
394753
394895
396221
394535
400768
396080
395068
472739
394770
394884
395267
394947
395735
394803
395743
395613
395648
395684
394660
450833
395400
394653
395456
395703
395454
418566
402787
394599
395443
395226
394331
395361
394652
399866
395046
394650
395062
395852
396159
394892
406651
396179
394752
394919
395359
396143
394984
395794
401558
393975
395832
394842
394748
394553
394912
443602
396337
395003
394854
394823
394980
394828
396590
395522
395739
394739
394407
415614
443298
401020
463821
445309
485826
427427
396106
394764
417740
395310
394535
394951
394983
395468
395263
424552
395181
396383
394782
395131
395360
395205
395190
396975
394977
395210
395171
394899
394764
484198
405217
394798
396240
395060
394804
395100
394828
429340
395499
396153
395824
394855
396561
394801
401754
396471
396098
395863
394704
394604
395144
400138
394536
395156
395098
396065
395082
396351
394696
456152
396319
394883
395440
394491
394185
396150
401086
396133
395701
393449
395324
394953
394549
400188
396625
394364
394945
395414
395955
395726
395254
396553
394494
394852
395883
395021
396262
396065
400494
395188
480757
394785
395161
395912
394842
447690
396144
398193
396259
395117
394939
396612
407322
395151
395382
395988
394694
395224
395673
395889
395281
395915
394156
395128
395761
395137
394756
402700
395081
395493
480018
393724
395176
395028
407650
395292
395222
394881
395023
395644
394693
396807
396489
394743
395342
394422
394673
395543
394985
401084
395507
395980
396169
395306
394712
395253
408394
395024
394353
395017
436593
395532
395072
401875
395108
395099
395947
394885
395534
396138
400210
395485
396208
394673
395347
396066
394367
395480
446205
395311
395562
396511
394552
394861
394654
401342
395103
395696
394913
395294
395940
480878
401030
395781
408532
395501
394997
395959
394716
398330
396088
395909
396046
394785
395491
395745
394608
406992
396916
396215
394803
396286
394132
395306
460666
395381
395395
394754
395094
395053
395022
492134
395746
395144
394545
395450
395562
394644
400616
395267
394507
395470
396175
394716
395191
394795
395404
395460
395937
395003
396341
395059
395113
408104
394712
394878
396441
396101
395524
395452
448569
480201
396715
396047
395111
396675
395996
402950
395022
396179
394852
395408
394688
394975
394930
405674
395034
395148
396328
395156
395042
395942
402011
395274
394840
394862
395322
394760
394747
400350
396087
394696
403900
395063
394700
394938
444165
395673
395782
394787
396367
394805
394966
396042
402282
395013
394735
395144
394602
395736
395084
401154
394004
395490
394567
395936
395413
395956
397338
395473
394857
396577
480942
394855
395934
395244
396363
396388
395510
395834
395986
395430
396023
458062
396087
395889
396191
395054
394954
397041
408260
395352
396065
394872
395391
395723
395355
396311
394848
395771
394723
395655
481188
395019
394891
395940
395079
396207
395594
396172
396344
395563
408405
396716
396479
395811
395664
395482
395970
442754
394726
396181
394774
396662
394414
394603
396910
396091
394803
395749
395673
394695
397839
395339
395542
395175
395964
394720
394934
454120
395283
401460
394961
394800
398613
512936
460011
462881
464223
452052
396129
396183
394708
396907
463098
395777
395298
394890
394760
395482
395125
402587
397389
395280
394984
396526
394645
394868
396561
416670
396336
396287
395105
395858
395248
396002
408391
395715
395840
396163
395055
396365
394910
402080
394993
395942
396336
394821
394981
397139
393753
398175
480483
396296
396184
396684
394863
396441
407944
396314
394862
396323
395101
396525
395068
401153
394616
395966
396048
396063
395443
393999
400734
395396
395623
394511
396567
395903
395900
395462
405398
394940
473689
395316
395179
395544
395879
443483
396020
396462
396267
396612
396035
395845
402948
395158
396359
396746
396356
395783
396191
395700
396637
396739
395897
396303
396472
394892
396066
422518
395578
395852
439574
397062
394904
395153
401831
394990
395559
395003
394826
396069
395060
448026
397492
394671
395975
396539
396077
396348
397549
395249
396284
396587
395084
395941
396297
396071
401432
396114
394352
395668
396262
484998
394054
408186
394013
396026
396319
396047
396756
397154
401707
396089
396258
394683
396734
394922
396227
402564
397198
396207
396108
396161
394714
396053
396389
408527
396322
395378
394850
396739
396634
441184
402771
395156
395025
397712
396669
394974
394947
401759
396071
395942
457832
395161
396479
395441
466100
451995
398407
505331
396515
395731
396017
461633
396664
394547
395855
396367
395773
396206
411943
400294
396431
394884
394407
395958
396137
398794
395288
397339
394733
394630
396899
394815
395877
396631
396199
395863
396468
394445
394639
396107
400770
394971
396203
394644
395947
395122
395228
452548
396501
483581
394460
395179
394342
394885
396934
393540
396547
395390
394371
395787
394888
395669
400400
396333
395804
395727
395757
396023
394956
408125
395419
395661
396208
395758
394466
395327
400088
396377
395311
480113
394493
396103
394642
395306
396788
396007
394672
395212
395631
395953
395551
407681
396330
394577
395826
395063
396263
394972
401796
395092
396199
394516
396269
394918
395981
459077
397161
395816
397084
398868
396955
396571
396875
396021
395719
395841
396170
396585
394596
395996
439247
395641
396217
396687
394743
395721
395298
402260
396436
396714
396055
396449
396075
394141
407467
397084
396041
396229
396605
395023
440026
396676
861361
952072
959731
812789
815095
815967
405303
395382
396142
396120
395360
395366
395133
418489
395250
395078
395920
396419
396013
397039
402711
396266
395941
395699
420817
395290
395919
406611
395334
395069
395916
395098
395483
395186
395863
401588
395482
398625
414489
413465
395085
395301
420077
396462
396262
394128
396660
396794
395241
525207
396580
395053
396026
394495
395173
395968
418370
395039
394768
394997
396499
395112
396792
407904
394789
395273
396839
396082
396551
463186
396592
397244
396218
394621
395343
395100
396553
396895
421292
396750
407584
394334
395784
396356
394894
401514
396904
396130
396486
396455
396147
395163
406808
395365
394587
396089
394551
394671
395006
396135
399640
396428
394872
396267
395808
394056
395984
402592
394718
396426
412010
395524
396234
396327
419374
395244
396680
395073
396287
395055
394135
394801
396241
396200
394897
395649
396768
394587
396734
401509
395134
397205
394629
395941
395568
394878
408160
395661
394608
395756
396648
404398
393960
396287
394767
396063
395800
394951
396318
395497
396275
420922
395613
394703
396130
396311
395804
396075
433332
396337
395945
395216
395846
394830
395600
401331
397019
395179
396315
396629
396108
411988
395175
397059
396227
395976
396379
396017
394854
395322
430326
396786
395326
395980
394623
395338
396764
420142
395254
395910
395137
395166
395538
396300
395571
396215
395139
396344
395236
394832
395244
397074
407664
395252
394630
395436
395557
396094
396113
401488
395926
396012
396247
394845
396093
396430
401217
395985
408467
394697
396076
409028
395724
395870
424926
428024
419061
395748
396449
396122
395340
406231
400569
395447
395935
394481
395410
396511
418166
396524
396005
396095
396720
395478
396123
419764
396464
396821
396673
394965
396044
394677
396880
395307
395364
394924
394968
396056
394998
396116
419796
396207
411720
395424
394916
394611
396758
408841
396599
395090
394435
394595
396415
395923
399977
395234
396106
396170
395175
395854
395048
394946
396154
395121
395419
396135
396023
396074
396407
406234
395684
394878
396918
396816
395908
396408
409824
395222
395013
396344
395996
394821
394897
394206
395145
394787
395687
397143
395003
394806
394938
407206
396177
396174
396858
394986
395736
395471
413999
415610
396417
396304
394923
412108
394594
394809
395559
396099
395362
396026
395959
396131
394948
424217
395828
396262
394673
395024
394683
394439
401047
396484
394806
395536
396575
394392
395944
401641
395167
398238
397084
395944
396220
404079
396378
397200
395117
395986
395832
396586
394744
395300
401389
396316
395139
396548
396056
395983
395843
412644
395301
395327
394952
395249
395108
396308
398687
402209
396308
394870
396641
394795
395868
396556
416464
396136
395513
395018
396664
395078
394454
400948
396490
395041
393761
394062
393810
394219
397386
396257
395853
394216
396303
396179
396817
396003
420247
412666
396755
394595
410504
411417
415285
423322
410188
395554
396788
395137
394752
395044
422494
396560
396528
395868
395644
394508
395940
407911
397135
396487
395700
395239
395105
396334
395427
428917
395500
395704
395500
394688
395404
396221
434734
395654
403925
395353
394691
394443
395072
402922
396364
395860
395370
395781
394893
394965
395853
394614
395316
394910
395031
395333
395171
395865
406373
396243
394951
396480
394707
396048
396184
400540
396640
396224
395207
411605
395861
395638
408761
396010
396210
395531
395153
395885
396299
396049
395508
396254
396642
395976
396674
398251
395844
401504
395059
395722
394529
394985
394777
394634
401252
396297
396231
396547
395942
405185
396250
405617
395155
395100
396723
395110
395362
396467
396088
419841
396305
394780
395289
395804
396233
396345
400269
396154
395128
395372
394471
396362
395932
395574
397431
396447
394932
397096
394876
394704
412323
401619
394448
394992
395670
394919
394811
396088
400794
396313
396109
394381
396002
395867
396094
412797
396573
394918
395962
394760
394330
395872
393926
396093
396561
395818
395169
395283
394926
394047
412111
394784
395002
395116
396045
395180
396079
407301
397207
396153
394897
395948
395180
395800
396195
395849
395072
396444
394958
395854
394714
394379
419692
394915
395240
396454
394973
396315
411260
408146
395946
408335
403594
419357
397766
424884
410655
396915
395132
394858
396335
394906
396312
395793
402593
395912
395987
394785
396865
395060
394938
424432
395119
394828
395510
396114
395120
395459
420182
395381
395294
410457
394912
395174
394845
397615
396971
394846
394674
395089
394552
395924
395472
406697
396055
396492
396160
396142
396614
395994
402052
396168
394941
396594
395298
395802
396565
401758
396278
396176
396215
398074
396564
396730
396116
407571
395463
395565
395247
396415
396275
395809
402633
394881
395825
395968
395479
394720
396484
400746
394875
396144
394611
394790
396231
394477
413864
395389
395106
394598
395752
395962
411690
395489
401764
396024
395519
395070
395987
396263
394110
420325
396440
395300
396168
396560
396448
396152
395725
395311
396279
396645
395546
396359
395379
395920
401363
396422
395775
396355
396107
396057
402898
402632
396141
396144
395388
394437
395141
396372
406006
396718
395101
394628
396020
396751
395330
395931
406807
394800
395808
395727
394604
396001
396439
417937
396569
396229
394520
395902
396541
395624
408114
412930
394801
396607
396732
394741
396142
395598
395822
395453
396287
396365
412098
396629
396025
401606
396705
395741
396151
396548
396057
394821
426128
395144
395662
395244
394895
395929
418666
400308
396257
412187
412673
396042
396573
394598
401113
408622
423668
411884
406101
427373
396456
395982
403401
395349
395739
396044
394763
395139
396108
418526
395114
394974
394980
395447
394706
394614
417153
396179
394932
406486
395271
394925
395377
399194
397036
395481
396151
394814
395487
395613
394959
400057
395090
396058
395357
394871
396316
396232
400533
395820
396744
396189
395876
395849
396032
406281
396548
394689
396187
396218
407899
396460
395371
407512
395223
394928
395670
394237
396567
395980
401392
395188
396004
396577
395533
395826
395629
407372
395991
395884
395132
413117
395403
395232
394744
404279
396020
395533
394929
395283
411557
396202
417597
397218
395074
396312
396263
394793
396701
427436
396187
394959
394852
394638
396224
396166
409113
396714
396069
396214
396235
395193
396308
396438
401920
396380
395135
394954
394972
394585
396104
409650
395650
395637
394928
395066
396068
394831
401721
394584
395315
396536
395825
394857
395906
397716
399008
395340
394669
394765
395363
394944
395315
406983
396322
394556
396896
396284
394979
396516
400577
416084
396622
394762
396445
396297
395227
401764
396701
396267
395510
396546
395051
395886
396128
395839
395402
396871
395916
396083
396407
396104
421548
395667
396611
395496
396492
396032
395139
401103
395730
405259
395385
396140
396270
396315
410586
400044
396730
414108
411247
417106
395968
394819
406318
395898
395352
396702
395827
396101
396497
417562
396542
396647
395144
395884
396474
395957
421142
396431
396040
395903
403733
395912
396551
398553
396331
395816
396489
394905
395392
396517
394829
401755
396173
394525
396536
396348
395168
396228
408066
394803
396607
396380
396384
394779
396433
401498
396168
395036
393860
394921
411125
394786
395027
410769
396287
394873
396644
394890
394665
395301
408078
395199
397000
394856
396008
396491
394986
401692
396186
395708
394813
395169
396322
394523
394850
396341
394559
396801
394501
396157
401474
399569
408689
396240
395851
396088
395144
396084
394592
416325
395918
395486
396249
396081
394830
396098
395922
395800
407718
394791
396015
395869
395213
395847
407151
395216
394816
396502
395967
396147
396326
417111
396438
395430
395048
396083
396727
394735
401269
396631
396298
395931
396685
394969
396257
396832
408957
396173
395553
394366
394861
396710
395765
418630
395605
396089
394997
396243
394995
395911
402110
401410
396057
395426
395011
394969
395056
396216
395794
396499
394750
395681
395635
396277
396053
404442
396292
396072
395316
396254
394723
395559
420010
396552
396236
396540
397906
396652
394814
395594
396924
396486
410571
395487
394368
396289
396551
395247
394965
395560
394933
413671
396339
396965
401066
397745
412835
395599
395419
395146
396100
424122
395008
398045
422781
427239
396418
396807
408124
396821
396579
395789
411341
395848
396100
395157
400877
395026
395748
394827
395840
394828
395337
424241
395296
396313
394755
394808
396942
395585
402872
396578
396043
396042
396166
394642
395700
405273
586317
439367
456441
394955
412736
395324
424678
396094
395476
396189
395600
396164
399346
400629
396380
396124
394762
394329
394687
394592
394970
396068
395938
395307
395791
479157
395533
395651
406995
396722
394692
395014
395431
396082
410574
402538
395269
473846
395730
394515
395938
397076
415366
396173
395422
395333
394948
394735
394868
395632
395342
395945
402055
395894
395823
395912
395568
402597
395262
396894
395847
394996
395267
395706
409703
395651
395971
399415
396262
394835
395640
397274
396077
396116
394107
393827
395413
396257
395758
419071
395212
396291
394816
395264
395359
395977
401265
395015
394899
395352
395633
395635
394957
407210
395485
411554
396527
395290
396727
395188
394025
396628
396034
394698
396376
395887
394428
396268
401693
394432
396132
395501
394590
396227
395766
418027
395723
395760
394681
396280
395720
396126
399468
395952
395005
405143
396212
394877
395242
395849
401168
395270
394777
394434
395199
395578
394515
408908
399603
401230
395024
394284
397796
408103
425587
402147
412525
395938
394397
396464
395915
395336
402771
393445
395826
400048
400013
395182
396064
425391
396303
396432
395032
396312
395143
394779
418389
395624
396146
395962
394944
394926
395095
400765
396262
394244
396886
396733
394772
396160
396386
405408
396181
396000
396058
396126
411455
395582
418225
396338
394482
395075
396003
396050
395183
401428
396301
396293
396649
395901
396709
395677
395757
397429
396365
396150
396488
395793
396134
396376
400709
396242
395269
394810
395700
395990
397848
401363
397457
395036
396115
396141
394905
395205
399212
400372
396537
395272
395205
396088
395576
395220
402522
396521
394746
396354
396516
395256
394695
401759
394827
396229
396741
396106
395609
396377
395344
411318
396747
395097
396226
396894
394997
396415
401366
395636
395999
395228
395790
396603
395448
420217
396714
395212
395948
396035
396342
394308
419058
396954
394948
395016
395168
394975
394795
395928
396230
404180
395780
394903
394855
394861
395690
401901
395606
395971
394861
395194
394185
396528
407049
395211
396512
395284
395614
394992
394736
405822
402271
395811
395957
395842
394785
393830
396400
401205
395947
396239
412143
396592
396389
396240
408258
395117
396544
395668
396622
396644
395600
395196
395525
395075
394935
396906
395610
408813
396895
394925
395948
409321
413174
419047
417590
396347
422950
395583
397498
394664
411060
396323
394610
418273
394920
395096
395298
396113
395076
395282
407595
396372
394272
396222
394978
396388
395959
395980
405865
397528
394840
395685
396023
394645
395381
401323
396184
395211
396312
395198
397043
396345
415532
395499
395682
394343
395406
394348
396208
395567
396294
396892
396415
395871
395986
395377
394517
401102
396719
396107
394687
395003
396417
394874
427423
394039
396142
395075
394727
396217
396263
423052
395301
396524
395976
396245
395143
395671
395020
411813
394723
395778
395199
395945
395650
395094
401689
394985
396539
394654
395939
397068
396268
407877
395582
394794
395983
395681
394806
395013
396065
397719
395023
395396
394878
396013
395082
396141
401699
396594
396277
395112
395332
395082
396064
420246
394878
394967
396271
395750
394795
395348
395115
396966
396544
395760
394766
395400
395921
394732
402090
396316
411637
395041
396446
395850
396194
407300
395179
395645
396236
396011
395045
394935
395165
395781
396243
394961
396565
395847
394770
395310
420404
395119
395183
395971
394507
395245
396189
408026
395198
395919
405567
395311
396142
394880
402146
396120
394580
394669
396022
395019
396054
396071
395241
395443
395760
395049
395310
394904
394665
407786
396356
396335
412551
396165
394828
396121
412532
396070
395777
396069
397279
420872
412441
405755
413653
410488
412394
417981
403403
401877
397168
394777
394599
397349
395852
394705
394196
395694
417508
396284
395339
394871
395080
395782
394604
418212
396361
394527
395285
395695
396111
411148
417390
395307
395646
395177
396782
395458
396005
395915
395665
395867
395962
396590
394983
394852
395510
400136
394788
396426
396288
395303
396328
396130
406315
395434
412325
395793
394590
396228
395511
405840
394813
395018
395552
395877
394743
396024
396078
421091
395330
396323
394920
394468
395169
394634
424344
396474
394816
395233
395772
395388
395791
409582
396264
396418
394797
396434
395236
395886
396031
395866
411755
394876
395284
396028
395958
395220
408341
394876
395216
396480
394668
396844
395175
416917
396853
396266
394896
395577
394742
395209
397410
400315
395011
394840
396203
396178
396450
395829
408901
396539
412701
396152
412086
409968
439652
403324
394938
396425
394970
395894
394773
395239
402045
394873
396632
394693
394795
396512
395941
413075
403672
394896
394767
395130
395709
396007
396156
410123
396528
396383
396324
396545
395134
396135
401263
396606
395199
395578
396468
394863
396485
408017
395268
395105
395268
394857
395835
396243
394854
399476
395377
395688
396168
396620
395205
394731
420968
395084
396084
395379
395339
410952
395376
426263
395055
396129
396355
394972
395517
395828
395924
395068
395321
425962
422298
411508
424235
419419
425874
410086
403680
396439
394615
396341
396077
407393
395907
396166
395961
396881
394709
410629
420219
396057
394824
394649
395922
394910
394620
413121
396194
396846
396099
395169
395173
394670
405153
400961
395430
396308
396241
394439
394920
395647
401982
395047
395123
395980
394535
396403
394685
412863
396893
395858
395993
396629
396165
396362
398986
395603
393718
396174
394353
395902
396717
394393
401232
396594
418641
396348
396457
396454
394502
401082
396416
395946
395353
395795
396362
395182
406841
394653
409008
394986
396278
396338
395158
396334
396567
394861
394791
395609
396059
395338
395138
420663
395277
395196
396270
394904
395145
396010
406837
395123
394981
395149
395039
396356
394545
395473
396439
395155
412890
395274
395092
395594
394818
422995
396528
396726
395314
412567
396081
395192
409991
395095
396132
401823
396347
394672
395265
409787
395157
396878
395883
395963
395399
394743
395100
395572
395296
396080
399552
400481
394722
395483
408859
395698
395422
394996
394670
395091
396299
402029
396787
393738
395905
395267
394388
394734
405688
400595
395652
395997
397358
396291
396593
395877
426765
394850
396398
397893
413127
409970
395185
401682
395763
423914
428869
420871
395126
396471
417050
396381
398206
395182
394407
394395
394382
398306
397121
397518
394996
395144
394659
395055
395326
416029
396293
395283
396451
396107
396630
411212
419566
395487
396109
395024
396623
394711
396158
407185
395423
394752
395292
395875
394862
396069
394888
394719
396645
396247
394325
395336
394850
395780
433009
430961
429988
431871
431531
431303
433259
431773
432462
407303
396180
396294
396547
396044
408988
396593
394826
394856
395478
394880
394838
401501
395775
395994
396308
396189
396679
395426
406109
396079
396174
396204
396231
395392
396545
397840
396876
405467
394728
393946
395926
396137
395284
401635
396056
395308
397160
396228
396643
395002
420315
395789
395120
394270
394962
396133
395888
397035
396454
396457
396448
395003
394975
396714
394770
401606
397050
396257
411207
396350
394666
394538
409250
396381
395469
396728
396179
394705
396464
399849
394803
396437
395182
395094
396362
395281
396850
412171
395026
395081
396383
396311
396080
395747
406465
395270
395945
395773
411719
396789
394500
400170
396613
395896
394920
394875
395603
396288
396232
396181
394915
395417
396266
394750
396785
394471
437405
396970
395230
394702
396338
394644
395085
418188
395992
394635
396934
396809
394892
406393
396653
396331
412980
396288
395742
396261
395889
402324
430357
432133
404551
429556
395928
395029
394975
417097
395237
395857
395925
394636
394768
396034
418736
396789
395690
395118
394993
395721
394545
432314
396450
394727
396509
395969
396270
396480
395864
395532
395534
396208
394582
394755
395233
396451
402721
396357
396324
396920
396298
396231
396845
407057
395355
396789
395925
394995
395499
395425
401025
406094
396134
395696
395115
396008
396260
395363
420572
395135
395383
396226
394842
395358
394910
407803
395416
394590
395874
395705
394357
395722
395839
394989
396154
395224
395706
394952
396321
394828
400226
395370
411764
396574
412777
416440
396824
408949
395913
396391
395092
394825
396297
396670
409411
396408
396343
396300
394997
396339
395957
395834
395297
396194
396226
396370
394305
395886
396309
408751
396564
395052
411329
395158
394712
397705
401285
396218
396226
395206
395178
396280
394732
396786
394718
395955
396590
395843
396168
395721
394436
427600
395640
394565
396043
395392
396154
394737
401154
393618
394616
396417
394017
405033
396233
401082
395055
395494
395829
395410
395374
396127
396134
396743
396192
395069
395783
395827
396432
395147
400762
395172
395486
396034
394580
396788
395936
410527
395249
396022
396352
395504
396050
411811
396002
396255
396381
396300
396173
396167
396746
409943
402461
395112
395274
402284
419274
411074
411805
419783
395761
396104
395457
396156
396252
396718
418253
396311
395328
395760
396049
396576
394718
410534
398684
396150
394891
395957
394928
396310
396413
418695
396501
397821
396379
395967
396453
394995
408696
396449
394624
395382
395390
394091
396149
398434
395288
396109
394873
394809
396288
395657
396268
400333
411180
398128
396187
396339
396191
398067
426145
396538
396469
396347
395987
397374
396026
402208
396205
395273
394959
396523
397090
395901
396031
396444
396159
395785
396541
400803
395818
396684
407803
395234
412313
395155
394903
396526
396063
402328
395195
395483
396351
396415
396060
396229
398581
399518
396288
396419
396301
395967
396282
396351
424658
396716
395604
395905
395427
395166
396236
401845
395108
394861
396777
402248
395466
396199
401601
396196
395610
395985
394510
396458
394843
396507
397596
395828
395677
394877
394970
394889
396532
420159
396120
396479
395045
395207
395229
418110
401920
395238
396252
396429
396266
411479
396183
396027
396453
395013
395627
396503
395968
395075
396156
402364
396549
395663
396268
395308
397846
396712
401352
395954
396634
394846
395326
394806
395421
411446
395583
396887
394781
396480
396574
396543
396365
395229
395156
396268
395343
394657
394703
395963
401187
395811
394981
411615
394501
395461
408242
441775
419152
395243
394900
395328
396032
396398
411374
394994
394849
395326
394518
395916
394298
395822
410786
396737
395722
394883
396684
396067
396536
424074
395990
394432
396656
395948
394759
395392
402409
395237
396235
394907
406637
396268
395757
394859
396735
396113
394977
424146
396803
395784
396425
424303
411134
395899
394501
396067
396538
394890
421794
394889
396069
394780
395304
396065
396065
409340
395990
395118
396687
394957
394547
395323
396146
405657
396952
394856
394809
394818
396205
394895
401945
395943
397461
395742
394964
396070
395278
400764
395376
395003
395785
395138
396240
396192
398726
400437
394823
396038
396548
394756
394601
396304
401248
394802
395167
396003
395293
395403
396219
402274
396369
396337
398058
411158
397912
395905
409775
396244
394992
396632
396000
395979
395465
394577
396318
396310
394718
395097
396656
395833
396291
422838
394855
395028
395315
394704
394976
394790
406701
395339
395269
395684
394915
397827
396431
394885
396780
394789
396299
396805
395896
394786
396745
399387
396330
394937
394643
395345
396450
396177
407092
397399
395866
395281
396647
396430
395650
401744
404606
395575
394935
396210
395343
395724
412306
400971
395123
395807
396234
396438
395831
396408
408619
396293
396114
395800
396223
395073
395893
401806
395924
396556
416872
421376
412436
395268
396107
402055
433952
396649
396394
394598
396437
396459
442840
396530
396389
395404
395932
395087
395082
418022
397014
395014
395607
396473
394398
396343
409690
395075
396395
396320
395619
394926
396349
395089
396785
395156
394918
396267
397332
395024
396238
402819
399573
399972
396858
394879
395936
396163
415377
396259
396634
394919
396535
396427
394865
396884
396694
395367
396366
418661
394979
396111
395302
399874
396038
397013
395032
395852
396864
394775
402483
396910
394796
411985
396577
395446
396177
408163
396648
396134
396004
394894
396254
396762
395051
409533
395075
396157
396209
395102
395114
395876
419036
396386
394583
396416
395847
394886
396267
408484
395040
396711
396247
401712
395530
395984
396007
395468
395074
394364
395512
394746
394668
395705
402223
394732
396612
394564
396360
396666
396191
427419
395306
396124
396194
395372
395900
396248
395863
396023
395932
396572
395347
395495
412362
394884
401125
396264
395051
396800
397035
395020
396326
408820
396602
396378
396990
396500
395194
395284
400272
396436
395454
395781
394805
396231
395220
396225
411911
394933
396502
395247
396094
395036
401833
408584
396347
396767
394900
395102
396239
394928
400750
396019
396077
396135
395362
394540
395358
400991
395169
394816
395740
394655
413115
396863
414791
434539
397017
395852
396481
395309
394908
396479
422699
405291
396045
396425
395007
396332
396921
411949
396007
396500
396167
396430
396651
395128
411837
400585
395429
396221
394770
396291
395870
396469
403138
396427
396806
395191
396226
396443
394690
402652
396055
410758
396365
396685
395736
395570
399422
395115
395154
395116
394625
396019
396676
395919
401127
395662
396717
396089
396535
394652
396697
402603
394960
396222
395278
395991
395879
396262
405657
396279
395981
400889
396704
396844
395705
396011
396936
395380
395768
396420
395899
395536
396260
419246
396505
396135
394669
396067
428668
395225
408395
397262
394637
396020
396624
394604
396112
397200
395600
396279
396404
395878
412616
396759
395971
401282
396669
394917
396053
396734
394745
396210
407873
396332
396409
396301
394870
396203
396663
407995
396692
395651
394467
395944
396764
395031
395898
396734
394751
395615
396449
394720
401308
396706
406833
396603
396318
395026
396664
396670
395045
402183
396190
395244
396155
396744
394961
396102
401284
396002
396404
395258
395070
394813
395521
396166
426452
397319
395989
396233
396606
395933
395927
418816
396129
395960
396665
394136
395918
396221
395844
396641
395859
394811
396083
396419
394773
396057
407403
396193
394619
396754
394929
395916
395116
400539
397543
397296
396107
396467
396053
394736
412974
407913
394997
396254
396669
414432
422392
422070
408805
395146
396172
394941
395819
396314
396473
408512
395934
394790
395751
396524
395908
396149
417420
394431
394567
396340
396580
396033
395333
419736
395336
398538
395029
395929
395151
395819
397322
397085
394374
396305
396211
396190
396180
395158
400736
395971
396990
396171
395601
396156
395711
408532
396802
394789
395634
396208
394696
394853
395489
396238
396386
396544
411259
396362
396117
395998
397029
395329
395263
396450
396505
394791
396103
426741
395181
396298
395543
395991
394488
394964
409500
395097
396563
394941
395962
396316
395354
394919
397056
395271
396230
396572
405435
396197
396464
408049
395164
395261
395841
394757
395183
395772
400747
395056
395870
395808
395956
396435
395943
398604
400618
396254
395243
395311
395141
396622
395881
407091
396756
395029
395270
395023
396094
411350
401734
394578
396183
397049
394710
395985
395969
395276
396251
396478
395123
395910
396203
396101
396349
407321
395031
396138
396034
396500
396266
396420
420102
396855
395185
395603
396738
396123
396153
409692
395429
395733
396245
396216
396454
396308
397260
434454
397188
396531
396065
396252
396771
396766
402964
396237
395686
396373
395245
396118
396224
402088
394523
395666
396685
395986
394702
414539
416308
395181
405394
430962
425210
412333
395496
398753
397191
395236
396032
395314
396502
394942
395132
416922
396307
396680
395573
396287
396566
395913
424661
396999
395585
396155
395361
394814
395713
409654
395996
395126
412183
395252
396030
396613
399650
403818
396676
394315
395848
395678
395064
395441
408829
396623
395632
395355
394784
395104
396185
401411
396833
396357
394379
394794
395296
396184
394945
396425
395134
394873
404537
396039
395927
396307
408244
395609
396530
396253
395755
396613
394743
420535
396645
396232
396054
396993
395971
396034
401917
394583
394757
396246
395088
395909
396753
395017
396825
396541
396226
396303
395525
413261
396631
401982
394841
394714
395571
396007
396122
396797
400255
396372
395591
395984
395353
395620
394895
396589
406500
395371
394777
395092
396176
394462
395392
402338
396079
395060
394819
395038
394359
408185
402526
395317
396108
395362
395543
396234
395561
397148
396629
395266
396685
395975
394793
395581
396116
400966
395553
394643
394806
396610
394811
395800
419788
396465
394564
395157
394872
395853
395444
395515
407412
396437
394552
395798
395222
394686
394703
401317
394780
394854
396617
396136
395037
396619
402267
394760
396572
396321
394568
394880
396267
407210
395560
396090
394841
395246
394435
394559
395290
413872
408302
396777
413761
395776
397034
394768
437543
415147
407446
394908
395923
396676
396568
423684
396260
396346
395467
394981
396003
396386
406134
395083
396615
395145
395519
420516
396398
394202
403880
395419
397902
396805
396284
396171
395525
427870
395135
395628
395165
395089
395750
396477
417049
395342
396721
396854
395200
394862
395821
397729
396128
396537
395479
394573
395880
395026
394677
406442
395833
395924
394978
411017
394137
394830
401630
396975
395831
395966
396533
396173
396586
408969
396559
396374
395951
396046
396632
395499
396210
408934
394929
396395
396137
394666
396938
395079
401517
396643
396544
396492
415685
406875
394426
401024
395267
395653
395013
395250
394941
396018
396832
396266
395171
395298
395894
395448
395774
395231
421267
394451
396218
395407
395447
394967
396355
410754
396260
394630
395718
396086
394710
395507
423343
396512
395520
396587
394728
396866
394798
396684
396677
394861
395907
396403
394695
396161
396918
400370
395841
396498
394627
396220
396522
396399
419421
397091
395204
396181
396247
394483
395701
395081
411948
396291
395017
394912
394543
396296
395699
400782
395553
394666
394579
395111
394094
395362
407724
396208
396050
396602
395835
395018
396531
395934
394903
396398
394933
395442
394627
394423
394741
420973
395086
407480
396364
394725
396756
396493
424987
396707
395594
406258
423638
412978
401207
417165
396570
394969
396587
396403
394933
396082
398945
396592
395933
397338
396165
395373
396498
394468
423790
396770
394749
411862
397049
394758
395873
421006
396149
395520
395225
396285
396075
395463
400683
395420
394967
396277
396316
416311
394955
395687
395890
395577
396641
394936
394982
396150
395394
401086
395981
395059
395754
403228
396595
395696
401905
398594
396019
394965
396837
394815
395252
397699
402334
396163
396772
395635
394814
396320
395692
402252
396302
394618
394978
395399
396754
395829
401512
394479
394857
395551
394752
395822
412250
396719
395075
394878
394791
395651
394924
395772
395838
400879
395127
396235
413614
396159
395198
396758
420305
396309
394971
395928
394933
395208
396114
407410
395457
395834
396294
394961
395100
394915
405304
397081
395459
395480
394636
396362
395215
395722
402272
396251
395860
394848
395472
395217
395717
420105
396361
396003
395330
394665
395847
396277
400153
403204
396506
396221
395819
396764
396195
395926
402343
408801
394877
396681
395168
395083
396722
408106
396455
395070
394494
395076
395217
397100
396503
395317
394601
394990
396788
394829
394890
395441
401068
395041
396482
394438
396220
396420
394621
425746
396968
410480
394932
396074
394708
396063
402265
395871
394841
395646
394511
406638
395147
397892
419352
403866
410314
395984
395783
395691
395044
448050
396336
396431
396389
395507
396080
396299
418888
396126
395001
397578
396758
396773
395904
411089
395198
396898
396051
396444
396139
395939
396812
400104
396465
396298
394603
396082
395181
396061
401619
396967
395933
394490
395853
395408
394450
402979
395816
394717
395650
397101
412209
397571
414141
396249
395194
395993
396345
395788
394848
396648
419454
395066
394828
396209
394605
395005
396346
418973
396257
396376
394062
396636
396689
395107
406175
396629
394777
396094
396123
395664
404342
395165
395148
394872
395756
394693
395129
396190
394582
402110
396619
395169
396307
396635
395867
394653
419866
395984
396229
395810
396050
394712
395277
394792
394957
395665
394813
394910
396223
395870
394859
418604
396051
395992
395216
395162
394928
396202
407306
396294
395265
396082
396092
395275
394274
404341
399819
394679
397087
430940
396005
396477
395679
403108
395137
395415
396447
395049
395049
394783
408308
411862
395972
394797
394674
396256
394802
401030
396111
394605
394988
394567
395559
395288
396860
396281
396312
395707
394864
395529
395814
396237
407420
396464
396289
395196
394815
395995
396651
419584
396225
395686
400142
396610
394913
396203
401432
395125
395021
395876
396131
395641
395970
395262
406345
414269
396467
396631
407507
418144
416988
416263
396889
394883
396211
396783
394991
394498
418403
396029
395962
395303
411143
394452
396563
413698
396573
396788
394409
394853
395927
396155
396334
408008
396502
395093
396447
395508
396356
396134
401104
396274
396819
395722
394948
396249
395513
406119
395308
395937
395652
395320
402935
395287
396506
395969
395129
396529
395740
396372
396396
394739
419494
395276
396313
395192
395687
395510
395973
408614
394644
396272
395966
396035
394977
395171
394588
394613
395286
395767
396112
395226
396708
411985
401054
394872
396249
395341
395674
396125
396692
407818
394944
396888
396132
395147
395097
394659
396598
397025
396055
396254
395906
395046
396055
395242
401508
394626
396026
394716
396365
395744
394681
417133
395948
395849
395103
395544
395378
395449
400591
394866
394980
396471
394582
394728
395510
394655
396781
394900
395111
396089
395006
395535
396778
427064
394970
396250
396845
394537
396325
396377
400482
395551
411067
396508
395064
396352
394882
395156
396516
395583
396317
395665
396148
396368
395422
407552
396459
395335
394719
394922
396146
395165
400354
395632
396147
394871
395395
396375
395561
395547
403836
396201
406047
394982
396364
396839
394815
408303
397285
395125
395191
395650
396083
395454
402877
396136
395114
396764
394791
395185
414148
397073
396452
395623
424978
422159
395881
395101
395348
400376
396059
396230
395543
402969
396332
395499
420330
396186
396248
394537
396197
397065
394859
416782
396789
395134
396149
395608
394776
395801
413610
396287
395215
396090
394182
394953
394688
394829
395625
395144
394898
396621
395659
410561
396270
402616
394723
396051
395036
395533
395717
395141
416028
396532
395053
395228
395124
396757
395391
394868
404137
395365
395831
396677
394871
395006
396671
402060
395137
395539
394397
395667
396183
397251
408364
396574
395202
396082
395454
394795
395641
395821
394837
394817
395308
396210
395974
395975
394218
420875
397255
396081
396310
395026
396542
418699
408404
396082
395587
395529
394531
395600
394851
399671
412083
396919
395521
396102
395164
395775
395913
395165
394615
395708
396564
395860
395563
395036
407469
394681
396345
395670
396094
395159
396027
411390
394830
395918
394496
396295
394855
394710
395595
394779
401434
395108
396109
395916
396490
396084
407913
395457
395193
395024
396485
394848
394237
401954
394754
394362
396326
395089
394774
395296
399291
395056
396448
396109
395759
396874
394495
396084
425234
395292
395255
411134
394655
394626
396378
401885
394705
396159
395754
394630
395570
394892
394918
396142
394286
394570
395666
405784
396331
396623
406498
396153
395461
402815
394598
398501
406010
420473
414037
426395
395782
410656
395145
396259
419886
395123
396170
396421
395394
395945
396519
414089
396464
394986
394676
395726
395340
396100
396091
404418
394514
395080
396382
394622
394960
396031
400984
394784
396863
396440
396239
395298
419419
407861
396970
396037
394951
395009
396299
395476
397531
401938
394880
396603
394862
395649
396711
394659
401897
396718
395941
396190
396605
394770
394771
407311
394767
395163
396303
396280
395074
395414
410899
394696
396426
396002
395631
395426
395829
396232
401066
395788
396279
396018
394806
394983
396707
427481
396301
395390
394577
394897
396764
395206
399898
395479
396257
394533
394685
394710
394747
395574
397768
396345
395479
394893
394009
396649
394714
407395
396430
395626
396049
396364
396068
394312
402147
395201
396297
396619
394635
396331
395587
394764
406797
395553
394564
395017
395545
395886
395276
408561
393894
410022
396589
396085
394833
394326
400179
394569
396793
396163
396324
395255
394727
396300
395443
395686
394971
396885
396517
394881
396673
408128
396264
395006
395410
396116
394797
396887
419382
395255
395158
398164
397283
396120
395768
400515
396376
395874
396350
394503
396459
394966
396239
407091
396759
394970
395982
396623
394876
394688
401581
396276
396237
396572
394923
394920
395533
411590
395501
396658
395526
419418
415497
412645
412183
395501
394457
395220
396833
396386
396310
396520
409322
395079
395433
394706
394703
404679
396416
416646
395502
395963
396170
395292
396328
395069
420869
396763
395989
396060
396092
394530
411174
395006
396562
395639
395149
394667
396862
395271
395136
420375
395984
394778
396637
395017
396124
395446
426655
396406
396231
397458
395701
396544
394725
401200
394774
395740
395978
396597
394848
396157
395298
399752
395071
396454
395180
395986
396596
395865
407316
395041
394693
395855
396625
395069
394336
415048
395045
394551
396688
394675
396108
395421
395913
395983
395419
395013
396553
396492
396348
395832
407397
411923
395544
396509
394596
396125
396358
401937
396312
395118
396495
395108
396864
395008
401000
396546
395335
395978
395049
396224
396199
398096
425970
396250
396429
394614
396253
395246
395990
402264
396477
396825
395109
394962
395947
394496
401459
395016
394898
395450
395975
395455
394264
395389
404865
396868
393746
396426
396310
396332
394999
402952
396481
394201
395577
395619
394981
396649
408179
396352
395029
396007
411893
395385
396283
395078
396066
394720
396123
395377
396305
395719
396460
401386
396123
395241
396311
395863
396675
395889
401272
396713
396012
394900
395736
395587
395949
395240
395520
396081
395265
395741
413865
395889
412647
432344
406493
395303
395660
396352
395916
395306
419448
395878
394672
395382
395731
394609
396218
415911
394862
396082
396220
394660
395137
396052
396639
403431
395974
394897
396233
394856
394841
412421
400884
396054
396553
396082
396265
396581
395005
426111
395943
396059
396214
396553
395922
395147
400946
508628
413804
398120
396144
396005
395025
401157
394982
396156
394668
395766
395164
399203
396251
411926
396072
394725
395594
396426
396529
395406
401934
394292
395211
394688
482683
396444
395826
417780
398543
396327
396279
395641
395745
394607
406670
395902
396305
437696
395099
396121
395366
394849
396029
410994
395948
394801
394956
394543
395659
402124
396090
396559
394729
395723
394948
396766
407679
395658
396848
394785
394784
395578
394988
397036
396756
396202
398607
396209
394879
395361
396463
401062
394730
398401
396182
395946
396008
395046
407578
396476
393531
396174
396777
395891
396073
399874
394660
395953
396751
394694
396159
395058
395929
394930
395314
395692
395789
394253
395030
395044
425897
396042
394934
396075
411600
394741
395320
401482
395191
396247
394581
394884
396228
395829
396104
395282
394700
395907
395460
395910
395897
395111
407831
394900
396903
395781
396226
396487
394552
400611
396327
395941
394412
396609
396922
395490
398416
394928
413969
396570
394616
414113
414360
420245
402159
395428
396337
395897
396420
395702
394551
418185
395788
395702
395152
395943
396175
395256
419663
395412
395178
394997
396016
395279
395841
408161
395823
395058
394528
396547
395838
395849
396430
418946
394505
395299
394750
395892
395180
395123
418668
396886
394354
394746
396218
395457
394417
407882
395966
396480
396692
394555
395877
395355
396234
412861
396466
395013
393666
397077
396029
395915
401663
395686
394986
395053
396143
394233
395384
419993
396398
395212
396396
396137
395516
395646
396373
396327
393845
394367
396515
396395
394531
396497
400777
396140
402300
395677
394946
396064
394911
407675
396796
395793
394961
395350
396192
396154
396855
395666
396563
396484
395586
395922
396550
395648
419293
395501
395736
394932
396245
394597
395010
407452
395779
396114
412155
394751
394474
396555
400779
395981
396508
394902
395211
394500
394591
394563
396515
395742
396650
394299
394896
395217
397047
407596
395267
396513
396015
395060
396321
396059
409444
395112
395773
394592
401112
399818
395661
401470
395078
395938
396373
394725
394766
395451
394652
407301
396743
395928
395781
395235
394576
396188
428235
394917
395185
396086
395785
394643
395244
395957
395530
395288
396083
395885
396285
410645
396436
425058
396405
395924
396340
394849
397640
400345
401847
396450
409918
419360
396424
396634
395838
414098
396696
394628
396084
396344
395324
395655
413566
395484
394828
396051
394316
396158
396350
402742
418358
396515
402199
408032
403857
394543
394465
422186
396343
396255
396364
394991
395930
396390
418587
396462
395745
395565
394581
395012
396364
405305
399437
394741
395776
396727
394270
395972
396409
400963
403809
396431
395615
396141
396657
396142
407934
396832
394450
395068
396557
395986
396363
397861
395324
395201
396858
395962
395797
394326
395527
399423
395431
396512
394499
395760
396075
394532
408081
395989
412097
396761
396729
395019
394852
400963
394815
394803
394574
396129
394882
395165
395367
395800
394826
394705
396304
395812
394861
395075
426915
396384
396735
396196
394895
395552
394559
400783
395024
395878
395187
401380
396325
395304
401216
396101
395003
394634
396215
395057
395883
395603
406617
395755
394910
394640
395267
395087
395213
400942
394874
395028
394935
396303
395109
395466
396644
400566
394999
394702
395781
411117
396167
394916
406517
395198
396160
396474
394788
396323
396198
400529
396178
396845
395475
396208
396133
394829
400269
396369
394565
396100
396394
394812
396271
402387
404178
396167
396691
396014
394435
398135
399854
419360
396045
394840
395558
395244
395892
395775
416417
395012
395710
414080
395025
394953
425716
427819
396593
395156
394876
394794
395602
396401
396024
404868
394447
394457
396257
394934
395740
395408
423811
396066
395079
395731
394544
395903
394861
421626
395852
394879
395649
394880
395324
395009
397345
401289
396189
395909
394636
394893
396639
395903
402702
395302
395884
394583
417475
394446
396116
408455
411806
395245
395438
394498
394786
396824
400187
395659
396322
396039
394900
395102
394533
395537
414524
394302
394681
394953
396065
394554
395086
424682
396880
395039
394781
394689
396648
394741
399939
395171
394737
404729
395466
395767
395820
396272
396337
395005
395150
394567
394712
396998
395668
408216
396767
396123
394915
395378
394878
394705
443530
463079
395435
396808
396199
396141
396110
401668
396359
396123
395957
412414
396865
395764
395653
397222
394313
395855
395397
394833
396215
396612
400293
394859
396063
394960
396509
396232
394634
401945
396170
396610
396050
396335
396297
395966
412190
402156
395772
395173
395997
401286
396694
395810
401787
396416
394881
396248
395901
394844
395479
402100
557060
396813
396958
394864
394609
395164
407687
396392
396038
395852
394607
394936
395037
396464
395313
394677
395989
395011
395881
394869
448237
405550
396321
396672
396053
396122
396836
394707
408670
396458
394986
396321
396299
395887
395791
417443
396177
396183
396624
395942
396667
411100
396740
396091
419961
423979
413100
396319
394578
394611
407536
396217
396156
396356
396427
396369
395955
449336
395778
396996
394869
396070
396001
396197
416877
395680
395616
396217
395117
395937
394854
413034
395203
396162
396599
396026
394426
395840
396162
394718
412858
395043
396166
396661
394516
395331
401060
394663
395942
396603
412149
396062
396332
418669
396828
396715
396070
395932
395451
394815
395090
394863
396344
394950
396275
394232
395613
396360
400776
396477
398164
395626
395366
396724
396025
408633
397016
395172
395019
396555
394768
395639
397738
396590
395938
396805
394974
396464
396302
395013
419920
396540
394730
395841
397101
394973
395842
408422
395085
396346
396939
411936
396391
396485
401607
396420
395155
395294
396384
396178
394334
395790
396315
396379
396249
396431
394614
395958
396614
407833
396058
395679
396188
394892
395205
394539
415120
396811
394801
395870
396092
403566
396073
397010
396010
394575
396169
395701
395679
396813
395613
408428
396071
395865
395795
396000
396388
396152
421167
430964
432406
432907
431738
432483
433122
439729
431304
420162
394640
396229
396818
411409
425502
396268
395922
395074
396409
396275
394816
401891
393938
395936
396756
394697
395652
396511
394733
395721
395312
394830
395942
412679
395360
396565
445578
420406
395628
395727
396093
395957
396910
426306
396242
396404
395812
396167
396205
394651
415991
396470
396020
395887
396743
395305
395639
399264
397093
396275
395565
394632
395112
396185
394708
401876
396687
396375
395755
396057
394544
396014
402456
395493
412606
395123
395966
396027
396192
414144
396645
396269
395579
394172
395451
394515
394718
408431
396021
395672
395244
395110
394881
395250
401952
394925
394959
395954
395955
396364
396260
406688
395167
396340
410518
396463
396094
395986
400602
396057
394464
395030
394610
394814
397037
394581
433204
398977
396054
396224
395044
395493
395053
428000
396036
395953
396319
396323
395513
396371
400356
396238
396756
395622
396112
404073
394798
395911
396811
396045
395593
396889
395968
396097
395709
407424
396728
395211
396038
396207
396200
394566
401703
395077
396801
395518
396328
394574
394923
395633
408124
396110
396425
396133
394584
410986
394868
407320
395850
396247
396081
395415
395616
409974
402299
395341
395157
395058
394950
395839
395587
394516
395703
396356
394691
394986
395070
394452
396429
407674
394793
395500
393974
395161
395215
396649
425185
395780
394445
395752
396013
394215
396054
395397
395325
404342
395320
395259
395733
394985
396456
406475
395792
396061
394460
394693
396743
395013
401159
396330
395882
394958
395272
394903
424896
637853
657388
650321
659650
686105
661717
657281
625149
655525
652939
650834
652053
648043
642240
589527
593056
585326
592044
629969
619220
595552
598151
591159
602856
616527
615942
681429
641355
603290
589368
594093
584991
623672
592396
604863
597415
591337
587106
593514
634530
595580
610522
607916
610551
601862
593076
626327
593582
590037
598242
589483
608994
614981
620036
602853
620176
591802
598069
626934
596602
569491
398506
394930
396737
395056
394779
396649
402394
394585
395951
395000
396035
397137
395822
396341
395802
394501
396146
396537
394696
395961
396559
426622
396379
394658
394391
395960
399674
398983
402421
396648
394644
396399
396395
393984
395823
403391
394829
397702
396025
394665
395959
395219
395757
407323
396280
394734
394619
396407
395895
394982
401694
396348
394731
396656
396142
394570
395516
424129
394986
396260
395713
394931
396464
396250
396572
396525
395863
395776
395240
394672
395980
395338
401308
395770
396194
394335
396088
396296
394761
427952
396645
394768
396237
396231
394984
416718
397364
412053
419824
407999
394971
395962
396431
395074
405733
396732
395101
395777
396086
396019
396208
421867
395211
396284
396840
394626
396024
396647
424459
396283
396484
394986
396671
396779
395053
398265
396741
396136
407761
396500
394918
396121
396473
394790
396104
396437
396249
395801
396557
396480
427356
396677
396165
396613
396342
394787
420970
403137
395888
396305
396642
395750
396001
396342
399009
395852
396955
396229
412040
396684
395880
395717
411780
395365
396074
396377
395874
395747
396601
401972
396628
396975
394957
395958
396752
395417
398775
397096
394856
396109
396458
394386
396107
396925
406990
396108
396065
396403
399925
400351
395571
401789
396262
395816
396332
396774
395834
396182
401635
394618
394481
396134
394499
395953
397235
396116
396866
395029
396068
395846
395212
395876
394864
419697
396210
395296
395189
394547
396222
411147
401354
395559
395167
394615
394915
395666
396016
406556
395600
395942
396262
395155
412494
394868
395151
400980
395064
396580
394903
394747
396412
394566
400845
420218
396233
395974
396563
395942
396288
397944
396492
395630
395053
394483
395837
395305
394784
411649
394919
394754
395578
396636
394576
395564
418750
395068
411156
395525
396188
394290
396426
420905
396735
396656
395793
394635
394939
394691
401655
395409
411656
401647
395634
395756
394954
413580
434270
429200
406255
396043
396076
394305
395661
424019
396509
394503
394949
395283
394750
395881
417143
395131
394701
394565
393843
396362
395510
398555
395561
394678
410501
394762
395391
394715
394461
407628
396429
394656
396556
395966
395935
396537
420330
395819
395701
395729
395610
396670
394670
401998
396663
394662
396235
396667
394789
396021
396408
396818
396137
394994
396736
396502
396269
394407
400889
395881
394900
394403
395028
394476
394423
402478
395734
396160
396475
395689
394765
395067
394519
405919
395365
396415
394881
396480
395635
395049
402307
394618
395884
394701
395042
413279
396337
400907
395242
395265
395917
396547
395217
394922
396426
396528
395236
396720
394959
395709
395629
395081
401399
395359
422269
395710
395912
395749
396108
422528
396534
395823
395182
395033
395452
396529
407320
396279
395433
395365
396580
394859
396322
395695
396293
395195
395699
396268
394895
394344
395140
401110
395035
396021
394989
394813
396160
394594
407352
395207
397157
395088
396250
395397
395010
395837
420559
396263
394691
396715
395576
395916
395350
401929
394976
396267
394434
396262
396312
394888
407196
418371
395515
394646
395571
396494
394686
398734
395550
394400
395325
396212
395126
396383
394360
400688
398045
396238
395021
395523
395851
398657
427720
396017
395139
396638
415457
413804
395825
415924
394805
395673
395520
394731
395247
413753
412504
397709
394258
394350
396608
396852
396001
395559
421452
394905
395892
402687
395363
396308
394813
418819
396622
394152
394484
396567
395949
394819
413835
396322
395904
396961
396196
396366
396366
395355
397169
396446
395814
395617
396669
394628
395273
401967
398164
396394
396644
411695
394996
395068
401196
396617
396308
395045
396013
395640
394473
396376
395182
394837
396225
396467
394673
396126
395195
421160
396216
396636
395941
395890
395552
396445
402023
396601
395084
395861
396686
396640
396697
406882
396335
394539
394259
395206
396442
394994
396125
396608
395448
395784
396310
396907
395006
395155
402252
395016
394422
398293
394930
395966
395207
413840
396460
396102
396112
394928
395359
395777
412697
395449
395926
396145
395589
394763
394774
395475
401723
395057
395328
394660
395240
395632
394971
408021
395719
396289
395847
395235
394857
396042
396695
396571
395924
396680
396225
394534
396402
394875
421415
396925
395934
395973
396670
396435
395945
408006
396105
394625
396322
395983
395907
397024
395191
394320
396340
395825
396079
396131
395817
395953
401720
395966
396043
396493
396030
396561
396410
407930
396201
412823
396521
395098
396646
393987
407749
395973
396640
395374
396232
405903
396141
422713
424627
396062
396243
395724
396430
396492
395803
423951
396604
394979
396036
396448
395838
395505
417922
394836
395651
411842
396014
396099
395931
409002
396140
394986
394391
396247
396740
395785
396102
407640
395298
396082
394864
396010
396259
395376
402279
395828
395159
395971
394075
394771
395885
401948
395530
394578
395800
396240
406203
395020
396082
396237
