673186
569092
436647
436696
480592
437299
464563
461809
462694
530319
560956
556072
555275
556304
561154
557956
565960
566328
660881
621110
582189
574551
576330
581548
539119
721457
527412
464543
465924
465401
460161
461298
462014
460488
502755
656065
695440
691675
527458
465219
461189
461906
460043
461693
469741
462936
461328
462076
460242
464016
474009
461664
462125
459583
460395
461569
485272
542635
464443
460109
460854
460761
490320
463616
461479
461958
462360
459671
484945
462001
460935
461706
460457
460054
489460
461365
460665
460153
462359
460822
472003
465724
460634
460762
460774
467695
466048
461213
459396
459518
461976
465990
463034
461169
460093
460242
469220
503829
485271
490444
459315
462244
461362
482511
463051
460425
474304
460598
462087
496045
461878
463229
459738
460625
459916
483900
460517
459943
460846
459968
459104
470807
458953
458993
461204
460093
473791
464155
459530
459155
468197
461688
460347
461194
459664
461762
460700
462462
462910
463235
459808
460021
461712
460642
481430
462655
459229
459333
460600
459515
469460
461511
460123
461287
460787
476313
468716
460552
462064
461033
460758
459859
475066
463113
462324
461284
464151
462875
466129
460917
461355
462357
459358
461067
484273
461907
462789
460685
462240
464009
489329
461909
461906
461501
460580
460583
461350
459259
461705
459784
461884
461378
468076
460777
460644
458785
460881
462479
461313
463744
460565
461333
461836
465211
466315
460929
460616
461559
460744
464739
460469
463437
459603
462254
459819
470991
461069
462018
460379
465489
461728
467613
462317
460933
460525
460544
460396
467221
463277
476502
459945
460314
460120
508013
479997
463364
459093
461365
461753
468161
462386
461338
461056
463997
461129
461157
461004
462216
493946
476154
489152
477021
463263
464032
460622
460601
472747
461668
463088
462849
459373
462229
481028
460843
462226
462506
461261
463381
488612
461104
460738
464414
459775
461363
467503
460633
459413
459409
476350
461391
468013
461290
460877
460079
458757
462942
473745
462358
461144
460980
460174
461857
488255
460404
462620
461345
462510
460724
461698
461423
458841
460808
461343
489290
461848
461318
460119
460036
460026
460449
460947
461010
463807
463379
460959
460743
462963
461540
461473
459131
460206
480635
461538
460211
459129
460119
460569
473537
461605
462688
462269
461589
463590
468910
461681
460748
463655
461891
460458
471200
460138
461509
459493
462459
460259
467249
460940
490284
460734
461532
459255
483889
478629
462188
463383
461521
460556
473286
459731
460074
460785
461092
462242
467094
463509
511716
461117
461822
463021
460627
459760
459797
461413
460358
471649
461081
460408
466073
459968
462547
481167
461586
460237
460649
459338
462391
482961
462652
461844
459981
462790
459430
472430
462796
465843
476721
461431
460819
501930
478418
495593
476406
459373
461453
465456
460776
460626
460584
459726
464006
465225
463742
461280
459484
460237
468295
462774
458638
460109
460943
459060
475930
460566
460351
460572
461867
468512
474415
461347
459580
459041
460118
461165
467968
459689
460326
461121
462163
460348
484335
462818
462713
463132
460829
461755
475279
461310
462179
461750
459222
466982
466704
461202
466733
459928
460312
460533
469718
463051
460694
461344
461690
461010
461995
460622
461955
461924
459385
460857
470087
461211
460975
461138
463811
460514
476629
461909
459834
461447
459089
463468
464395
459381
463792
461601
463200
469863
460923
461088
460657
460320
459560
466497
462164
461163
459268
461325
460150
490331
459834
467707
461938
461506
462414
467428
461512
459152
462045
461343
458993
468122
464310
460134
460921
461643
460355
473862
460518
460263
461057
461168
460765
469267
460012
470053
460898
460990
461046
472595
462082
460676
461443
461334
472324
461157
459756
460210
461702
461506
460890
461128
460384
461901
462699
463848
464626
462438
461357
461693
499729
485413
508835
462220
461469
459491
474009
461583
486394
460153
462370
458787
459245
460713
481204
462975
461055
459779
459521
461935
488401
462869
464530
459490
465677
461642
463241
461355
460722
461860
463294
463141
461860
461150
461415
459471
460121
464490
461936
462203
463165
461014
461124
466560
462172
460819
461893
460167
460328
482925
461012
461838
460619
460243
462380
475794
462811
462449
461049
462587
460244
467838
462423
459694
461621
460703
459185
485016
462686
462782
462678
460241
463868
476952
461074
460903
460274
461579
460775
466155
462426
460497
460832
458970
461998
505464
501214
461280
461671
462066
462300
465063
460144
459205
460502
459780
471333
462164
478818
462644
464076
461512
466756
462095
460660
462813
461442
460097
475984
462351
461956
463312
460930
462398
467910
462516
462050
461598
461436
461255
467196
463393
460959
476541
461937
459010
492489
463188
460885
460070
461820
460284
484256
461224
460574
463309
462427
463293
462850
462837
459399
460305
461663
472667
479317
461838
461546
485162
462276
481135
496459
464122
460566
459408
460796
479460
460800
461759
460985
460710
460283
488581
461492
459455
461739
460250
460751
482435
460628
462348
463204
459063
479540
466386
461358
460109
462136
460208
464042
517934
461931
459104
462313
461083
461950
474123
460741
463701
463295
459162
463512
460864
462454
459160
459687
460471
461894
462411
460696
464107
461390
460783
468772
461911
459481
461954
459462
460662
465636
461679
463263
461427
459819
459316
494335
461641
459633
461692
459897
458875
470066
477514
460186
460910
461647
459532
465835
461005
460781
463099
460866
461857
472332
461457
462747
462258
460327
462530
467868
461018
460924
462524
460632
460606
475353
460958
469982
462371
463395
463239
461693
462448
461816
460812
459163
459147
460347
460863
461275
461286
462983
461979
460609
463034
459307
460225
460880
472438
461049
462218
465387
460534
462317
476738
461460
460988
459448
461418
460032
468624
461765
459926
458928
460729
460042
473368
460704
462442
460914
462177
461628
466078
462625
460488
460280
476426
460976
464986
479061
460089
460694
460291
464125
511070
477032
495178
476291
460910
463205
462238
460426
459691
462548
461637
466042
461713
462057
460505
460368
464118
481721
459479
462140
460596
462354
463342
484375
464652
462611
462570
460857
462067
488013
465325
463260
463220
462256
460455
473407
463114
461661
458944
460783
462314
483586
464325
461423
461028
460627
461577
467329
460318
462215
463457
462730
461949
464340
464101
465137
460038
463641
473049
463688
463001
460184
460622
460551
461305
461143
472301
461593
460363
460438
474051
464637
461413
462136
463249
462031
475891
462005
464423
461207
462982
462225
467532
462825
458837
461415
459879
461201
493388
462024
472901
465661
461366
460217
466528
462444
464134
461839
460289
462006
465360
464358
462187
462786
460589
463917
472754
462521
461438
462055
461812
461204
461335
463016
463702
477250
459176
467501
470152
460984
459401
461500
462280
462440
461979
461367
463373
462822
461568
464851
460919
461112
462446
463630
461196
465744
461668
463800
462230
465660
460346
472554
461072
461367
462015
462278
480401
482249
461865
493219
512772
410911
429801
428320
409132
407466
408899
408902
407002
406859
437811
408763
408918
407424
408511
407490
418782
429107
409021
408826
408977
408763
408974
406480
430285
408017
408773
408288
408922
408495
408454
441035
408979
408930
408959
408483
408388
409127
414933
408741
408767
407530
408514
408249
409288
416630
409710
408717
408367
409023
409044
408941
421874
409246
408547
408437
406953
408909
409184
415681
408713
408736
407576
408728
409035
419596
432403
408839
408968
408616
408954
409078
407518
421962
407623
416842
409162
408817
408688
408507
413388
408058
408521
406996
425528
408178
408952
414717
408682
408140
408792
408836
408820
408989
421111
407526
408427
408773
422241
408554
408782
432928
408780
408945
424189
409400
408913
408620
431718
407978
406677
408344
406402
407687
407338
437319
409529
408215
407288
407169
406841
408616
431146
408604
408473
407797
408845
408822
408560
414950
409132
408915
407126
423787
406949
411902
435132
407900
407154
408745
408187
408420
407613
407817
408182
407928
408118
407536
407458
408287
407780
408539
405583
408054
408446
407313
408508
419186
409125
408416
408640
407175
422997
407205
412921
408087
408185
408186
406721
408458
408070
432544
408720
418510
408439
408400
408165
418301
435217
431551
435434
444471
444584
446325
448509
407272
408063
408839
408341
407746
408464
441577
407085
408115
408697
408229
408265
406639
435733
409032
407252
408018
407825
408082
406956
433399
406625
408691
408854
408465
407905
408665
413436
408100
407025
407931
407969
408493
407910
421011
423231
407136
408038
407027
407673
407202
413547
407983
409139
408715
407150
408656
407139
414495
408337
407855
407863
407237
407045
408142
439000
408904
408090
407308
407485
408691
408599
414401
408872
424049
407333
411607
449702
446767
454816
448812
450878
447708
444180
445497
464375
445907
445585
444460
444580
446685
444541
449953
444664
445009
446092
446028
445716
449985
446003
444047
437796
408323
406340
407842
422391
408167
408257
408161
408078
407838
408354
414359
406595
407291
431579
407010
408655
406872
413314
408136
408343
407676
408059
406536
407540
420378
408269
406446
408061
417123
407978
408211
429317
406850
407318
406385
408063
407959
406617
430484
408334
407483
407848
407756
407451
407755
419082
407924
407298
407042
408289
407631
408036
411757
407078
407329
407794
406922
408226
414270
413265
408025
406190
406969
408014
407600
407597
439332
406943
408182
407659
406462
407741
407994
431905
406844
407997
441896
431135
406971
407949
429145
407348
407645
406554
407724
406610
406450
434865
406989
406604
408189
406197
407975
407559
428471
408100
408125
408057
407474
407675
406567
433722
406948
406570
406291
407497
407906
407608
420709
407850
407479
408135
406597
407902
407775
414026
423212
407969
406589
406551
408006
406904
413829
408347
407683
407952
406733
408000
407027
420347
407865
406684
407346
406688
406448
408677
432456
406812
407706
408014
407369
406371
406543
413528
407695
422498
407836
408447
407961
407359
419781
406941
406328
408010
406960
406299
408552
413116
408181
407902
406702
406227
407781
406473
413759
406575
407909
407719
407820
408053
406508
439071
408146
407880
410874
408491
408110
408180
412787
406483
408180
407758
407920
408664
407987
414160
407671
406905
407962
408256
406269
407984
420047
407083
407888
406736
408424
406485
407909
412732
407574
406522
407379
406936
424269
407571
431196
407963
407921
407722
408017
407663
406444
419487
406857
407737
408181
408385
408309
407931
413910
408049
407800
406688
407433
407837
406715
415375
408458
407673
406631
408002
408144
423609
420602
407790
407614
407560
408097
406363
407996
431430
407861
407876
406526
407749
407597
407883
413044
407820
406594
406371
420483
407822
407908
420087
408407
407504
417410
433184
434565
431843
444846
437002
407166
407800
406299
407248
406949
428374
408177
406530
406207
406678
406496
406796
438199
408263
408374
408255
406877
407711
408171
439682
406891
407928
407946
406584
406769
407800
411344
422723
407467
406439
408274
408118
406286
644501
409319
411587
407576
407104
408185
420692
408751
406680
407790
407796
407744
411205
430776
406998
406757
407710
407296
408013
407733
420161
407915
407168
423771
493638
408178
406555
414256
406688
407706
407214
407495
408226
407100
412726
407798
454616
407958
408235
406757
407717
419897
408798
408137
407202
406420
407757
407766
431390
407449
408234
406564
418641
407982
406255
413237
407439
408294
407940
407636
407871
407498
419939
408553
408375
408046
406435
407959
407631
412790
407842
407269
407699
407628
407665
407722
413207
407355
407776
407647
407833
424050
406700
436751
408327
407296
407750
407347
408079
407467
431459
407928
407833
406591
406681
405924
407725
413703
407623
407971
407243
407412
407726
408203
419214
407389
406575
407835
408178
407532
423532
413118
406884
407724
406668
406729
406354
406534
432750
406148
408221
407744
407859
408836
407793
419260
406703
406931
407662
407825
406425
407986
414012
414122
407776
408282
408061
407753
428227
440393
431275
414821
406681
407679
408329
406608
435420
408323
407933
407657
408636
407429
407855
434581
405973
407889
407072
406708
405835
407732
429163
408130
405632
407322
407509
406239
406822
419264
414648
408205
408025
408045
408300
407916
413023
408386
407724
408036
406871
407828
407746
412659
407627
407279
407119
407027
407768
407618
437621
407224
407829
406596
406610
407757
407544
413262
407770
407639
418675
407202
407097
406858
413645
406523
407544
408034
406757
407521
407669
444759
407064
407705
406777
408237
407920
407561
414530
405896
407502
408150
406067
406510
406340
430910
406616
407245
405425
422553
406579
406804
421088
406882
407894
407676
406546
407379
406284
413531
406279
407989
408128
407792
407848
407756
413238
407455
406621
407946
407533
406791
406624
419994
407605
406666
407665
406770
418808
407842
430238
406351
406514
407247
409515
407915
408172
412883
407993
406603
407390
406819
406984
406381
419529
407118
406983
407460
407228
406564
407429
414167
407416
406209
407513
409463
407534
411334
413500
406196
408659
406611
407783
406767
407835
438365
406852
407846
407468
406702
407865
407869
413987
406667
406013
407887
407556
408079
406826
412933
407741
408254
407873
407519
408183
415802
419894
423055
406703
408088
435647
434040
425203
439198
431487
407825
408233
406597
407952
408330
431178
408303
407992
406551
408373
406954
407585
433677
407681
407547
406172
408250
407951
407581
428755
406760
419334
407821
408088
407555
408288
412350
408192
407806
407850
407623
408006
406485
420500
408341
406455
407684
407008
407657
408065
430817
406848
407459
406791
408225
406487
407769
413128
406577
408275
423086
407158
407990
407708
420821
408880
405800
407726
406691
406606
407480
414026
406815
405908
408265
407968
406630
406497
414580
407522
407810
407768
407940
432821
408147
436221
407025
407814
408063
422802
406675
407890
430961
407607
407785
407720
408081
407894
406237
428360
407999
406569
406675
406654
406752
406442
435391
481054
408500
408120
408209
407167
408023
407393
408157
406815
408428
408024
420722
408457
415272
406605
408103
407783
406363
405806
407568
417567
408347
406800
407455
407568
407820
407510
427064
407916
406619
417023
408391
406445
414731
406918
407692
408120
407755
407647
407882
427737
406787
406036
407364
407597
407817
406824
412355
414483
406690
407386
407800
407952
407177
410019
405913
483165
407943
454946
408028
406730
419237
407722
519626
407084
408304
408526
405661
413957
423637
408326
424622
408413
408862
425955
436724
408546
408216
408087
407619
407596
408183
440909
407440
407892
407330
408401
407249
406852
429773
408358
406643
408263
408748
407818
406573
430254
408003
423551
408056
407496
407806
407632
420376
407987
407573
407340
407872
408417
407795
413033
407151
407215
408000
407506
406891
408260
432452
407634
407470
406645
407989
407682
408097
420191
407801
407798
410860
406587
408103
408135
413175
408476
407950
408519
408261
408520
406988
413391
407869
408217
408244
408284
407935
408121
419950
408415
406844
408121
407589
408469
408501
432753
407113
406587
406389
412447
413310
407875
415798
406868
406150
407919
407312
407465
406522
419634
406976
407845
406377
429908
406126
408100
413129
407924
407435
407782
407556
406738
407892
415689
405399
408318
408317
407922
407455
424156
436864
408203
407772
406713
407778
408167
407059
413141
406930
406843
408380
408320
406785
407169
413449
407788
406584
407981
407569
407339
408482
419036
407886
406677
407085
419747
406906
408125
429640
408402
407062
406894
407964
414209
408377
432741
407430
407222
407808
406486
407658
408008
420576
407952
406518
407823
407758
408071
407957
413033
408184
407194
408176
407571
406664
407714
413349
414039
407775
408035
406697
407508
407200
437935
408407
407969
428741
431167
430955
407181
429081
456972
408018
408297
407813
406616
406538
420047
406948
407344
406466
405753
407503
406930
418338
408410
422998
406813
407967
406974
407146
416801
407974
406778
407743
407498
407196
408032
407887
406808
407557
407417
407788
406925
407668
419807
407577
407870
408230
407443
407736
408014
408622
407945
406635
413399
406682
408240
407927
407973
407935
407843
408205
407874
406466
407974
445725
445639
444351
445359
444863
445630
451525
445329
439364
407639
407298
407535
407838
430883
407923
408012
407974
407706
424539
407922
418961
407144
406186
406789
407664
407932
408234
414019
407714
408143
407801
407695
407140
408336
412435
407748
407589
408085
408045
407339
406465
419239
407522
406644
408386
406672
408211
423337
429097
407243
407814
406671
408170
407756
406567
431047
407748
407639
407987
407718
407014
405991
420089
408041
407888
408724
407919
406701
408100
413733
408126
408271
407448
407669
408168
407729
423413
408236
405507
407661
407421
406586
407159
440046
407059
406809
408262
406361
407730
406813
414804
407056
407649
406421
406710
407514
406168
413713
406836
408211
407520
407608
407371
406283
419854
414249
408316
407737
407143
406709
406384
447765
408893
407868
406965
424210
408086
406786
433707
436096
426325
433528
432955
408024
407192
415396
407250
407624
407576
407906
408005
406681
414334
407856
413915
406985
407538
407591
406737
413961
407800
407902
407653
408201
407588
407477
414228
407717
407576
407029
406786
407884
411110
417130
407699
407616
406194
408079
408204
407582
407812
407827
406490
407465
415682
406589
418299
408097
407348
407900
407572
406437
408060
406637
407961
407407
407864
407276
407402
407752
408535
407593
407728
407456
407480
408575
407467
407501
419042
408295
407381
407797
407846
423437
407943
406422
407975
407759
406192
407739
407804
407552
406541
407999
406734
407668
408355
406608
406403
407920
406863
407644
408248
407748
406512
408045
407912
407861
408276
406563
407520
407793
423506
424943
408519
407564
408133
406828
406493
407349
407864
406492
407588
407311
407469
407793
407432
412549
406435
408193
406313
408101
407895
406707
411796
407647
406597
408171
407486
407478
406400
422021
406900
408276
408411
408320
407668
407350
432427
407878
407967
407881
407022
407939
407193
412289
407919
408734
406699
407447
406524
406529
419360
407476
407711
407374
407282
409747
441986
412836
407799
416298
408111
407429
407729
406380
411380
408460
406634
408105
406323
406664
406322
439443
425690
407496
407217
406674
407587
407581
438476
425186
449477
433564
427993
406950
410621
408784
407102
408111
408084
408060
407777
411421
407083
407396
407745
407786
408106
407708
411102
407525
408012
408203
407781
407290
406571
409786
408518
407820
406255
407758
407899
406867
408639
407320
406798
407812
407759
423684
407908
407378
406386
407584
407872
406232
406086
408227
410626
408181
408293
406459
406358
407633
406388
408584
406911
408098
407871
406188
407642
407940
414001
411838
407182
407397
406792
407267
422527
406992
407475
407655
406491
406573
406786
405688
418440
407069
406417
407499
407748
407733
407887
408199
407492
407607
408092
407888
407022
407917
407805
407846
406571
406597
407200
407652
406722
417110
413192
406361
407792
407694
406610
407440
407647
414923
407575
406768
407089
407705
408039
407897
406307
407721
407442
407555
407523
407706
407728
408851
406197
406095
407867
405603
406432
407964
407233
414413
408253
405982
407574
408041
407100
420977
408211
406356
407825
406740
415855
408847
408652
406643
407687
406456
407849
407186
407634
406923
407441
408254
408142
407310
408040
407606
407034
407844
424260
406610
407866
406776
407583
408739
408023
407339
406938
406797
405903
406870
426858
406570
407578
407811
407599
407696
407885
407584
407747
407486
407613
406479
408052
407335
417637
408134
406928
422395
406383
408280
408112
412925
407598
408086
407253
407998
407107
406720
412919
407819
406662
407600
408013
405770
407565
437929
412139
408086
406801
417921
407868
407150
412927
423784
436361
433876
449435
407173
415000
408045
406611
407790
408453
425618
406757
410040
407166
407472
407289
407709
407542
408201
410852
408307
406300
407589
407507
407813
408298
427390
408057
406413
407189
406701
407962
417011
414665
406985
407735
407707
408523
407177
407624
410632
408141
407304
407872
407933
407636
407549
407065
407953
407517
407846
406265
408376
407847
408344
407798
408165
407994
408313
407909
408036
411401
406921
408070
407810
407816
407926
407951
406520
407864
408264
407800
408096
408050
407009
408156
406804
408213
407879
407102
407655
408112
408232
406637
407738
406703
408114
407647
406732
407407
407791
423489
407941
407328
407700
407429
424918
414669
408222
407467
407654
407569
407857
413211
407843
406333
408524
408045
407513
407930
409117
406589
407826
407904
407569
406737
407862
407720
409351
407932
423106
408098
407744
407689
412747
407764
407792
407798
407745
407515
407791
407817
417101
407136
407784
407638
406823
408270
408315
407342
406759
416389
407865
406664
407732
447914
436548
434823
423624
421863
407779
406526
418184
407843
407295
406811
407474
407825
406571
426394
407997
408048
435789
407818
407095
407209
424649
407616
406766
407619
407779
407354
407978
411972
408077
407651
407468
407536
423774
408248
419723
407957
407851
406581
408244
407381
407167
412972
406959
407442
407969
407476
408039
407514
413427
406772
408009
406601
407911
408484
407650
425509
406966
406572
407576
407842
407733
409957
413415
406853
407740
407712
408118
406119
406465
413647
407661
407485
406848
408312
411290
412833
419696
408265
407766
407628
406639
407847
407657
413539
407422
407711
406376
407851
407611
407630
411289
417486
407984
406667
408012
407823
407610
424410
408485
406293
407562
408113
406524
406499
415338
406037
406831
407974
407792
407668
406428
408391
407966
407961
407171
407720
408107
406743
408645
408373
423488
407866
407959
407494
407292
410745
407148
408215
406744
407811
406498
408390
408707
407934
408798
407580
407323
407840
407556
408904
407995
406712
407568
407625
407835
407736
408337
408223
408010
423707
405469
406675
407085
408609
407416
407909
406258
407731
407720
407637
411119
406533
407633
408198
406759
406829
406869
407999
405771
406397
407994
407483
407883
407973
411561
407749
406795
428207
434216
424273
407811
427715
408393
406700
407841
407908
408063
407424
422843
408044
408047
407810
407491
408527
408042
421088
407881
407861
408117
406540
407888
406864
426438
408175
407994
407527
407953
410853
408440
413062
407899
406136
407974
407529
406782
407598
412995
406936
408298
408365
406512
406858
406926
419039
406980
406205
408095
406473
406076
406146
416335
407987
407830
407599
407852
407809
407244
428281
406441
406798
407942
407799
407651
406235
418472
407006
407991
406698
406719
406528
407545
408202
407574
408603
406358
407822
407542
407601
407322
406025
406840
407963
407756
407474
407533
411054
422930
407856
407527
406959
408231
407754
408328
407322
406567
408112
406910
408022
407309
406826
406479
408179
407644
406621
407775
406825
408460
406968
408244
407362
408217
406147
407978
413902
408653
415400
407981
406840
408022
407921
417015
412891
408332
406222
407522
407885
408019
418803
406884
406770
407821
406522
407553
407591
413853
408262
407546
406868
407821
408496
406822
411506
406739
407899
407456
414759
408017
408025
407838
406865
406516
408138
407797
406818
407528
408861
416913
406678
408119
406377
407489
426942
407586
407982
407978
407979
406384
408118
407900
406218
408301
406859
408122
407816
424957
407054
413629
407514
406211
421712
434789
432370
430208
437778
408051
408058
407744
406524
407874
406219
427079
408383
407908
407746
407758
408781
407826
421888
408088
408004
408115
406537
408003
423056
423183
407419
407854
408148
406219
407964
407896
419778
407105
407679
407945
407139
406422
406520
413379
407454
406667
407824
407899
407236
406483
424671
406812
408402
407554
407960
407859
407244
435357
408582
408379
406963
407662
407270
407516
413639
407922
407435
408017
406421
407593
407752
411951
406284
408016
408064
407341
407347
406801
407099
408033
406596
408280
407154
405588
408201
411062
416372
406944
406442
406981
407600
407707
411099
408289
407720
407751
407586
407967
407799
407345
407981
407055
407981
406452
406729
407461
408032
407793
407473
406768
406506
407434
407690
407660
407919
407944
412513
406718
407808
408023
410818
407926
407910
406169
407834
406420
407993
408502
406714
408020
407883
407831
407325
407905
407116
406645
406848
408132
407657
408061
408010
419330
407987
406710
407759
423369
407633
405937
412065
408118
407841
407420
407612
407576
407228
417836
414091
407771
407981
407914
406793
408241
407626
408029
406390
407395
406619
407698
407145
413908
407879
407911
407940
407177
423747
408463
410097
407714
424349
408155
407862
408152
407898
420732
406603
407783
407693
410975
439886
422934
411781
408242
407714
408532
407807
407506
407676
410327
407449
408091
407968
408022
408115
423289
410720
408120
407064
406537
408195
407637
407503
413365
408558
407857
407921
407746
406390
408069
408025
407842
406451
408224
407130
408588
407434
411431
408516
407623
406124
408240
406814
407982
417282
408171
407264
407594
406534
407700
407726
408237
406283
408188
407291
407839
408107
407274
408693
408272
407836
406935
408404
407612
406775
408271
407885
407851
407954
406375
407954
407912
410783
407108
416542
407487
407867
407870
407686
407904
408187
407822
407541
407877
407649
408173
408347
407767
407905
408020
407958
407725
408056
406689
407681
408622
407921
406594
406612
407820
419297
407259
408065
423165
408397
407993
407561
414346
411696
407832
408039
407720
406633
407982
408246
408168
408671
408191
407778
407127
408230
408508
408116
406760
407905
407173
407880
407986
413165
408047
407920
408061
423061
407900
454218
408713
406908
408925
407261
407678
407291
408000
410023
407190
407142
408031
408332
408200
408325
408465
407982
407886
407841
407542
406552
406520
407491
408726
406956
405980
406856
418829
407980
407332
408418
406914
406446
407060
407973
425454
408633
406803
408044
407873
422233
423446
408222
440416
434700
408034
407797
408112
406657
406872
436635
408299
406662
406492
407892
408111
418766
429569
408125
407435
407791
407224
407610
407873
429223
407928
408106
408034
407818
407795
407970
420031
408147
406872
407414
407851
406333
407497
430898
414884
407956
408233
407777
406510
407782
436766
407749
407922
407980
407551
406922
407997
435177
408761
406568
406299
406676
406593
407701
431589
407861
407548
406371
406650
407425
408259
430619
406601
408257
406453
407578
407871
407650
437370
411398
408651
407933
408363
407874
406529
431886
407249
407732
407735
408042
408335
408259
413954
407792
407864
406761
427217
407206
407900
418942
408576
407629
406571
407553
409302
407998
413522
407985
408051
417275
406889
407206
407965
432664
407909
408418
407831
407974
407818
407708
420954
407742
407833
408117
406830
407709
408053
413915
407829
406348
408140
408286
407357
407972
427828
408092
407631
407828
424100
408183
406902
421230
407739
406970
407452
407614
407979
407789
432899
407796
406325
406613
408208
406688
407739
413974
406399
407815
407798
408090
408084
406459
435821
408657
406822
406212
406447
422752
408562
412848
406843
408293
407618
407697
407664
407858
413749
407439
408143
407559
407760
408058
408125
438942
408506
424767
407672
407848
406993
407848
440610
432931
430050
441862
408205
407578
423378
412503
406730
406910
407689
408085
407786
407872
413216
408084
406212
406448
407032
407822
407912
414719
406481
406983
408242
407928
406467
408424
414469
407444
407750
407378
407002
408111
423515
426081
408616
408394
406795
407101
407953
413486
408907
406882
407628
407824
407909
407671
426410
406626
407620
407894
407536
407304
407396
417515
408125
406430
407719
408075
407954
407758
414229
413952
417982
406270
408217
407702
407470
408343
407220
407948
406591
407603
406353
408058
408385
408208
407076
408136
407729
408006
407850
411702
408573
407327
407510
406168
407665
406731
408609
406709
406999
411032
408676
407956
408072
416637
412208
408346
407639
406316
407377
407169
409197
408317
408238
407726
407940
408095
408011
407824
408371
407695
407862
406593
407973
406757
419204
408789
407842
408026
406706
419441
406339
409714
408424
407667
408115
406591
406140
407656
410110
411060
407893
407508
407142
407705
407877
408672
408283
406633
407621
407766
407871
407802
406969
408358
406619
406517
406983
407692
422257
406549
408273
407949
407665
407947
408081
407759
418944
406485
407946
406594
406563
408129
408302
415206
408790
407714
406611
410307
446703
430630
441705
407498
407337
413224
407337
407523
408094
445066
407781
408019
406777
407522
408319
407648
428289
425468
406525
407799
407463
406481
406461
429554
406950
408150
406302
407764
406581
407729
433969
408055
408028
408111
406295
408344
408475
413923
424274
408703
407595
407846
407870
406641
412599
408076
406474
407931
408099
406164
407997
420689
408397
408346
406488
407764
408012
407108
413447
408045
407846
407764
407615
407654
407074
428089
407937
423324
406758
407882
407388
407936
437741
408147
406530
408272
408051
407930
407423
413062
408026
406810
407491
407271
407521
407842
413329
407675
407743
407956
407365
407614
407758
418051
406946
407572
411022
407009
408149
408229
432461
407107
408372
406586
407709
407619
415714
414278
407775
406342
407997
406532
407675
407103
420319
406338
406335
406974
406519
407764
407582
414080
407813
407674
406446
407578
415801
408326
465552
408584
407040
406506
406159
407727
406958
439172
408296
408345
406310
407499
407546
406354
412447
408417
406549
407663
407601
408145
407582
414812
406491
407547
408488
406687
407706
423639
418907
407875
408413
405943
407943
407691
407987
414075
407805
407586
407647
408013
407751
407496
431932
407890
407862
408015
425118
408078
407942
447617
432077
440205
406961
407519
407787
407207
432780
407060
407652
407622
408009
407518
407698
429668
408470
407514
408004
407347
407727
408223
435869
408685
408126
407379
406961
407512
407942
433473
406606
406866
408016
408019
407620
407900
414328
422813
408295
408039
407574
407876
407620
418892
407463
406613
407606
407634
406802
406456
413801
407846
407830
407675
406676
407891
407306
413899
407411
407199
407865
406688
407981
407577
438138
408656
422404
407664
407368
406579
407937
414241
407896
407736
407381
408149
408039
407351
413050
407961
407723
407605
407816
407712
406572
420532
408404
408168
407679
407377
407666
408047
413629
407594
407778
409806
408188
407770
406433
432938
408004
406218
407268
407988
406502
407881
419490
408680
407088
406342
407890
408152
406523
413850
407390
407374
406333
406939
407392
407599
413127
406486
407630
406729
407792
421054
407942
420477
407836
407712
407821
407786
406816
408262
432307
407959
407713
407634
407585
406463
407666
412869
407563
407833
407973
407364
407289
408342
419470
406776
408194
407694
408355
408260
423583
413854
407966
407629
407531
406724
407656
407644
413396
408215
407308
408041
407497
408467
406760
437694
407856
407869
407130
406405
406753
405835
414102
418814
408455
408117
407548
406853
408141
434465
429083
430738
433494
432941
407995
407710
418570
407835
407358
408133
410500
408122
406376
417657
408058
407954
407279
406739
408058
407560
417828
405688
407806
407773
407614
407850
406631
415085
424114
406449
408050
407578
406667
408107
407945
406602
407590
406086
406685
406337
407133
408448
407793
406645
406837
405518
407242
407644
409059
407450
407969
407710
407885
405966
407027
418244
408316
419779
407498
408153
406641
407836
415849
407806
407693
408505
407621
407467
406934
407163
406639
407958
407908
406340
407755
406582
407885
408149
406347
407490
407565
407734
407526
408445
405968
408279
410722
408116
407940
406890
418676
408074
406602
406462
407563
417696
408449
408078
406977
408272
407877
407578
406444
408045
407343
408034
407803
408184
406921
408149
408024
407585
406590
407994
407846
407562
418700
405675
407858
407631
405391
407448
406670
407286
407864
421669
408275
407793
407766
408156
406448
407691
408347
406348
407765
408055
407924
407818
407576
407659
407855
406067
407642
406271
408169
423852
407899
407789
407892
408190
406896
407718
408011
408973
407641
406638
407505
406384
407954
408375
423299
408512
408233
407940
407853
408148
407350
408312
406510
407953
406567
406401
420582
406832
423547
407992
407955
440285
451895
429474
426391
408011
407853
406776
407451
407683
407517
410268
408272
407319
407727
408078
407342
407895
411604
408718
429590
407708
406460
407490
406816
418057
407067
422535
407654
406252
407559
408021
419754
407241
408089
406570
406336
406172
407882
427290
406905
407846
408244
407936
408071
408088
412835
408006
407865
407863
407921
407287
407683
423973
407442
407131
423531
408068
406450
407792
419982
406826
408435
407829
408225
406543
408211
412550
406835
408182
406237
407451
406718
407700
413914
408230
408164
406678
406467
407829
407893
417774
406984
406854
408268
411005
408202
407088
422204
406416
406772
408031
406752
407852
407075
413381
408598
406849
407704
408070
408009
407882
419236
407928
407861
407139
406572
408126
406689
411644
407756
407989
406646
408253
408860
423600
413296
408222
407571
407773
407484
407813
407574
410734
408608
407697
408014
406747
407878
408172
412976
406629
407845
408478
407010
408484
406785
408058
408365
406652
407791
408009
408493
407868
424232
408369
407662
407699
406889
408039
408134
407797
407949
408042
406964
408007
407824
407706
410668
408232
407523
407550
408010
406667
408019
407687
406764
408609
406268
407295
408425
406946
407646
418566
406566
425183
407919
407980
407078
413110
450851
425687
436915
413545
406480
406311
435750
407901
407646
407669
407798
407784
406410
428225
408034
408787
407493
407688
408192
407863
429164
408260
423524
407845
407321
407574
407298
436275
408160
407731
407463
407984
406519
408470
419237
408997
408022
406949
408033
408068
407902
414436
407777
406963
407818
407575
406514
408011
438581
408349
406426
415509
406607
407834
408627
430484
407661
407897
406345
407842
407605
406065
413707
407915
407810
407542
407938
406883
407739
420465
408000
408281
407678
406731
407575
408059
412859
406325
406884
407673
412382
412057
406563
432726
408474
407971
407267
407517
407800
407422
419651
407118
407524
406985
407470
407614
407196
414338
407826
408444
407422
406245
407839
407198
415791
407825
407428
407404
407850
406689
423460
420089
406189
408141
408025
407595
408104
408282
426578
407973
408016
406568
406807
406649
406773
413425
407449
407616
408102
406435
406764
407605
419189
406999
407851
406614
407123
407347
407310
427910
408130
407539
406455
408234
407991
406610
412430
407947
406582
407873
407719
406442
407649
429675
406695
406869
407579
408279
407976
406519
413392
407206
407970
406944
407800
406661
408069
413078
413435
406124
408220
407681
407895
408020
436242
406921
407669
408315
437742
431287
422764
432867
406940
408105
408163
407649
406741
406807
432895
408091
408399
406660
407423
406857
407448
435830
406165
417033
408418
406511
406425
407495
431037
406502
406324
407700
407394
406586
408271
414473
406441
407765
407316
407798
407464
407769
420107
407943
408131
407902
407586
407772
407509
430974
407796
408349
412674
408289
408258
408121
413180
407863
407589
407929
408008
406752
408015
419487
408650
406454
407875
408123
407413
408128
413130
408066
406976
407770
407893
408344
407850
413803
406952
406699
408014
408306
423852
424706
437789
408173
407593
406564
407988
408252
408017
413562
407808
406744
407986
407928
407728
407352
413559
407182
407826
407517
408095
405811
408254
420410
406574
406831
407993
407849
408394
423613
413070
407988
406705
407807
407468
407931
407669
433221
408268
407820
407682
407572
406716
407194
419470
407954
407984
408182
406749
408202
408032
413745
408091
407084
408020
408091
406951
406569
422971
408532
407898
408004
407723
408265
407776
421256
408491
408124
407638
407675
407472
407578
433583
406939
407760
406635
407198
408327
406553
413717
407802
406565
408225
408139
407923
407542
421188
410889
408566
408441
407709
408010
408562
413634
408318
407990
406518
419625
408003
406584
414525
407977
408501
407468
408392
407427
406763
447490
429831
430188
407833
406866
408092
406837
430945
408216
412606
408404
407835
407922
406347
429553
406910
407902
407543
407787
408235
407844
436940
408343
407575
407315
407738
407829
407659
413532
407453
408318
408151
407507
408043
406452
521851
453099
425296
456993
408137
407085
411288
409176
408090
408109
408232
407197
411248
408353
407798
407770
407401
406380
407987
408521
407661
408244
408270
408437
413431
408726
406739
420389
407032
408218
408179
408331
415736
406785
423209
406999
453900
408929
408296
407845
408235
414154
408519
406740
408073
408108
406850
407940
420399
408295
407956
408178
406836
408070
407862
414737
408081
407343
406816
407998
407707
413204
414586
406803
407389
407859
408137
408355
406847
435209
408093
405966
406688
407928
407547
407572
414353
405566
406963
408021
408091
407290
407997
414385
407798
407991
406596
408073
407881
407788
419105
415156
408312
406414
407370
407897
407571
414009
408157
407888
407809
407939
408003
408298
426592
408174
406552
408282
406588
407854
407668
420122
408900
408113
406761
407874
407851
407577
413047
407557
424481
408023
412910
408600
408051
439385
408396
408743
408246
408398
407052
407410
420656
411465
407074
408240
407104
408591
441093
436867
429272
419633
424297
407579
407998
408155
429302
406598
407732
423938
406685
406833
406511
437228
408359
407649
407976
406581
407673
406950
430599
407796
406694
408056
408646
407410
406372
414215
406819
407851
408464
407387
407832
406734
439084
408219
408170
407412
422968
408226
407710
414298
407597
407939
407143
406768
408013
408089
412538
407645
408054
406904
407936
407649
407741
420391
408591
407988
407624
407522
406448
407510
414120
406407
408344
408425
407829
420388
406789
431342
407163
407479
408050
407821
407793
407870
419194
407792
407721
406493
406799
406521
406887
413772
406817
407889
407421
406656
408169
408012
413478
407548
407218
408008
407765
407317
410048
420299
406907
407640
407992
406857
406575
407123
433048
409034
406539
408234
407056
406857
407837
412628
406558
406802
406814
408029
407930
406531
418835
408150
406327
408120
407043
406450
407907
414124
423369
407778
408109
407929
407902
407824
413767
407564
407849
407804
406250
407751
406441
437677
408470
406251
406687
407932
407913
408072
414397
406350
407954
407854
407783
406775
407605
411749
408015
423460
407402
407948
407917
406160
419546
407057
407691
407789
406802
407010
407790
413823
406656
408065
408047
406161
407988
422533
428793
408208
407984
443565
431917
424955
428871
434885
408306
406183
423150
408313
406922
406231
431566
407228
407757
406753
406608
407815
407388
429501
406436
406437
407558
407394
407953
406384
435323
407367
406979
408011
408356
407722
408069
430202
406426
406894
408323
421552
406881
408186
428293
406479
406942
407754
407624
408110
408053
419184
408127
406640
408337
416404
406736
406317
412366
407024
406541
407793
406926
407877
406830
414395
407985
408026
407690
408130
410746
407934
437166
407129
406151
406974
407984
407031
406528
420987
407157
406604
406810
406915
406790
408173
413781
407784
406998
406965
408024
407916
407780
418128
408314
406757
407798
406837
407586
407780
422446
407587
408184
408223
408230
407727
408180
432797
407852
407073
407772
407805
408089
408390
420082
408098
406933
406470
408297
408017
407343
414308
407663
408038
408100
407533
407627
407750
411625
423622
408403
407495
407670
406548
406796
420659
407168
406844
406694
407741
408066
407692
433088
407574
407476
407673
406236
407646
407797
411590
407871
407604
406674
407676
407770
406485
419209
408697
422451
407908
408038
406964
406519
414229
406284
407556
407876
407063
408126
406976
413409
408061
406947
407573
407472
408578
406811
438377
407802
412218
414170
408457
406225
406378
449011
433381
431457
436943
407874
408018
406887
419121
408025
407801
407746
406664
406853
406572
417994
426583
408169
407797
406520
407043
407567
416063
407802
406761
407674
407312
407605
408006
420116
406538
407809
408100
419210
407947
407523
408535
408061
407734
406442
407899
406181
408025
408051
407431
406322
408044
407761
407672
407725
407703
406252
407535
406799
407741
406877
406428
408913
408105
407693
407808
408248
408108
417968
417778
407547
407795
407846
407523
407716
406761
408154
408195
406805
407520
408341
408304
407974
407539
408211
407361
407491
407203
406610
407730
407746
407729
406506
406466
406333
407992
407531
427504
408247
407058
407304
407430
408085
407791
437904
408881
406804
407893
407159
406510
406766
408352
408410
407870
408036
405706
408435
406805
411614
408299
405704
406952
407933
407880
408367
418875
424384
408079
407924
406844
406814
407597
411909
408136
407662
450915
409127
407268
407441
418489
407605
408151
407845
407937
407721
407929
408454
408093
408093
407520
408010
407442
407991
408723
407877
422372
407574
408000
416379
429765
444699
445529
445458
444060
445474
445650
458938
445438
439520
408214
407643
407566
407860
433601
408409
407606
407923
407219
407721
406945
433877
407827
427739
429401
408356
406895
408084
421344
408008
407769
407196
408057
406807
407932
419656
406256
407613
406540
406326
407969
408756
418451
407157
408207
408127
406895
407369
408416
421780
407019
407618
405737
407649
412690
406859
416240
408434
407074
407670
407763
406077
407434
407360
408080
407652
407993
407698
407982
408068
408184
406509
406965
407163
407620
406931
407658
408113
407565
407964
407343
407448
406133
423722
423110
407858
407515
407928
406874
407519
407369
407477
406592
407717
408185
407251
406693
407922
412649
408337
407606
407030
406602
406630
407553
413720
406481
407634
408135
406782
407753
408186
462971
407680
408524
406545
408007
408229
407408
433010
407538
407795
406954
408214
407008
407482
412150
407095
407714
405871
407029
407426
407071
419205
407849
408465
407193
408076
406834
406974
413587
417175
406714
407217
407901
406724
407995
412708
407845
407915
408140
406335
407658
408065
437459
406749
408181
407533
407911
407893
407255
413133
408623
408288
408050
408109
408112
421358
414173
407974
406657
412915
407900
406554
408050
422512
406626
408085
408129
407762
406851
407059
412842
407385
407283
407746
408054
407557
406356
431528
407652
407907
408027
407947
407472
407950
420534
414439
408292
407790
427350
408262
408336
414029
442578
432477
409386
408219
407025
406986
418361
407023
407796
408086
407425
407664
407653
416620
407902
407277
407891
407969
407514
407211
419098
408545
406962
407946
417856
423473
414266
413657
407071
407537
408131
407907
407718
420515
408156
408446
406622
406762
407751
408736
407280
408159
407964
407877
407428
407923
408140
407597
406520
407256
407462
407900
406452
407640
423922
415968
408039
408051
407883
408096
406032
405667
406898
406413
405614
406440
408521
407474
407442
407652
406145
407905
407871
407197
407622
407879
407325
408106
406844
407391
407839
408284
405879
415787
408360
406871
407755
437772
412229
407897
413508
408719
407502
406696
407733
406796
407816
408631
407841
408369
407221
407788
406845
406906
408125
407778
407844
407604
407991
408010
407513
408276
409507
408198
407176
406786
407824
408303
409456
408313
406795
407557
407868
407549
406866
421076
408071
406548
407925
406876
406389
407949
408140
406699
407875
408014
407170
406909
408124
407623
407251
408124
424344
408031
408052
407669
419304
407125
408209
407980
407924
407724
407738
408024
407970
407661
407796
406983
407918
407957
422638
408161
408054
406782
408121
406946
407448
408071
408100
406727
407666
422681
407403
407842
408190
425241
407554
406936
408029
434712
451658
430266
408363
407911
408455
407644
407946
409550
408297
408301
408095
407835
407167
407061
411107
408829
408116
407706
408238
407172
423990
411762
407557
407904
408556
408063
406855
408108
407273
407741
408029
407051
407862
408194
407007
407471
408209
407872
407863
408005
407977
408303
408857
407450
408496
406859
406936
408076
408413
425063
408159
408163
406223
407718
408437
422855
408747
408063
405726
407732
407560
407829
407829
408835
406738
407098
407939
407882
406620
407963
407422
408237
407820
407326
406716
407258
408017
412921
410490
408149
408093
406752
408232
407464
411200
408320
407176
408314
407793
407997
408428
408081
408329
408321
407145
408383
408541
407644
407823
407450
405722
408646
408455
406520
408297
417043
407329
408009
416494
407752
407927
407738
411934
408007
408003
409451
408032
405920
408531
410286
414551
408537
407610
408091
408134
407875
418895
407468
407151
408408
407034
407647
408238
407752
407501
407129
408026
422254
424760
407606
413335
408576
406190
406338
408022
407887
406797
408381
407924
408059
407583
408011
408083
406702
412675
415410
408051
408361
416147
407846
407089
418395
407965
407612
408410
406410
422403
407754
411453
407664
407856
408108
406635
407821
425791
410876
408434
418409
434497
436104
408498
408631
425164
406908
407916
408564
407864
407187
407632
430525
408405
407030
406770
407863
407884
423758
427049
407054
407492
407432
408050
407049
407094
414344
406654
406590
407687
407749
408019
407883
420196
408046
407845
407084
407850
408228
408224
411153
406421
408010
406967
407938
408795
407656
427453
407360
408063
408032
407653
408045
406571
418604
408351
408524
406918
408156
406885
408571
413904
407073
407998
407733
408524
408288
407825
413753
408436
406139
408162
408628
405846
407427
419824
408204
411972
408583
406725
407616
407785
414992
407816
408201
407329
408281
407380
405993
413461
406883
407692
406714
408219
407636
406511
408838
408266
407677
406810
407942
406545
406963
407440
406819
408104
423054
407428
406205
405715
407570
406889
407032
420297
454944
420795
408038
434887
408538
406392
407890
406644
406827
408198
423958
408102
408565
407436
407608
408038
406877
424875
408403
406800
407733
423281
408465
407567
432719
408247
408135
406108
407865
407741
414730
413376
407478
408494
406576
407892
408056
406530
425935
407613
407336
406839
407917
406845
406300
420751
407984
407694
407150
407570
424057
408168
415109
407055
407627
408340
408143
407876
407664
413992
407959
407801
434505
408008
414224
439715
450867
408019
407805
407999
407155
407685
407381
433139
408381
408176
406529
407674
408285
423793
429828
408089
408003
407266
406836
406766
407844
435890
408440
407822
406981
407967
408323
406558
414351
406682
407350
406446
407247
408136
406839
413221
406706
407111
408079
406695
406910
408070
443336
407060
406943
408041
407580
408549
406639
413674
408202
407053
407089
406853
407263
407199
413866
406827
408028
407935
407860
406899
406592
419804
407962
408245
408533
409176
408270
406768
414074
406414
417894
407146
406995
408126
406972
428873
408276
407404
408001
406865
406030
407554
419765
406964
408312
407665
407751
408284
407006
414092
407934
406865
406452
408171
408474
407798
412705
408223
406880
423564
409178
407490
406359
420959
407908
408736
407228
406802
408029
406954
426635
408175
408478
407893
407641
407086
408146
413965
407965
407738
407814
408460
406503
407938
420396
407324
407230
407449
422682
408217
407329
412909
407133
408132
407934
406659
408592
407585
413193
407645
407660
406490
407953
407243
407982
428406
406734
407607
408387
408445
407711
408306
412937
408129
408627
406644
408120
411144
407281
413856
408202
407862
408044
408102
407887
406765
418948
406742
407141
406512
408186
408205
408423
427226
406874
408041
437964
425501
408372
406276
427113
408095
406914
407572
418124
408657
412867
437367
408271
407043
406987
407910
407803
407838
428214
408397
408000
408195
407694
408183
406626
429917
408062
408025
406418
407771
407939
407801
420495
408445
406709
407889
406832
407800
407950
432633
418917
406633
407781
408018
407641
407694
412169
408390
407780
408166
408661
406903
407529
419107
407087
407687
408665
407783
407360
407978
412531
407995
407986
408145
407552
407152
407494
413542
406606
423169
408626
407167
406977
407039
434398
407130
407674
408292
407704
407994
406471
413336
408144
407273
406463
407553
407305
405672
414140
407152
407177
408183
408240
407506
407930
420772
408196
407813
418093
409378
408226
407888
412655
408245
408280
406853
407721
407448
406609
422997
407587
407601
406363
407242
407348
408103
418882
407083
407101
406472
406736
407876
407960
413433
406990
408300
408007
408704
407928
406848
413888
407256
408166
406869
408083
407894
407579
419821
408641
407262
407203
408098
408075
406276
418522
427388
407367
406626
407963
407018
407318
415709
407547
406718
408255
406626
407707
424581
419517
408678
407765
406563
407348
407970
407225
413127
406718
408151
408428
408539
408230
408219
413061
408308
408523
408104
410529
409024
408167
426349
416750
439060
434715
433199
408214
407173
445014
407743
407169
408493
408466
407080
408109
430771
407373
407844
408175
407797
406522
407930
436484
408264
408133
406492
407054
408282
407953
430272
408351
406677
408449
407788
407708
407682
431658
422888
408261
407612
407759
408346
407382
419005
408341
408185
408231
408003
407711
408171
414004
406665
408211
407963
408059
408046
408103
413393
406673
407035
406262
406462
406871
407976
420263
407750
422966
408142
407791
407853
407266
432421
406994
407801
407947
407641
408094
407459
413767
408113
407998
407982
406638
408167
407800
419513
408517
408284
407912
407918
407727
408189
414491
408310
407277
408571
406996
407120
405912
413785
407853
407044
407671
407918
406545
408137
434287
406948
408138
407574
407913
407601
406830
412918
408416
407576
406939
406138
406990
406826
412503
407088
407941
408012
408035
423659
408044
435187
407881
407816
406859
406825
408021
407912
413169
407056
407571
408183
408203
406721
407326
424817
408146
407662
406946
406854
407150
407792
420632
407349
407943
408338
407436
407570
424461
413136
406822
407462
407910
407768
408009
406521
413382
407651
408136
408046
406629
407867
408067
418193
407862
408033
406805
407406
408890
407827
421275
412955
410336
407632
407708
407814
409554
448644
433972
424882
428578
408130
407684
407261
435287
407960
407976
407631
408632
408126
407557
430935
407874
406370
408020
406455
407852
406709
429291
408006
406545
407791
407567
407898
407278
438678
423239
408075
407381
408161
407767
408092
413784
407973
407962
408019
407918
407910
406780
413664
406674
408321
407686
407792
406687
407364
420255
407240
406411
408452
407157
407884
408205
413578
407666
412499
408406
408039
408129
408018
427927
407217
408085
408262
406511
407680
407989
419647
408007
408138
408189
408033
407759
437313
426791
408136
406915
406629
408000
406888
408533
413533
407923
406513
407698
420657
408090
406860
420479
407865
408581
406339
408185
407957
407754
431399
407755
407282
407048
408083
408177
407799
413612
407533
407592
408468
408212
405552
407815
419870
407003
407830
406922
406626
423216
407689
413783
407848
408080
406557
407900
407807
407886
413784
407891
406629
408142
408005
407847
406560
433327
407011
406740
407593
407616
425089
406873
428362
408188
408213
408289
407654
407938
423162
428561
406987
407100
407824
406781
407460
407951
436750
408063
407449
407155
407913
407337
407725
429845
408186
408199
407944
406586
406433
408265
430612
408102
407559
406625
408048
406950
416758
442421
408138
408274
407842
406740
407921
407123
412964
407858
408291
407983
427426
406757
407914
414117
408132
408188
407531
408512
407370
407564
420572
408297
406402
407936
406145
408095
408127
433038
412684
408305
408098
407586
407031
407202
420331
408155
407765
407930
407185
407273
407766
460706
434523
424226
407871
406787
407934
407622
430052
407519
407864
407706
407611
406828
407846
428137
408352
412256
412718
408237
407999
407636
442644
406303
406513
406456
407591
407567
406686
412914
407931
407851
407210
407961
407831
406812
413001
408395
407766
407435
407750
407726
407996
420440
406805
407235
408069
422763
407560
407678
413950
407949
407611
406174
408077
408026
407838
432002
408054
406249
406927
407311
406863
406370
419404
408076
407766
407019
407678
407426
407638
413527
407636
406189
407666
407678
423642
407170
413748
407984
407039
407961
406657
406771
407956
419374
406907
408048
407078
406859
407460
407497
431606
406826
408260
407368
408122
406357
407585
414139
407628
407392
406389
408215
407553
410422
420021
407046
407634
407892
407115
408077
407929
413191
406437
408126
407550
420964
408178
408081
413973
407795
407935
407348
407927
408165
407473
438470
408527
408068
407523
407454
407760
408247
413218
415169
407904
408001
407899
408624
407513
414419
409237
413029
407669
415980
429559
428426
435879
408030
407076
407156
406786
408035
408089
429394
407805
408321
406581
406821
408290
407462
443734
408365
416595
406720
407614
407851
407503
436584
408124
407731
407886
406656
407459
407637
413868
407003
407606
406908
407561
408044
407458
413439
406741
407628
408130
407779
406594
406875
435661
406893
408000
424245
408435
407693
407708
432221
407855
408524
407262
407931
407819
407862
413526
406997
407844
407707
406528
407711
407549
419373
408144
406406
407826
408105
407693
406427
413697
406549
407344
406595
423380
408050
407845
413103
407902
407845
406873
408008
406552
408099
437619
408492
407028
407801
406258
407796
407659
413706
407951
407554
407777
406134
406473
407579
415456
407589
407767
407618
408137
409240
408874
442946
414839
407318
407538
408060
407540
406900
414065
406498
407912
405739
407445
407927
406337
431025
406753
408293
407798
408368
406143
407878
420231
408338
407549
407895
406694
407612
408201
423607
408365
408195
407636
407709
407461
407725
413450
408090
407610
407776
406821
407351
407795
418795
407815
407889
407665
407843
407973
407254
432133
407971
407976
407852
407956
407060
408238
430505
424402
408186
406308
406799
407447
407736
435597
407853
409753
425826
425248
407509
408129
428638
407895
408204
407690
407591
408120
407501
430518
408014
407781
407632
408116
408000
407691
439433
407143
422265
408460
406930
407661
408187
429654
407689
407784
407356
407811
407704
408097
413887
407921
407646
407743
407520
408008
407610
419992
408171
406144
408849
408096
407785
408216
459444
407874
408219
423728
407743
407185
431544
505688
412089
407402
407488
408369
407021
406811
408353
406634
408125
407911
406048
407325
407423
408017
425783
406967
406728
407829
407625
408332
407849
407847
407537
407526
423558
407764
407902
408848
407366
407136
408080
407706
406707
408030
418967
408295
408151
407889
406301
407457
406533
406988
406816
407403
408422
407511
407633
408080
407667
407135
407826
408244
407986
416136
408157
406856
406933
408463
407934
407365
407981
406657
408278
407934
408050
407987
407898
406930
412175
426536
406918
407781
407867
407081
406516
407994
406108
407647
407949
406641
407541
408129
406793
420609
408554
406350
407114
406603
406767
407878
417998
407254
406981
407898
406685
406488
408174
415515
407760
407655
405764
407362
407547
406588
432857
407933
406471
406323
406939
407290
408121
419464
421739
408208
406779
408371
407927
408178
414046
407511
406635
407720
424419
408461
407827
413449
407587
433483
433455
430836
423401
412015
413999
408090
407953
408310
407612
408195
406555
417214
406581
424247
406788
407657
407452
413234
412107
408070
406043
408240
408799
406503
425591
408808
406637
408441
408380
408260
407524
408259
406567
406503
408010
407549
407585
408354
407826
407757
406542
406878
424147
407955
407873
421799
415843
406716
408204
407417
407792
406596
413241
406592
407603
407516
408191
406572
406442
407898
531834
638628
602976
617401
668204
624526
613602
611557
607924
628370
617629
623050
616278
630838
608894
613671
617234
621908
650956
614773
613282
614642
627853
617716
611081
609286
628649
663403
607183
609670
626797
668767
613578
612093
617019
641612
645143
616383
619316
618330
620103
610454
624947
625683
629848
682625
629357
622369
620435
629767
676216
624154
611627
607917
648669
600944
607227
571645
409029
456800
408264
407932
407492
407743
407289
406619
431369
419093
407987
407618
408205
408035
407083
412374
407526
407786
408322
407857
406731
407898
419895
426979
407654
406554
415864
430336
425220
427726
407977
407281
407581
407591
408377
407571
433184
407555
417024
408466
407943
414326
409005
415667
408484
407022
407942
407373
407805
407844
415909
408411
406909
407595
407774
408256
406526
407840
407124
407355
407594
405696
407355
407952
408449
408725
408431
410764
407433
408019
407831
420395
406165
407102
408144
408109
407732
408048
408538
407589
406366
407830
408235
407766
408353
408816
407064
407977
407704
406735
406857
408270
407387
408000
407838
407802
407845
423897
407389
408119
406712
407240
408306
406953
407854
408350
421271
406751
407883
408131
406826
407560
407623
407930
405489
407493
408006
406935
406655
406254
412879
406141
407266
406969
410076
407926
423740
417792
407854
406815
408166
407822
408035
407668
412582
407366
406623
407875
407938
406591
407580
431119
407296
406618
406548
406596
408053
429987
433069
406472
407625
406332
406288
406601
407949
445197
407561
407902
406413
432354
450879
448788
448068
446027
446427
447814
449632
448141
485966
447870
445167
447263
446631
445608
465530
446303
445436
445765
446336
447118
461142
444909
446090
444640
445985
446262
447182
482196
445898
446597
447048
445709
446913
460424
446273
446101
446234
446022
445959
444367
446108
446479
445752
445395
445990
444442
479730
446536
446746
446322
446336
445459
444902
446241
447275
446533
446732
446125
446026
461192
444013
445918
448126
451204
456959
451884
408715
407732
406673
407786
408158
407815
427314
405706
407898
406611
420778
406853
407793
430513
408049
406805
406811
406679
408025
407773
420596
408656
407717
408182
407889
407639
408159
413030
407236
407990
406905
407368
408018
407825
416055
407314
408011
406155
407146
407859
411766
420168
408259
408177
407953
406406
407276
406748
424947
407760
406653
405970
407236
407981
407259
413986
408077
405303
408109
408061
407059
408325
419809
408191
407639
407918
407836
407858
407318
429587
407712
408205
407851
407766
407811
407610
413842
408066
406837
407694
408069
408379
407292
430058
408230
407893
407903
408134
407961
407935
412275
407721
407917
407911
407696
407941
407756
411849
424135
406228
406356
408593
407824
407532
419674
407726
407886
407887
406508
428727
408430
413364
408256
407843
406823
407494
406980
407857
424114
406512
407061
408330
407563
406605
407620
428123
408538
418545
406744
407036
407898
408590
413668
406649
406842
406731
407839
408027
408251
412266
407636
406923
408116
407973
407098
407811
418212
407041
407627
427937
407550
413838
435405
445007
408020
406896
413693
407617
407316
406952
430262
408800
408007
407680
408148
407811
407507
436881
408182
407195
408208
406716
407627
406888
427698
406863
406319
407840
407815
408316
406408
413802
407405
407828
407589
407975
413296
407984
435850
407564
407776
406849
406522
407938
406739
412058
406557
407262
406845
407648
407944
406878
413565
407088
407555
406332
407038
406976
406307
420167
408156
408106
408254
406482
406457
422875
414047
408297
406939
408012
406705
408305
408362
424041
407055
406222
407379
408177
406856
407611
420470
408045
407665
408172
407442
406462
408203
413351
408031
407157
406958
407569
408381
405809
429382
407912
407952
407850
407973
406780
406460
418595
407192
407743
431942
449828
408141
406787
432966
408496
406651
406758
407155
407848
405652
413616
407837
406410
407193
406703
408069
407829
419203
423484
408088
408106
406075
407945
407733
411748
407628
407441
408037
406626
408198
407209
413710
407402
407836
407679
408178
406547
407942
432693
407245
406726
408546
407795
407636
406795
412928
407487
410518
407133
407964
407506
407108
412516
408415
406854
408004
406717
406984
406457
419908
408305
406868
407957
406620
407840
408001
413133
407516
407282
406358
407949
408471
408231
428536
407282
420545
437334
445973
444366
445179
459996
446152
444749
445672
445612
445058
449425
408654
407781
407923
407521
407856
407182
420836
408025
408215
408152
407490
408223
406475
427125
407019
408028
406364
407932
424027
406152
423311
406962
408083
407774
407744
408067
407744
413547
407007
407069
407520
406670
407841
407851
418235
408396
408022
407891
407198
406787
408046
412518
406882
407384
407779
406602
406615
417425
412467
408053
407610
408154
408293
407819
406460
425379
409108
408245
407893
408400
408429
408247
413101
406126
407171
407944
429841
408043
407101
412219
407635
407719
407048
407604
406471
406643
421712
407368
408062
407790
406723
407182
408101
412753
405680
408017
406442
408031
408005
407275
408826
408044
408104
405819
406769
406741
406773
409181
408288
406147
408223
407892
406654
407885
408488
408088
419260
406722
406444
408112
407049
408548
407786
408119
406553
407656
406932
407595
408855
406839
407838
408108
406715
407763
408226
409574
407096
406798
406919
408049
406541
408227
409531
408063
407874
422435
406548
407788
407700
407161
408199
408907
407446
407287
406786
406621
407602
408082
407772
407780
407669
407651
408218
407766
407908
406821
407853
407386
406683
406820
424082
413184
406472
407829
425571
407172
407545
408287
406852
407289
407055
406690
407787
407917
407976
441981
429177
435354
408320
408032
407790
429187
408139
407507
407935
407585
408100
407496
422073
408154
407559
406653
407855
416956
408243
423191
408216
407401
408129
407696
408135
407831
432037
408415
407667
407662
407941
407968
408043
459843
506241
428671
448160
407347
407684
408118
412728
407637
407888
406862
407764
410419
423569
418343
408353
406455
407767
406541
407942
407717
430173
406127
407568
412543
451094
407752
407298
405911
408512
407093
406301
407429
408533
407592
407660
408054
458141
408476
408060
407607
407736
423545
405826
407611
407883
405859
407368
406322
406251
407492
406799
406201
406909
407260
406699
417322
408383
407339
407508
407844
407955
408032
406859
407273
411476
407387
406446
407402
407724
407086
418680
408134
408031
406200
407970
407680
407246
407789
407980
407595
407759
406344
408064
408324
408163
408003
407837
407757
407470
407648
421636
408206
408160
408027
407668
407875
407368
407665
408277
410825
408203
406414
407616
406718
408046
407650
407753
407557
405889
408005
408165
407907
406695
408159
408256
408159
407601
407440
408399
407825
407620
407950
408481
407891
407853
431798
407290
407477
407753
423576
407862
407543
407843
425418
408088
406907
407558
416193
442890
424262
425017
416622
407552
407133
407673
413993
406907
408020
407701
408169
408103
406265
419384
407603
407281
408156
406578
408152
422483
409944
408465
407297
407957
408296
408390
406553
408058
407964
406822
408067
407951
408584
408056
408830
407846
407359
407393
406839
407624
407109
408511
408241
407768
408498
407958
406956
406911
428566
408067
407878
407140
407386
408017
407998
412824
412786
407950
407244
407705
407588
407847
410566
407280
407914
407259
407352
407595
406470
407512
408071
407426
406599
407909
406529
407747
408128
416420
407745
407611
406938
406522
405875
408143
408556
406803
407954
407598
408051
407467
408073
420050
408042
405908
407817
407829
407381
407864
429305
408465
408230
408042
407711
408027
406480
420820
409829
414863
433417
408185
406773
409669
408444
408309
408040
408649
407940
407811
411231
408389
406622
407012
407701
407831
408043
409634
408327
407527
406980
408177
406828
406573
409397
407936
406775
408857
409036
406698
407567
407186
408149
407498
408158
421176
408328
406021
408867
408043
406244
407202
407605
407938
408088
407972
407101
408244
407964
408078
408116
407679
409690
407324
408270
408150
407843
423893
408175
408948
406780
408427
407043
407641
408230
425607
407678
418362
438941
424520
408458
407673
407240
427349
445011
445089
445083
443025
444796
443924
446630
445660
444893
445239
444732
445529
447492
407898
406904
407740
407781
407765
408248
429044
406062
408304
408114
407697
406803
408372
435599
408401
406828
408144
407771
408028
408060
414173
408316
408321
407580
406530
408217
406410
429657
407918
406934
408217
407062
407982
407293
437652
408344
408228
408284
407272
407358
407998
415025
407645
406225
406909
407474
407053
407827
413999
406670
407936
408041
407932
408183
407897
420202
422628
407814
406209
406409
407603
408083
413791
407393
407973
407796
406642
407888
406649
427061
406887
406926
407514
407087
406770
407277
419797
407160
407537
408347
407719
407882
407729
414285
407579
417022
408182
407662
407513
408058
414266
406713
407914
406512
407865
407599
425919
420286
408179
406366
406449
407624
408531
406652
426750
407760
407877
407697
407661
408008
407137
428525
408155
407194
407918
413459
407853
407422
420259
408513
407620
407812
406813
407863
407854
412738
407337
407658
407625
426083
407902
407915
412481
405936
407649
407397
408219
408092
407561
433312
418280
407614
408645
407606
423687
408107
413835
407878
407896
407079
407666
407198
407653
413479
408379
405948
424862
407785
434609
430282
435101
408086
408504
406114
408179
407906
406157
430526
408156
407146
406669
407015
407902
423359
430466
408175
406116
407493
407859
407776
407640
436196
408375
407201
407215
406342
407738
408334
413631
408235
408024
408626
406590
407938
407939
413046
407844
407923
407772
407638
406923
407734
435585
407461
408263
408093
407219
407798
408008
432079
408102
406906
407603
406475
406558
406973
413772
408083
408021
407385
407773
405824
406778
419821
407943
407777
407079
407659
407762
406224
433595
445272
445564
444866
444860
442514
451326
445811
445170
412785
405962
408209
449617
438659
408877
407958
407715
406839
406381
407408
414523
407592
406582
406907
407631
406571
407628
412745
407517
407438
419691
407914
407847
406545
422269
408611
407753
407633
406637
407803
407830
412931
407620
407583
406421
408082
407726
407886
423339
407974
408452
406655
406389
407445
408596
429957
408365
406940
407563
423576
406842
407900
413093
407279
407551
406851
408042
406828
407631
411727
407816
408141
407871
407782
408221
406972
419465
408203
407883
407795
407703
407589
407462
422836
406594
407948
407720
407982
423162
408037
413329
407640
406759
407457
407989
407863
406306
419188
408366
406247
407896
406817
407633
408023
431295
408634
408245
407943
407639
407599
406994
430736
407590
408665
407300
408037
408265
417129
450283
432404
436074
426672
426218
428545
432343
441735
431842
440942
428597
425190
407268
414949
407491
407668
408124
408015
408077
408080
425342
408227
406957
406627
408020
408500
406536
417475
424359
406236
407630
407895
407930
406288
409809
411929
407834
407990
407924
406639
408058
406902
406910
407855
408095
407854
408299
406645
412986
408430
408085
407395
406720
407989
407467
407709
407845
422460
408055
406580
406118
406840
408659
407724
408068
407277
407779
407900
406722
417322
414122
407928
407953
406884
407651
408034
412639
408289
407695
407963
407597
407765
406950
408334
408234
407164
415927
408090
406906
406873
407902
408197
407525
407775
407357
407546
407654
407601
408338
408097
407821
406493
407770
408074
408118
419847
406734
407248
407465
407818
407712
407696
408803
406651
408012
407881
415821
407724
407246
406623
406162
407463
406649
407949
407726
407704
408424
407877
407504
408089
407583
407774
407705
408554
406841
407790
406979
407595
407744
407950
434315
408077
406783
406816
407895
422582
407777
408542
406955
406833
407749
408470
407772
406062
408422
406368
407437
406886
407172
406367
406680
412453
407274
407395
407610
424197
408054
407766
418786
408088
407881
407800
419881
427803
451795
422121
419711
406588
437398
424436
415572
457099
408543
407882
407708
407466
406534
407816
426165
407670
408268
407692
407682
408355
406722
420570
408366
407038
406927
407993
407712
406482
414052
422748
406456
407863
407790
406791
407905
431281
408169
407785
407939
406608
406949
407807
413128
407865
408115
406402
406707
407790
407319
413715
407595
406755
408383
408113
407869
407150
425336
407964
423416
407414
407700
407979
407809
413483
408441
407739
407269
407851
407991
407718
420356
407945
406437
407960
406813
406351
407506
419016
407369
406729
407700
407958
406472
405945
413510
408206
408062
409405
408108
406365
407556
413107
407905
407382
408439
408294
406653
406909
407548
406809
406488
408563
406021
406806
408870
409837
408243
406142
407749
407762
407189
408010
410287
408671
407990
406372
406619
416607
408327
407284
407659
407190
407502
406437
408203
406569
408036
407702
407736
407733
407838
408203
407253
408462
407345
408171
407993
407577
407467
408045
410430
408045
408217
408356
407300
408640
438388
413568
408017
408077
407837
405904
407619
407662
406604
407846
407699
407619
407480
406432
408340
407775
407929
406411
406276
408096
408345
405804
408013
407989
425364
407986
407056
414120
442211
440218
424579
406416
407888
407835
406069
408032
428625
406392
407298
407847
407811
407884
407290
425298
408116
407322
407695
408381
407696
407744
423681
407670
407258
407544
407372
407784
405731
419568
423785
408714
406667
407912
407540
408134
424378
408078
407963
406068
406538
406740
407948
412609
407942
407661
408140
407708
406649
407656
419697
407224
408635
407226
408154
424490
407313
412923
406887
411689
408362
407705
407746
408178
413535
406813
406448
408070
407184
407784
408189
431308
408419
406708
407941
405975
408236
407608
412188
408001
424888
406859
407338
407850
406446
420336
407673
407644
407860
414172
408233
407946
432243
408484
407649
407532
407601
407959
406849
425648
405905
407128
406829
407885
408260
407490
425980
407938
407649
406983
406333
407756
407355
418502
406925
408233
407652
407794
424040
408128
413958
405902
407778
407553
408119
407799
406896
414630
407899
406185
406768
407953
408200
407809
419580
407763
408086
408055
406550
408296
408066
424730
406793
406973
406801
408539
407868
422718
413209
407502
407704
405666
407218
408921
407742
418679
406484
407851
406663
406204
407834
405900
412025
407824
407888
406640
408109
407560
406582
413049
407872
406648
407744
407706
406206
425306
427627
408129
420236
440416
436713
423047
407655
427573
408060
408141
407549
407775
407796
406521
429325
408347
406692
407200
407989
407764
408068
434069
407794
408201
408359
407923
407413
406618
429152
418649
407602
407702
418657
449637
423196
433557
408381
408144
406405
407474
406364
407945
437115
406593
408478
407690
407182
406572
406718
429440
407803
406692
406287
406228
407723
406802
430568
408040
419868
407121
406237
408026
408045
421076
408363
407948
406931
406483
407299
406743
432101
408303
408004
406301
406650
406512
407145
413237
407497
406283
407853
407430
407184
406597
418826
407127
407734
410943
408381
408001
407539
413796
407831
406322
406348
407857
406914
410054
