651986
594066
456251
456030
454750
455498
480589
494649
498423
479329
478309
478216
477920
509623
478556
535199
480742
478152
645272
568012
562473
547183
548717
543077
544518
613668
721330
501619
478741
549814
698488
735145
652608
480096
479273
478530
478544
505274
479001
477315
477281
480249
484945
477730
479523
479393
478532
478532
506661
479202
477280
558166
478042
484446
480689
476644
482673
477603
477863
499099
478360
479645
478078
479459
498691
482703
480798
481427
479410
477695
499082
478205
479818
476710
492688
478611
490518
481175
476586
477304
478345
494548
476764
477407
476933
477233
477173
507222
477809
478467
476587
478398
486231
478450
476661
477007
476979
482463
490535
476763
477381
476728
476656
477099
478265
476705
476706
477371
476456
478532
477492
478470
477460
476775
477826
489576
478705
476706
476837
477453
482138
493756
477121
501407
501231
479095
500004
476911
477089
477526
476718
478376
487355
477425
476237
476405
476245
490507
477973
477838
477063
476528
478531
500639
494397
478313
477636
476660
483995
478040
476964
476663
477689
476600
484104
476691
477902
476584
477510
478206
478641
477154
477306
477278
478575
477895
476934
485189
478484
476804
477250
484061
477131
476966
476876
477533
489293
482652
477103
478105
477966
476033
487996
477138
477702
477008
476717
477846
485055
476770
477180
494722
478433
477205
477327
477714
478019
477572
477857
489600
477311
476787
476195
478416
476418
489105
477403
476810
476716
476976
482097
476854
478157
476801
478380
477214
489872
477068
477231
478025
477692
482382
477942
478198
476712
476821
476693
484476
477571
476849
477534
476510
478539
508901
478597
476735
478309
476892
492679
478290
484572
477362
498715
508342
498470
477772
477936
478106
477048
487190
476870
477108
476912
477020
477242
498220
477557
478777
476820
476743
478068
504109
478244
478202
476812
477715
497631
476830
476929
477552
476718
476383
483311
477969
478305
476924
477003
477398
477565
476640
477097
478617
476852
490353
481787
478288
477661
476963
476756
492431
478586
478661
477892
476786
482161
477814
477986
477991
477601
477097
491412
478082
477155
476942
476849
476984
478338
476295
492449
476674
478083
481866
476850
476925
477106
477405
478160
509717
478128
476629
476985
478191
478642
478253
476323
477874
478890
476461
485590
478890
476529
481950
477215
476669
476792
477301
477248
478010
477135
483499
478080
476690
476778
477646
477142
500356
477850
476852
476869
477785
487703
477154
476024
476973
477823
491539
482936
478750
476812
477635
476327
477492
499659
477036
476612
476755
476388
478639
476710
476643
476557
477632
482919
501953
476643
477008
477772
476434
488211
476704
476570
477964
477938
478475
504563
476562
477472
477566
476553
476826
483109
477246
477231
495680
510604
487954
486060
477006
478164
476614
477082
514969
478287
476645
476923
477245
482254
477795
476967
477008
477916
476453
498991
478963
476919
477392
476861
476507
477192
478360
477802
476396
477735
482166
477654
493472
477013
476740
477933
502450
478197
476426
476582
476610
478497
477734
476676
477105
476620
476855
484614
477845
477431
476331
477837
476446
482898
477069
476926
476948
476970
478906
477335
477831
476392
476929
476651
501147
478357
476375
477557
476930
476905
477753
476923
476988
476205
476966
489271
477390
476809
476046
491536
476332
482904
477417
476873
477900
476749
483491
478129
477331
477308
478111
476423
508209
477330
478121
478175
478217
477401
477687
476500
477524
477924
485348
476695
476852
476872
477757
476942
476093
490802
478656
477524
476709
477000
477342
477670
477340
476529
476532
478129
493191
476931
476554
477949
476322
476349
501673
477039
476624
476878
478572
478242
476476
476028
477082
484048
483008
509521
476953
476601
476956
494579
495664
478705
478315
476035
477880
476648
500119
492129
476764
476969
476429
476574
489322
476994
476770
478167
477961
488730
478064
478109
481644
477160
491649
483182
477628
476894
476414
478241
482349
478678
481772
476433
478058
478045
507685
478981
476575
477094
477094
477165
476656
478000
477138
477373
478071
533538
478279
476294
476689
478289
476185
490547
477926
476548
483474
477309
476759
477525
478803
478139
476701
476783
502625
477463
478029
476426
476978
476821
478124
476996
477789
475906
477216
483363
478343
476913
477861
493436
477715
483033
477112
478180
477396
478299
480475
477540
477817
477197
476932
476632
504419
477514
477222
477828
477084
478144
483575
478217
476998
476916
483640
478453
478497
476443
478277
476897
477063
483761
477456
478468
476573
476707
482486
477655
478173
476579
478580
476594
499977
477277
477639
477846
476629
476578
500274
478018
476805
477239
476388
478248
478479
476905
476588
476986
478378
489983
477007
476748
478006
476811
476970
495515
480015
518497
494333
479157
496643
488678
477058
476553
478423
477062
514878
478194
477609
476849
476168
485063
478172
477533
477088
476589
477513
499562
477508
477688
478309
476561
488885
477923
481100
482686
476996
476596
502750
479408
477615
476363
476800
476827
498308
477288
476253
476237
477990
477979
477651
476996
476267
477649
476819
483573
478446
477401
492996
478119
486414
477370
476555
477177
477569
476727
502073
478335
476350
477051
476848
477951
483960
478515
476859
476686
476480
477218
478493
477156
476951
480259
477536
489970
478815
477161
478306
477093
477882
477188
478205
478221
478139
476701
491277
477114
477048
477921
477917
478455
489563
478275
477121
476799
477725
493769
478380
476495
476722
476657
476403
509282
478265
476669
477058
476662
477942
477942
476617
478212
476667
478015
491148
477344
476637
477166
478415
476933
495419
477278
476634
477983
476943
478763
477040
477159
478163
476283
477248
482642
476789
478820
477182
480782
478211
477114
478311
477371
476732
501309
498498
511822
502134
499237
477243
477735
490845
477568
478071
476610
476578
486938
479309
476479
478215
477665
477077
505577
477706
477414
478001
477442
481759
478889
478793
492866
476733
477836
501466
477413
476846
477277
478017
477016
489220
478847
477105
476522
477891
477301
477434
476920
478356
478066
477656
486154
476810
476488
486429
476569
491289
486538
478007
476603
477507
477786
503280
477114
476556
477665
476525
476070
476941
477905
476317
477285
476350
477512
476847
476505
477646
478486
477126
483938
476587
476617
477893
476898
478084
477220
476289
477347
476421
476714
502936
476798
476702
477681
476698
476143
482832
476565
476443
476064
476328
492903
478213
476927
477220
476584
476310
490407
476712
477620
475943
476454
476625
477148
476394
476262
476178
476689
482736
476620
478788
477753
475922
476157
496809
477607
477716
477939
477444
484053
478015
477232
476341
476463
476645
481832
477763
477589
476499
495322
476436
491056
477839
495432
476446
476030
483917
477116
497965
512055
476989
507876
518156
493351
477404
477479
477059
482235
476473
477786
477573
475979
476951
499285
476414
476381
477099
476554
487016
481979
477009
492165
478063
476772
502925
477158
477981
476527
476876
476583
482182
477713
476508
476462
476589
477909
476238
492981
427077
425330
423677
433563
423992
423716
423682
425873
434931
424166
431644
423740
424892
424344
423411
424797
423926
448710
424905
423885
424769
425426
424292
436989
424694
425434
424643
425217
424308
425115
430692
425683
424903
425898
425484
437168
429883
423886
425369
424314
424505
426329
424901
438624
426018
423903
424560
424230
423788
425621
440045
423819
424161
424125
423435
425965
429271
424655
425105
424268
425461
423790
424128
448987
425088
423710
423641
425380
423200
425746
425041
425953
425305
424824
424139
424665
432247
424444
425508
424367
423243
424131
424131
435763
438752
424437
423901
425247
424250
430824
439990
424880
424989
423422
425047
424271
430619
423920
423135
424490
424922
423455
424631
423246
423069
424579
425413
424319
423590
429559
424096
425442
424195
424546
424269
428443
425089
425248
465743
448093
424194
423222
454779
426030
424849
424467
424521
424993
428702
428677
424170
424707
423188
423979
423527
445445
423777
423246
424568
424379
423647
424143
453071
423904
425149
439948
425226
425211
440648
423663
425875
423459
424406
423554
439446
430438
423793
424484
424411
423988
425611
434540
423877
423672
424453
424131
423729
424423
431653
425177
424070
424335
428842
425548
423932
424147
423068
424677
423544
424367
423614
448994
425890
424085
423191
423100
424583
424075
431129
424479
423716
425214
423359
424725
423883
423458
423953
422964
423620
424996
439333
436367
423421
423718
423182
423925
423109
423394
425167
424907
424757
423308
424635
422905
436575
424432
424689
423534
424008
423312
423345
436343
424148
425911
423829
422869
423982
432864
428930
423366
423226
423505
424467
442707
429961
423555
423797
424737
423974
424755
424323
424888
425227
425117
423262
422669
423149
440328
425115
423472
424094
424807
423046
424129
431988
440709
424905
423967
424938
424175
436215
424634
424968
424081
424183
424658
422991
430551
425210
423562
423886
424586
425226
434034
431768
423277
424517
424565
423764
424204
448502
424493
424280
429509
442733
424904
423496
444534
423042
448248
456430
424239
450861
455253
425194
424123
423911
424473
423314
423087
452923
423336
423499
424488
424573
422637
431803
424636
423267
424243
441651
424009
425615
451202
423855
423118
423059
424111
424473
435793
425237
423240
424144
425285
424367
422930
430844
423076
423444
423005
424155
422965
424075
428187
424875
423416
424702
432445
423186
423719
423604
422552
423986
423012
422893
422871
449159
423012
423784
423451
422185
422457
428889
423403
424447
422939
422872
423738
424371
435162
423762
422825
423209
422718
424442
438860
429753
423367
423325
423925
422926
423227
423409
425369
425135
422585
423159
422935
422319
454898
422943
423099
423313
424381
423595
424853
422989
424898
423873
423549
423768
423338
428671
429862
424308
424387
422887
422857
422379
437179
423283
424293
422339
423989
423061
424072
423416
422722
424043
423734
423867
422320
448379
423501
424402
423341
422406
422429
422826
441185
435204
423371
423322
422725
424474
428181
423981
423451
423002
424560
423642
424188
428896
424165
422493
423539
423096
424271
425561
424962
422586
422399
423301
422400
423951
442168
423663
423156
440386
422834
423928
423005
446443
446658
423674
423589
423828
427701
459607
423158
424306
422737
422903
422504
422993
459838
447093
455254
429990
423943
422770
439777
424996
423518
423193
440837
424408
423093
454349
424501
422910
423204
423666
422560
427612
424705
423374
423123
422982
423778
422881
446663
422746
422594
422887
424612
423465
422889
424850
423287
423407
424176
424529
426459
429490
423131
423989
422594
423087
423714
422770
449909
424131
422901
422713
423542
424921
424266
424814
424151
423040
424023
422681
423614
429167
422967
423023
424132
423941
422786
438433
422941
423004
424033
424710
422649
422743
436155
424891
423647
422485
422783
422653
424123
447943
422268
423918
422611
424039
423080
429498
424093
423452
423053
424169
422489
422878
437067
439451
423054
423052
423778
422952
423012
430387
423350
424508
422585
423594
424029
423579
424506
423675
423083
423394
424848
424126
454109
425485
423748
422975
423011
423019
423460
423317
425140
422770
423189
424478
423176
428989
422981
422789
424094
422745
423136
423276
437776
423315
423856
424506
423880
422875
428708
424012
423808
424250
423443
422876
423288
446981
424394
423027
438950
423077
422251
424620
423639
424600
423097
423691
422489
441096
428334
454817
440616
424022
423513
422705
422727
444432
424261
424439
424081
424193
424281
427984
423953
423207
424125
427860
423394
424375
448657
423162
424058
422867
423096
422862
425076
424609
423897
423602
423234
423586
424543
435587
422863
422921
423613
423149
424244
423276
430144
422586
423459
422353
424268
438755
423778
423101
424171
422620
423174
423870
423289
455818
424666
424882
423444
424674
421389
424497
423227
422682
423138
423070
422404
422499
428093
422638
423394
422950
423219
423180
423906
444707
423472
424921
422898
423140
423047
424655
424573
422532
422836
423007
423490
424157
447836
423534
424489
423180
422696
424165
422543
423449
423470
424032
423301
424461
422967
429501
434777
423327
424145
423175
422738
422900
428843
424215
422632
423673
422790
424642
422902
423638
423022
422545
422696
422717
422350
442680
423449
423776
422886
422400
424474
422591
430779
423106
440193
423170
422947
423167
423666
423143
424663
422912
423277
423194
423076
429156
423876
422850
423093
422882
424328
423989
423338
423991
423738
423094
422913
423064
445972
423800
422534
430332
423239
423741
423077
446981
424085
423605
422790
423098
423416
423358
424309
424620
440257
423219
423007
422684
436111
424700
423597
423635
422539
424525
423076
423302
439895
449725
449430
446294
422724
444884
423443
423232
422844
423065
423140
423804
434894
424307
423079
422902
423098
424205
435334
423331
423582
423995
423702
422870
423972
446660
425150
424832
422644
423086
428436
425581
423240
423317
423174
423923
423800
424088
448703
422851
423408
423896
424093
424397
422644
423498
423760
423347
423957
423676
422812
434275
442167
423840
423602
423936
423097
422706
444100
423508
424287
423127
423690
423484
429719
423885
422792
423148
424211
422886
423733
454354
423659
423469
423269
423869
424649
423686
429055
424109
423462
424261
423168
423182
430140
429376
423943
423079
424174
422805
423377
465247
424281
424464
424595
423411
423998
428322
424670
423069
423400
424713
425422
423294
448890
423615
423765
423317
424255
424499
424450
435678
423374
439164
424306
423383
422921
428967
423590
423698
424523
424259
423324
423104
430383
423481
424344
423894
422887
422819
423174
424262
424205
424364
422548
423720
424404
439597
424535
422178
422827
432094
423881
422850
429200
424497
424943
422757
425048
423432
424783
424822
424124
423586
424326
422930
424051
447278
423128
422903
451073
439955
445936
431890
423777
422724
422951
424465
439256
424090
455504
423953
424817
423003
422920
423275
423729
434524
423872
422854
423164
423548
422874
438809
423246
422285
422739
422730
424319
423126
438133
424742
424600
424030
423004
423069
430569
423254
423295
422596
423390
422556
422693
448327
424966
423205
423209
423231
424520
423808
424238
424613
423566
422759
424276
423070
430025
424215
423107
422867
424554
423086
423357
440507
425076
423636
425265
423781
423739
425893
423362
422921
422867
423231
424135
424386
443302
423377
424289
423501
423427
424319
422656
429960
424279
422678
424434
424294
424952
424980
423265
438993
424487
424335
423832
422742
430641
422976
423197
424567
422967
424572
423369
423528
423898
422267
424573
423488
423229
446446
424478
424743
423833
423374
423530
424198
430595
424489
428144
423291
423093
424392
423810
425489
423360
422831
423518
424196
424874
437759
423673
424556
423324
423217
423151
424230
434002
423771
424922
424319
423412
425023
441423
424491
422759
424346
438886
424827
424096
455367
423750
422790
423493
424266
424830
430163
424598
423497
424238
444090
424200
424451
447215
423770
422852
422971
436535
424366
435287
452522
453690
439643
424832
433164
424439
447607
424417
423947
424058
424863
423052
425036
424231
422989
424768
423455
423486
422855
451452
423902
424827
422781
423207
423858
424880
444189
423202
423046
422774
424884
423188
445762
423919
424474
423131
423420
423093
423468
532329
467678
424944
432833
424587
424128
430297
424250
423262
422742
423137
425164
424133
429523
423121
424475
423037
423800
422967
424482
438263
424262
424106
510767
423397
422804
430283
423028
423035
422803
422700
424096
427887
424295
461919
424523
424507
422880
422429
437828
424235
424598
424176
422786
422714
423339
422930
435990
422832
423083
423963
423525
430496
425054
422699
424063
423486
424658
422751
435244
423735
428191
423238
423954
425313
436305
423234
424235
422148
424861
422770
422951
429574
423284
423588
439018
423588
424778
426553
424421
423658
423905
422992
423525
423545
430193
423576
423608
422734
424141
422810
423940
429570
424052
423797
423051
422382
422775
428851
424234
423251
423491
430873
424381
422898
430957
424533
443144
424928
422777
423758
423770
423057
424501
424541
423143
424465
423615
434903
423274
423585
423819
441669
423466
423134
430178
439822
422675
424438
423463
452786
452342
453500
424329
422188
423369
423195
423542
454794
438314
424441
423437
423028
423180
430053
463837
423261
423425
424563
424454
423185
445539
422695
423120
423533
422756
423824
443874
423513
424612
424134
423377
423172
423764
448174
424212
424847
423210
423161
424168
428936
424340
423170
424396
423041
423236
423861
436454
422752
423843
423722
424243
423665
424145
430241
430206
423649
424680
423906
423627
423987
424325
423250
422991
422533
424054
422730
454711
424310
424119
424023
423802
422508
423098
423701
423243
422337
423297
422599
423591
429312
424359
434914
424352
423121
430860
455497
479081
462001
462055
461136
461732
463480
470278
461762
433283
423164
423612
423120
440447
424093
424031
424251
423142
423404
423464
452435
424757
423964
441063
424254
423259
431599
423741
424831
424472
422941
422745
423875
430898
423348
423443
422868
423888
423495
424422
423807
423557
421781
423994
424115
423038
439796
423584
423370
423367
430511
424108
422634
447467
423529
423641
423638
422617
422410
423075
423714
424302
423244
423254
423759
424670
429768
423408
422997
423091
424221
423772
423598
424780
422550
424178
422424
424134
455400
445988
423107
424323
424448
424152
430296
446464
459353
446220
449982
434998
432243
422777
443122
423458
422704
422788
424240
423571
423113
451435
424531
423645
423199
423938
423200
449750
425447
424431
423555
422917
423125
423480
447783
424159
423458
422802
422425
423417
424260
423108
423382
424213
422482
423076
424002
429866
423416
422183
422444
422130
424211
424505
423701
438359
422779
423592
424449
423206
436549
424134
422759
424057
423831
422149
423972
448903
423073
423994
424543
423695
423364
423036
423242
424777
422263
422412
422726
422985
436296
423428
427183
424287
423389
422972
424001
429135
424482
422894
424395
423096
424045
423966
425112
422958
424369
423003
423095
422795
453795
423201
423768
422898
423858
422779
424075
424398
422821
422113
438491
424708
422185
428389
423737
428431
424011
423448
423055
423926
435811
423324
424173
422736
424638
422700
422919
424720
423985
423027
422553
422810
423826
447533
424294
423161
423990
423681
428881
423040
423827
422940
422803
423657
423036
422707
428683
424219
424271
423184
423188
424233
423047
429629
423165
424249
422731
422657
424099
424554
422863
423778
424165
423178
422439
435657
446454
423977
429788
423731
423013
422713
422510
459727
447114
433583
434638
422990
424341
452033
423477
424488
422859
423146
424380
423344
440517
424199
422817
424452
423973
423705
439028
424796
423108
424002
423002
424270
423310
455977
422939
423311
422405
422627
423528
423440
423311
423674
423969
423918
423076
423201
429413
424212
423150
424201
423174
423969
422262
435186
439062
423882
423096
423097
422776
429163
424026
424316
421872
422929
422964
422320
448385
424680
423060
423385
422741
423289
436469
423805
423355
422299
422742
422853
424499
429753
423322
423577
438711
422983
424183
423936
446641
423990
423768
423693
422951
424315
423957
424483
422671
422197
423895
422670
422666
448655
423278
424647
422709
422740
422850
422235
423668
423040
423350
433653
422778
423415
434218
423824
423413
422443
422633
423324
423148
429028
423744
423960
422851
424122
422670
423203
424412
423855
424575
423045
422673
423580
453215
424227
424406
423065
422867
439273
424056
432985
423150
422680
423545
422944
422526
428726
424865
424322
422400
424927
423240
423415
436295
424396
422871
422737
423249
422979
429285
422975
424769
422837
422404
423370
425473
445872
423153
423122
424122
423147
424238
432452
424476
424382
423446
422458
424578
423033
429523
432082
453242
444840
445925
438305
423021
432701
438910
464290
424027
423076
423997
455461
430044
424424
422627
423057
423145
423405
445345
423483
422699
423001
423107
424612
434010
422994
422426
422862
423508
423467
423469
436537
422987
423233
424076
423946
423065
424670
425387
435240
422946
424155
423893
423324
429154
423379
424411
422699
423843
422402
423409
454401
423371
422708
422923
423476
424046
424804
423231
423030
422891
423884
423567
423018
429915
423816
423905
438668
423344
430388
436252
425075
423790
423858
423389
423112
422572
429842
424760
424170
423308
424360
423632
424437
448755
423148
422536
423307
423774
423389
425749
422914
423555
422901
430334
423265
423421
429947
423796
424561
423072
423516
422757
424106
424725
424073
422616
423517
422774
424663
435315
424414
446839
423547
424327
423096
422904
448196
424671
422773
424320
422961
439004
428125
422965
424473
422560
422520
422826
424771
451369
424695
422659
424455
423132
422761
423131
430452
424529
424543
424579
423283
422533
430308
423137
424039
423412
423399
424033
429936
454251
424366
423177
422742
422581
422639
425053
423340
422968
424417
440375
424520
423151
430561
445287
464790
445853
424316
423778
429210
424144
423322
422805
425136
424039
423171
446037
440425
422976
423081
422609
422553
429157
431971
423047
424800
424668
423846
423113
447944
423730
423493
423747
424411
423040
424118
430933
424247
422855
422193
423113
422629
423474
424588
428297
424258
424516
423612
423407
435515
423788
424279
423423
422752
423018
422757
451159
423484
423413
423113
422822
422974
430317
424461
423109
422832
422869
423461
422882
435943
423049
423244
438791
422735
424525
423243
422888
424085
423005
423421
422852
422875
429353
424245
424005
422955
423112
424465
424626
436613
422895
423413
423465
424169
422857
429663
423449
423084
423838
426748
425301
423971
430419
422732
424153
422601
424701
423222
425832
425299
423254
422865
424533
423159
422789
428959
424826
424409
422972
423009
422202
423792
447970
423701
422577
422729
422842
438778
445460
424643
423061
427456
424590
423635
422592
430488
422993
422868
422975
423018
422483
428833
422956
423182
422294
422903
423898
423678
435891
424105
422796
423159
423774
423291
423380
473666
424092
422913
424043
423066
423229
428515
423243
424047
422381
423323
422979
423070
437362
442980
423258
424343
422899
434676
446690
451411
441176
423546
424316
422647
422750
447386
439206
422935
424426
422722
422658
446594
423571
424388
423131
423031
422158
423610
446887
423063
422749
422443
423086
422857
424231
422779
422981
422387
422775
422989
422280
435437
423140
424525
424335
422985
423889
424301
430983
424440
422566
423190
423096
422915
428494
429021
422120
423297
423778
423342
423136
435932
422770
422879
422989
424784
422647
424739
428480
423998
422488
439428
423289
423731
423267
423224
422704
424274
422945
423160
422529
437223
423357
423378
423146
422887
422587
424188
433624
424569
422825
422850
422589
422821
428020
422751
423276
423927
422501
438335
423248
435756
423461
422426
423380
424390
423072
428828
425027
422682
422068
423341
423066
422529
429671
424429
422694
422626
422836
422968
422890
452851
424664
424330
423055
422810
428908
428386
422986
424533
423082
423147
422934
423222
430688
423193
422428
422888
422770
422659
435419
423318
423210
422743
423396
422536
422701
429322
424268
424738
423440
424382
422614
424400
449870
422511
422526
424237
424210
423314
424981
422812
423198
424026
424067
423065
424174
429926
423337
424237
423115
423003
441355
422686
424515
422986
422567
430337
438104
424027
450337
456126
427955
424687
423234
422737
423787
435890
423530
422997
424312
423439
422952
437474
423034
423125
423018
422731
424369
423102
451933
423839
423430
424045
423437
423042
423248
423258
423033
438386
423512
423209
423786
428851
422508
422579
424777
422718
423336
424293
437388
423977
423689
423229
422869
422838
429467
423307
424854
422964
423800
423748
424324
431358
424965
424417
425852
423572
423963
433603
423988
423540
424165
422828
423035
422653
430226
422890
423346
423936
422576
423157
423923
448342
424936
424369
423861
423990
423715
434695
423144
424371
422490
423688
438618
423918
429918
423589
422995
422272
423933
422924
428505
424016
422976
424197
423272
422383
423066
435549
422724
424693
423673
424180
422852
422879
448072
424867
424452
423133
422509
422789
444312
425307
423728
422249
424380
422679
422839
436243
423540
423580
422545
424481
422283
429013
423669
424304
422643
423345
423848
423160
429789
423275
423304
424330
423062
422935
423270
467312
424081
423536
424104
422843
424020
424252
423377
422980
423262
424807
422527
423810
429068
424259
423078
423032
423015
422743
423765
424196
424256
440746
424696
424505
432453
461437
440792
432893
423070
422898
423674
425411
436136
424215
424153
424634
424098
423587
448141
422824
423355
423930
424430
423081
424039
446076
424718
424656
422783
423301
424055
424973
425460
423223
438744
423647
423681
424698
436160
423086
422982
422927
422987
423833
423393
430545
422720
424203
423558
423385
424097
429135
423829
423277
423377
423884
424617
423084
435815
423520
423881
424232
434525
422621
432600
424834
423435
423846
422494
423044
424241
430217
423979
422533
423080
422911
422900
424565
433124
423209
422911
424117
422462
424256
430084
423767
423130
422816
424217
430860
424208
430680
423035
424142
422630
422709
424375
424974
423284
423151
422724
424627
422978
423555
431539
422833
423242
423236
422870
423326
422814
438652
425453
423982
423666
422426
423871
450210
424996
423338
423698
423406
423163
423941
430323
422946
424313
423659
424359
423220
423640
423994
424976
423021
424164
423223
422720
435508
424796
423957
423838
423508
424328
424218
450491
423703
424049
423783
424600
423716
428410
424554
424052
425049
424633
423346
423446
435846
423864
424481
424604
424124
423717
429116
424276
424651
424198
422872
424201
421740
447361
423550
438694
424226
424443
426890
447330
445922
425798
453554
432313
423002
423268
446851
424407
422965
422567
423867
423483
423850
434589
423506
424085
424188
423023
421912
442257
423332
424612
432620
424219
423923
424154
429470
423014
423361
424693
423867
422864
435066
425149
424153
423220
424126
424194
423538
435434
422778
423676
422900
422729
423721
423870
424464
422815
424045
422895
439159
423565
428731
423842
422782
423051
423068
423817
423092
436033
423234
422583
424228
423919
423142
430302
423494
424129
423553
422939
424065
422642
428893
424321
422701
424740
422522
427338
424694
433751
422843
423180
424206
423822
424444
428823
425356
422901
427603
423723
423825
424064
430641
423907
423875
448985
425136
423166
427176
423663
424034
422984
424205
423138
423395
455548
424300
424079
422677
422529
422472
423158
433159
424268
422792
433412
423305
423052
445268
424307
422848
422783
422665
423125
423764
431470
424513
422476
423438
423120
423798
430645
432021
422458
423305
422911
423586
423544
440207
423017
423044
422831
424285
424625
424056
423687
423813
423987
424501
423008
423074
428489
424832
424522
422601
423475
424333
423638
437560
423182
440611
423548
430161
424151
428404
423630
457259
451021
446106
422688
423253
445095
422825
423103
422851
422955
423222
429842
424552
423246
423187
461922
423888
423957
445200
423707
424186
434954
423983
423021
431961
423039
424498
424293
424235
422594
424648
454535
423511
422677
424874
423440
423338
422910
434767
423110
423037
423360
422798
424179
429830
422822
423222
424480
423903
439380
422974
435981
423106
424378
422519
423229
424053
428823
424376
423495
422968
424192
424616
423212
447072
423143
423197
423860
424367
422447
422914
435659
424186
422810
422554
422259
432256
428639
424388
422672
423066
423365
424342
423378
429871
423178
422860
422676
422859
425070
424249
423048
423275
422518
423188
422977
424254
441548
431646
422701
423626
422993
423765
424377
445634
423397
423528
424531
445532
422761
434467
422516
423371
423248
423703
423826
423233
429621
423256
422657
424254
424408
423181
424387
424873
424181
423367
422779
422504
423208
447628
431228
423573
423156
422729
422751
423286
430615
429002
423263
422582
424150
423380
423361
425314
422410
423664
423192
423032
423349
436030
423097
423105
423548
423069
422979
423565
431618
423046
438778
423709
423411
423603
441319
423347
424256
423001
424250
422720
424270
441799
422640
424488
423123
424268
423567
471056
443666
425540
423973
423650
435391
423153
448379
424916
424254
430046
423716
423277
425837
423688
424307
423124
423232
422788
423081
448151
424430
422079
422980
422576
423207
428976
423991
422636
424539
424603
423286
423910
435034
422839
423543
423594
423125
439679
423264
464206
423139
422811
422580
423755
422636
423919
423073
423731
423182
423015
423774
424460
454995
424235
422934
423089
423115
423591
424686
423091
423317
422909
424114
422301
427720
429598
424253
423984
423206
423034
423627
424073
435150
423300
423248
423397
423123
424340
422978
423719
422576
422525
424486
422803
422363
447983
422804
424266
422884
424100
423010
423098
448919
424750
422946
422702
422851
423055
429324
423688
423520
423277
423078
423407
424121
430276
424765
423034
422662
424523
423999
425092
423532
424537
424628
422986
424181
424110
448622
425469
424982
424623
424054
424111
423011
423080
423867
423382
424145
424035
424298
434946
423287
424332
424379
424155
422645
423298
430894
424538
424061
423764
423173
423974
443710
427189
423427
438989
424676
423114
424612
455699
423888
425348
423378
423458
440055
429238
423834
424600
463490
442006
426662
444362
445782
424375
423693
423575
424415
424498
429507
423506
422825
424671
432096
423317
424302
446064
423730
424724
423125
423564
423118
423191
438254
423714
423372
423008
423356
423006
435644
424949
424356
423311
423569
423537
424629
428977
422966
423114
423350
424347
439026
427918
423425
423173
424817
423603
423235
423061
435267
425059
424183
423311
424344
423034
423535
440436
425717
424076
422886
423978
423168
428367
423231
423050
424568
423571
423111
432222
436528
424915
423888
423166
424624
422404
424586
423314
423175
423023
423103
422905
423468
430391
423219
424105
423336
424122
423149
422694
454366
425180
424308
423628
423725
423618
428974
439234
424530
424702
423234
423266
423076
430006
423278
423202
424299
424770
423503
423354
423616
423653
424525
424380
423368
423171
429336
423428
424887
424385
423040
432854
422501
449116
426623
423768
422746
423041
424210
436602
423158
422921
423208
423577
425163
424111
429122
424391
425181
423425
423687
422749
427730
422665
424545
423366
422804
423985
423332
436037
423622
423601
439056
423990
423324
424746
449197
424085
423093
423460
423400
424054
428781
423800
423708
441162
424244
423490
423838
467941
440131
448832
440835
424844
423604
427534
424974
423547
423646
429340
424136
424579
445954
423797
422868
424541
423414
423693
440525
424568
424635
423089
423462
423709
424123
429770
424429
424508
423488
423774
423567
424290
424271
424282
424376
424342
423761
440542
442792
424228
422943
424541
423688
424502
423176
429404
424027
423078
423897
423527
425112
435743
423634
423723
423342
423027
424548
424706
436053
424463
424232
423692
423233
424204
430187
424020
424545
423409
423260
424583
423045
430043
424444
423608
423720
424033
422836
422926
436437
424229
423009
424053
424021
422824
429352
429299
423903
423912
423958
423173
432048
447224
440553
424411
424601
423498
423524
424352
424506
441682
624429
581478
427429
437960
423292
423396
424108
424620
422699
424363
575982
429461
425214
423706
423099
423796
459607
423070
439889
422862
424162
427390
429038
422936
422788
423296
422855
423114
423005
430216
424278
424598
423759
423737
423429
423055
437130
423139
424522
423314
422199
423066
423783
424790
422619
423311
433621
424091
423409
448883
422424
424393
422669
423746
422983
423539
423970
423253
423741
423399
423247
422986
448587
423574
422194
454414
450010
423030
422723
433429
422956
423975
423043
438314
424591
445526
423769
424403
423236
422861
424104
422489
449102
423229
423785
423122
423998
423386
430695
423288
423562
424637
422908
422891
423065
437372
423568
423376
533832
425506
431053
428522
424887
424404
423476
422947
423152
424035
430296
424134
423345
423062
422671
424250
423629
431617
485700
425222
423171
423925
423057
430986
423015
423370
422960
423141
424435
422875
439358
423429
422455
422950
424561
422701
435532
423345
423624
424327
424396
423295
422943
429668
423163
424527
423059
449098
423235
426830
423336
422596
423487
423728
423259
424227
452157
432546
422967
424400
423372
424324
423311
432370
423378
423867
422840
424302
423320
439678
423259
423249
424058
423178
423322
424131
436556
423645
423124
423337
424355
423446
429072
424775
424048
438834
423216
424036
422618
429229
422692
423453
423725
424405
422914
423498
424962
424799
423458
424206
424983
423832
429419
423990
423589
424258
423564
431009
423335
432145
423359
423774
428934
423821
423222
428248
423563
423441
423568
422934
424008
424063
430801
424390
423235
423304
422916
424557
423397
424424
423440
423476
431049
423280
425456
469563
456917
423351
423887
422657
439649
423826
433527
424559
423385
423532
424324
424275
440816
422952
423350
423355
423003
424486
423074
452293
423033
422981
423564
423429
422966
422641
425267
423103
424037
424195
424043
432434
430390
423139
423232
424117
422999
424885
422864
423609
424409
422437
423354
424125
422685
439969
425263
423949
424077
423149
423002
423283
430015
423825
423192
422602
423226
422755
424634
438900
424213
424219
422707
422949
424014
430103
423210
423217
422828
424460
422703
422905
424858
422947
424311
424356
423404
422645
441365
423175
423144
423126
422579
424414
422862
446653
428613
425203
423365
424331
447056
423502
424228
422868
422993
423048
422686
423759
436378
423447
423384
423972
423592
422422
424502
423450
422561
422752
423103
424378
423361
436911
424686
423035
440020
424364
422903
422902
436238
423346
424095
423084
423065
423296
423299
424592
423783
423158
423087
424075
424102
429710
422823
422936
423600
422949
422765
422570
434870
423570
423817
427507
423138
422956
440517
424582
424227
423910
422674
423937
423522
430438
422821
423536
423734
424108
423523
435248
423731
423562
423075
422981
423352
424221
428911
434312
422585
424637
431163
459565
444665
425435
423701
424369
423006
422569
424536
468967
424930
424370
424418
423265
423060
423121
445469
424575
424389
424111
423610
422823
435426
424941
423251
423070
424511
424290
425500
437474
423507
423858
423497
424046
424555
423632
424668
423068
423039
424192
422743
423771
447991
424708
424110
422952
423399
424352
423493
425184
425213
423242
422574
423383
423723
428119
438893
423283
422863
424007
422599
422890
429687
424928
423864
424386
423777
423895
425392
423168
423783
424425
423059
423926
422824
443317
424292
422741
422789
424423
422970
424281
428847
427249
423247
424648
424483
423401
434332
423439
423538
423421
422728
423137
422797
428975
424683
422908
424358
422778
424062
423892
423461
422915
423193
423563
423013
423976
446934
423292
422711
439796
423217
422310
423552
427972
422718
423007
422961
424280
423864
423598
422689
423116
424150
424939
423934
423545
435611
424093
424192
422814
423644
423513
424409
423292
422671
423853
422879
434480
423740
438841
424232
423583
424738
425050
426113
423619
437541
424563
423442
423233
422876
424585
423152
424259
424896
423787
422184
423938
423916
429591
424733
422892
423372
423265
440692
422781
423679
424953
423138
423102
429476
448901
459015
423227
422786
439145
445909
423177
423213
432569
423474
424313
423053
425052
425391
446487
423895
424362
423275
423005
423077
424302
445542
424369
422578
422714
422864
424518
428478
425277
423141
423365
423437
423236
424552
454352
424554
424303
422890
422936
423451
424982
424627
423048
423164
422984
423492
424002
429422
440313
423288
423130
432064
423331
423235
438021
424770
423979
423633
422489
422854
423919
423843
424492
424274
423327
424678
423177
447795
424210
422865
424469
422829
424079
423828
431155
429705
425499
423060
423091
424167
430398
422912
424804
422878
424861
423928
422912
428626
424539
423276
424111
423057
422845
423984
424582
422985
423089
423480
423009
423276
447962
422816
424130
438290
424302
424166
430009
424385
423075
422929
424013
423166
424389
436661
424265
424551
424569
425096
423539
424388
429481
424375
422846
423236
423143
422868
424464
423261
424056
423002
422986
438724
423050
454978
424722
424179
424117
423316
425006
424395
422974
423388
423347
423132
423197
422992
430213
422619
423204
423124
423168
424796
422588
435821
424886
423975
424490
424477
430740
425098
424573
424283
439916
423079
447839
443293
444308
424742
424338
422765
423761
423979
426503
424773
423970
424079
423665
422856
423688
445734
424221
424650
422764
422945
424319
422977
433218
423101
423788
423283
423174
424126
437117
424506
424132
423789
423456
424662
424392
447310
424587
422733
424336
422920
422610
423351
423274
424079
423074
422802
422823
423329
436240
440208
424958
423328
424460
422678
422942
424094
424181
422969
424198
424219
422751
429862
423558
423043
423805
422860
424770
422207
454010
443160
423085
422954
424603
422337
423777
423697
423902
433761
423042
423804
422896
429638
423885
424164
422698
423057
423383
422219
425166
424638
424214
423116
423304
423999
428672
422929
423527
422535
423293
423460
423235
451964
423465
422664
431951
422995
423769
424992
423249
424206
423287
424529
422600
424087
429805
423909
423322
422546
424393
423973
422584
423596
424317
424025
423937
423088
422636
434116
423499
423934
423173
422568
439292
422957
447656
424340
423295
424626
423374
422450
428502
422901
424172
424344
422695
424038
422989
435857
424045
424424
424039
424588
423161
422355
423951
423156
423003
422836
423755
427465
429937
423906
423935
423073
424571
422946
424672
455169
423516
422746
424422
422616
424379
450314
451402
424952
423274
424185
423597
424796
445990
423168
423425
424315
424261
424456
439577
442518
424641
423093
424053
422733
424381
446303
423293
424386
423953
424448
422590
424735
441635
423047
424060
422507
425100
422807
434226
423393
423355
422829
424205
422708
422588
428989
429045
424898
454631
424789
423486
423739
424754
423443
422931
423918
423329
423934
436377
423633
423062
422953
424218
437825
423067
431648
422947
422506
423249
422610
423833
438006
423365
422791
440117
422562
424010
423285
451404
424733
424579
436125
423017
424215
437207
423799
424113
422734
422463
424377
422837
430350
423089
423140
423821
424140
423923
424288
430415
424071
422522
432782
424546
424490
436742
423549
423549
423128
424478
423558
425150
428671
424166
423939
423042
424388
423955
434195
423832
424071
424097
422580
423585
424443
429341
424553
423953
424086
423041
438385
431992
429838
423449
422733
424127
423296
424083
435243
422986
423573
423926
423063
423805
422707
431305
424161
424022
424194
423877
423133
424520
423342
424444
424172
423326
422987
425524
436415
424848
423076
423123
422918
423574
429973
430450
424796
424415
431589
423911
428476
464634
432405
424037
423278
422829
423624
422861
432003
423083
424460
423473
424199
422740
440464
437633
423268
423914
422655
423478
422734
446403
424044
423579
423715
424291
424206
431737
424702
423886
423093
424434
424372
422977
429519
422969
424349
422628
423145
424706
424857
545460
461117
448784
423192
422834
424013
437159
424873
423643
423564
422294
426040
423075
424458
422705
423406
422558
422872
424170
447358
422869
422818
423215
512149
424264
433971
423085
423644
429313
424638
423179
422842
443853
422720
512555
423246
424070
424074
428663
424061
423281
423433
422471
423986
423079
435831
424587
423575
423659
423513
423857
422695
449024
423167
424653
422761
434609
423140
429227
423094
423125
432247
424488
422906
422447
436544
423294
422675
424292
422032
424193
423595
423249
424196
424193
422735
422763
422694
444400
422850
423220
424293
422909
432474
424892
488549
464808
462720
463466
465568
465713
464953
465384
465979
464262
463432
463734
465417
464986
463811
463297
462677
462691
497234
464262
462057
462083
462853
464009
464473
463054
461870
463167
463474
462564
480127
462757
464193
462642
461860
463591
497147
464366
463632
462280
463769
462326
477036
463328
464456
463524
462478
464158
477966
462100
461886
461793
462802
461230
497097
462434
462663
463638
462208
462395
477810
463963
462756
464314
482935
455240
457376
423171
422588
424241
423832
424230
427803
424159
427754
424868
423046
424078
422628
429430
424016
422627
422847
424208
423931
424285
423742
423076
422800
424764
422660
422835
445210
423391
423557
423173
424306
422981
422792
447364
422760
422852
440375
422697
423478
428028
424443
423572
424323
423278
422764
424190
436463
424462
422840
424021
422310
424780
423386
423655
423049
422821
424155
422658
423480
435862
425015
424186
422972
428078
427295
422698
436342
423135
423388
422740
423964
424054
424194
422748
422893
424425
423157
424367
422321
429862
423342
424259
423226
423283
423860
423123
471139
423692
424523
423324
422587
438990
441865
423933
423232
423336
422704
430647
423140
430023
423623
424119
423192
422496
424620
425925
424349
422810
422738
422383
423031
424230
430078
423552
422995
423110
424214
423163
423232
440315
424045
424475
422602
424100
422647
443930
424650
423135
423963
422636
422838
422675
429851
424374
422622
422508
423071
422905
435120
423489
423247
428313
451061
439664
429386
468332
439592
422532
424919
422711
422644
430096
423678
422864
424928
423076
424669
424005
446445
423239
422993
424736
424159
422970
422821
451502
433227
422864
423835
423865
422934
428760
424753
428615
423471
423334
422370
422778
429407
423176
423249
423985
424400
422785
425128
423441
422098
422882
422535
422728
423437
443154
423430
424181
423178
423588
424226
423353
431205
424723
422814
440105
424737
424890
435612
423428
422953
422976
423263
424326
423283
430233
422918
424578
423285
423033
423577
425642
423572
424450
423128
423263
422852
423964
448279
424389
423066
423480
422386
433382
422774
428428
423430
423194
424348
422630
423476
423271
424179
422864
422814
423332
423569
424713
437045
424754
422446
422931
424381
423647
424435
423631
423320
423389
424139
424422
429068
437979
424106
423172
424812
424047
423026
423878
436257
423006
423515
423753
422880
422876
424292
423649
424838
422890
424862
422430
422201
428999
424457
424415
423379
423047
424746
422879
441432
422399
423231
423450
422713
423238
436656
422809
423972
423166
422676
422727
422820
430132
423306
424478
423835
423347
422890
433934
423465
422740
440751
422664
424042
422529
445499
426744
424419
442862
426834
441227
441031
445428
439121
445165
424505
422607
423328
453864
423012
422923
422779
424026
423300
428639
423050
423019
423702
423947
423269
422886
445850
424255
422520
432416
424839
423697
424792
435359
423926
423686
423994
424583
423653
423721
423701
424428
423343
423104
422628
424669
448083
424079
423063
422825
424458
423281
441089
431640
423116
422987
434903
424321
424441
429665
423252
423600
423916
423332
422721
422523
429706
424530
422631
423074
424371
423956
425421
423582
423001
423117
422952
424251
422136
447965
422652
423004
424392
423971
442627
423317
422999
422771
424696
423112
425380
423957
436041
422937
424549
422755
425205
424039
422809
432110
423300
424177
422869
422985
422682
423426
423531
424584
423655
425376
423601
431837
454180
424423
424667
424376
424109
423623
423315
424227
424613
422927
422842
424243
422802
429782
423740
422934
423294
423964
424936
424618
437099
423474
423131
422539
423394
423101
429142
439423
422830
423251
423025
423930
422989
447380
423051
423436
423911
424096
424437
424387
423668
423112
422519
424732
423229
423073
430328
424275
424754
423507
422986
423825
440731
441083
426895
423378
422317
459460
439289
445554
436513
424317
423044
422760
422552
423814
448944
424031
423500
424589
423337
422488
425802
424526
424679
423424
424203
422757
423086
452246
423946
423850
439909
423084
424415
422764
424992
424490
424695
423994
424391
424421
429160
423864
422569
423610
424331
424272
423268
464390
423085
423516
423216
424318
424466
431485
424366
422832
422905
430531
423605
422689
444658
424308
423025
424345
425114
423476
424516
433153
424857
423731
422727
422583
422658
428851
425041
424352
423249
423191
423544
423290
450456
424748
424596
424105
423369
439137
424886
423816
424569
423221
424221
423566
423672
430527
423320
423985
423182
425026
423184
423334
425105
424467
424179
423813
424129
422882
435726
424261
423883
423625
424056
422851
428510
447674
422594
423177
423190
423434
424062
428515
422722
422682
423247
424152
424381
423758
435432
423336
423702
423758
425038
424389
422743
423481
423973
423624
424487
424346
424076
429650
440303
424483
424849
424356
424144
424197
456536
452996
425157
424686
422575
422936
423264
423837
424012
424030
423113
424788
423494
431063
424397
424397
422822
425108
422935
422468
424307
424774
429130
431764
424180
423616
433930
461617
445614
438975
423480
424011
424475
436619
423350
424362
423304
424235
423171
444600
423045
423021
423222
424314
423398
422918
446193
424454
423484
439076
424551
424060
435729
423977
424615
422667
424020
424149
423241
436872
424279
424633
423219
424670
423271
423610
437084
424171
423020
424566
423098
422798
440431
424153
423211
424250
428269
423216
424303
435963
434654
424474
424609
425276
423187
423644
424220
423778
423191
424126
424135
424304
429435
424156
423546
424384
424474
423237
423064
437013
422685
423247
423919
424416
439277
428722
422390
424024
422659
422986
424036
423258
429784
423516
424068
423474
423117
424124
434314
426505
423215
423542
424982
424364
423096
428867
423059
422370
422866
422978
422171
422957
442234
422406
424258
422980
423082
423228
435665
423902
424393
422863
422696
424920
425080
429095
424066
424126
422705
422868
424186
427678
423613
424380
423464
423794
424530
424670
436097
434234
423841
423019
423760
423096
425335
449429
424572
424456
422941
422805
422976
424329
423217
423763
424288
423359
424534
424375
436482
424018
422897
424086
424864
424522
424093
424655
423987
440258
424567
423209
422986
430091
434899
422870
424103
423523
424378
455253
469187
444368
450224
422914
423921
424084
442585
424930
424616
424019
423157
423215
423440
447031
423299
424340
439223
424472
424160
430158
424115
423501
424054
423425
424305
423020
430894
423620
423995
425020
424197
424911
428996
430195
422673
423682
423978
424723
425179
437335
422775
423384
424352
424790
430968
423861
427987
423723
424734
424981
424669
423673
423914
425094
423179
422394
424151
424127
423096
437004
423134
422730
424761
424096
422948
423118
434514
425199
424443
423175
422431
436173
430562
424326
424083
424258
422536
424466
423721
435454
424614
424335
423034
423705
424089
424920
423333
424072
423330
425033
423832
423456
429699
423323
423233
423368
424242
424310
423032
438537
424205
423881
424133
423820
423921
429592
422935
422989
423112
422367
423899
422907
430104
424486
422853
422848
422905
423991
433809
423687
423423
422552
423446
424405
422932
429687
427715
423917
423770
424686
423040
424409
447447
422934
423076
423848
423146
424072
434087
423421
423780
422769
423291
424578
422890
429399
424221
422542
423948
423813
423686
428840
423409
422902
438795
423131
423830
423266
437096
424902
423685
424050
423061
432787
424092
445305
425028
423738
462556
440478
423016
463958
423583
423695
424336
422574
423196
423921
452673
422489
423061
429987
423500
423482
430565
424225
423446
423119
422915
423285
424165
445891
423305
422659
424184
424351
423675
423831
431502
425085
423739
423010
422982
423289
441159
424546
423305
422930
423346
439991
423003
428457
423110
422781
423144
423665
424184
425128
422965
423837
422759
422860
423322
424096
431147
424800
422654
423142
424088
423070
423032
433898
422819
423091
424418
422921
427255
436156
423367
423030
424866
424067
424414
422704
429620
423413
423862
424458
423280
423079
424592
424152
423975
424221
423002
424032
424284
435831
424976
422368
424166
422642
423479
423186
451924
424071
423287
423089
422785
423784
428082
424431
425360
423750
423449
423170
424558
437716
422975
422810
422428
423988
422982
429298
423996
423281
423260
423875
423206
424074
429741
423007
435324
422966
423088
425035
423897
452158
424017
423468
422590
423172
422903
429960
423508
423460
422996
422961
424207
422954
429628
423345
423265
423463
422822
423064
423234
430524
422722
429853
422724
422313
424320
429342
424705
423212
424197
422621
423575
422818
448154
423661
440058
423765
423164
463347
458233
423428
423406
424004
423070
423406
424028
445360
422893
423423
423220
434922
423636
432835
424355
423413
423270
424620
422712
422803
452526
424119
423407
423665
424490
424455
423467
431174
423850
422424
422866
422707
423057
429052
424292
424062
422283
422438
433356
424433
437416
423802
423126
423147
424138
422841
423161
423771
422589
423959
425020
422761
423354
429727
423707
424837
425033
423722
423881
424270
437359
425099
424844
423883
423267
424406
444093
423870
423883
423193
422561
423967
423389
430805
423275
424588
423618
424681
424473
433910
423607
423175
424849
425093
423317
423583
429805
423202
424297
423344
423212
422543
423279
450152
423664
423406
423863
424024
423458
437289
424867
424214
422973
423372
423631
429041
430534
423392
423267
424239
424534
424512
426774
428534
424285
424142
424150
423051
423195
436993
424997
440346
423759
423332
422644
425068
437264
424793
423676
423517
424242
423835
428325
422530
423180
423044
424619
423163
422707
435542
425075
423656
422122
423579
424412
425379
424090
423915
424381
423873
423873
423133
429277
423051
423044
424881
423128
423805
425079
453639
423018
424914
422991
424675
423138
447153
422880
424757
423577
424237
430551
450738
462182
445262
448054
425286
438997
425330
444798
428340
425334
425251
424056
424172
429425
424350
422924
424399
424213
423022
441556
439650
424505
423012
423106
423272
424728
454137
423159
424022
422903
424445
439127
439173
425044
425282
423921
447337
422304
424163
444627
424921
422957
423189
424295
422855
441590
423660
423037
423701
421925
423037
422935
447420
423869
423358
422708
422855
424441
426578
425526
424172
422695
422827
423069
427707
481233
423982
424481
424050
424609
423214
422787
433983
423531
423238
423475
423893
423435
429724
423671
422569
422722
423381
484364
423624
454166
435432
424742
423093
424721
423344
429698
423444
423832
424043
423650
424322
423287
430298
423384
424022
423102
422760
423564
435016
424777
424404
424630
423272
423804
423878
430314
423184
429403
423242
423186
424323
422764
454627
423357
423184
422827
423161
423182
423928
423628
424320
423259
422535
423210
424164
430028
424387
423222
423082
423027
424228
422704
423979
423089
423480
440325
422719
423045
434577
423601
423525
422679
424984
423605
423472
448672
424630
424600
423314
424484
422769
424264
423583
422964
422454
437158
423269
424502
443411
434924
431247
439725
432465
423393
437508
424752
424365
422880
422656
423596
423370
445343
423135
424201
422857
422661
423201
423234
438413
424721
424389
424142
424023
423181
437087
423347
424329
423971
422975
423918
439141
430490
423476
435983
422783
423836
423800
429639
424460
424298
422669
423443
424647
423232
429700
422747
423095
423363
422955
424971
423022
436447
423186
422753
424454
423309
422452
436572
423441
423486
432660
424729
423862
423051
429553
423345
424673
423026
423346
423234
429602
422677
423043
423443
423146
424090
423061
450347
423078
423202
423215
424456
422763
423330
437281
448676
424851
422183
423299
422746
430148
424816
423438
423039
423011
423266
423839
435600
422912
423458
423092
423642
422933
424169
423012
422796
423262
424652
422627
423025
429699
422716
429203
423052
423772
423079
423248
453513
423670
422750
422715
424730
424308
428563
423295
422881
424436
423407
424140
423614
429425
424337
423587
422713
423124
422783
439120
458628
422947
422921
438848
423308
424335
429206
422831
423044
423715
423058
422853
422611
446566
424666
422616
422973
422638
423885
434876
423648
424518
423991
422833
423137
423728
429475
440450
423835
423333
422999
460790
442760
439820
422827
423324
424703
422732
423276
451949
423426
423090
423135
423953
423002
423056
432963
423484
423434
423877
422777
422427
441237
423229
423130
422717
422583
424017
439037
437663
424063
423765
423116
423916
422609
423967
423133
422930
423598
422510
423067
423177
428585
423742
422854
423430
422607
422815
422611
437143
424564
422990
422710
422250
424172
429636
431488
422915
422558
424675
423250
422484
430198
424644
422759
422524
422799
423011
434193
423571
423248
423887
423246
424353
422948
477502
423477
423885
424370
424044
423330
424214
456939
439319
423183
423777
422697
422838
436525
424486
424001
422323
422977
423850
424007
430225
422645
424290
424539
423146
422562
422419
422970
423711
424045
422920
423487
422782
435260
424571
424032
439096
422261
423062
422466
437789
422791
423109
422140
423383
423043
428230
423423
422394
422498
423180
423795
423597
435466
423266
422989
423014
423904
422297
428843
422397
422842
423679
429876
423465
423113
429375
424360
423251
422904
422573
423058
424272
453880
424898
424252
423516
424853
422836
424179
423093
424447
423922
424486
423434
423775
430720
424871
424409
423008
422930
443402
436668
425074
423932
422865
433718
451177
424159
459442
439842
440360
422490
424106
423223
423331
432207
423515
423804
422654
424357
423830
448349
423701
423394
422994
423214
422946
433787
443548
423969
422449
422805
422673
423382
430874
425100
422202
423125
423272
424691
423407
436662
423693
423408
423139
423871
424295
423309
434571
422615
424501
423620
423126
422813
428954
440724
423070
423447
423123
422678
423134
437571
424750
424148
422770
423263
422685
435710
424903
422707
423006
423192
422973
424149
430580
422661
424662
424008
424426
422981
424238
435790
429947
423662
423891
424951
424258
429513
423291
422836
424163
424308
423534
423923
430344
424014
424187
423317
424480
423601
424570
424167
422390
422894
423170
422937
423446
430313
422826
424138
438929
422691
424509
422901
437167
424295
422630
424501
423384
424191
435042
424530
423638
424130
466077
423785
422974
431785
423440
424566
423411
422504
423451
424477
424988
424727
423802
430176
424504
423605
438878
423706
422740
423671
424678
423503
423011
434881
423807
424550
423183
424575
422370
429677
423621
423650
422573
424396
422755
424801
436849
424202
423838
422969
422978
438887
423547
424914
423177
442027
422937
444160
447730
445448
423572
425228
422992
424188
463304
428476
423630
423809
423290
424083
423735
422864
448063
424594
423347
423958
424633
422927
427965
427436
424421
423088
424817
423143
423205
436101
424729
423605
422960
424507
423205
423968
429924
424466
452013
430655
423843
423035
431139
424593
424007
423605
423927
423973
446524
437991
439097
423102
424457
423018
423447
425581
424469
424627
423133
424595
423211
423417
430286
424052
423008
423244
424707
425017
424011
436534
424225
423828
424294
423308
423112
431340
423659
431481
424220
422877
424507
424469
429586
424376
422763
423248
423058
423740
425138
423213
423478
423758
423060
423153
423249
429329
422343
422593
424044
422984
423433
424006
432881
424299
423906
440127
424507
423553
429158
425484
422921
424226
422686
423184
423155
429526
423803
424068
424632
423199
425076
424692
424532
422911
422930
424513
422918
427064
435746
423810
423940
423712
423335
427883
423827
429210
423573
423750
423474
422438
423135
434855
424849
422920
422661
422860
425013
423053
435993
423179
423463
422689
424235
422700
423948
424040
423737
423916
421765
423311
434641
428247
423583
423825
423367
424538
425018
423072
453619
423203
422940
422605
447333
451573
459549
428511
427166
424661
422645
422729
423519
445516
424097
423190
422681
422787
423661
442532
424434
422923
422935
423073
422316
423536
446227
424278
422924
422850
423248
424093
422993
423608
423050
423241
423008
424629
423569
445238
423435
422618
423001
423904
423504
423340
429882
439218
424375
423041
422896
422407
428362
425239
422698
422948
422733
423189
422595
437137
423404
423435
423428
422541
424398
422989
429737
423513
423099
424091
422814
422857
427726
424867
424808
434480
423208
423033
422901
437173
425034
422760
423031
422891
423043
422939
424879
423951
422138
422787
424359
423455
428859
423282
423517
424009
422758
423102
423460
436562
424725
422942
432353
423451
423454
428220
422962
423262
423018
423196
423076
423388
430431
423202
423711
422566
423478
424557
424065
424160
423449
423389
424041
423773
423320
429111
423208
424616
423107
424763
438579
424543
428847
423339
423696
423587
423463
423495
441593
428253
423106
422857
423712
423134
422760
432273
423676
423939
422305
423108
422627
424036
429869
423957
423217
422198
422655
423689
429356
422854
423107
423197
423158
424141
424340
430099
423046
422738
424160
438402
423236
425781
436431
445548
441640
443457
424296
424503
451945
423975
423372
423182
423465
424007
422905
444223
423026
423297
446437
422846
422600
444613
424155
423691
424324
424419
423108
423009
450353
424762
424372
422522
422662
422477
437293
423293
422534
424374
422577
422598
424312
430500
426299
423361
422899
422448
423166
425487
424047
422829
423719
423998
423933
423728
429811
424380
424505
422964
423088
424056
422593
429381
422561
422254
423869
424003
424372
428389
424068
423532
439267
424105
423356
424278
428093
423305
423724
425127
424792
424391
422997
423439
422972
423677
422890
422763
422948
435530
424835
424205
423990
423377
423172
424095
430686
424936
424567
424856
427798
424546
427859
424274
423380
423948
422286
424157
422867
436610
423855
422803
423623
424679
423855
423634
425929
424329
424382
422669
424265
423788
429494
424599
423534
422842
422726
436472
423496
435938
423179
423321
424712
423831
424523
435212
423561
423349
424193
422754
424577
423789
429748
422589
424263
424198
424367
422687
424114
434305
423335
423107
423361
423979
422823
445866
422888
423078
422698
422483
424288
422793
430136
424622
424435
423284
423029
423195
424525
432884
427969
424249
449083
440038
424286
445019
422785
422440
424901
423633
424008
423108
445894
423605
423312
422867
422994
422908
446867
423274
422336
422762
422995
423936
424187
446874
423565
422920
424398
423917
422833
427540
423783
423143
423513
422897
423860
424490
435567
423487
440209
424248
424453
423109
423230
424081
422945
425143
423663
423020
423314
429669
423144
424576
424196
423990
422920
422356
435061
424465
423790
424788
424441
423305
426325
424838
424211
429553
423499
423207
423178
429574
423548
422922
423990
423883
424602
425034
425319
424326
423501
423145
423147
422748
428801
424938
423843
423490
422976
423257
424555
429774
423023
422468
423179
440004
423071
441435
427673
423387
422759
423746
423115
422352
429729
423339
423838
422896
423240
424477
422592
430007
424481
422794
422961
422756
424164
425575
424827
422569
423124
423137
428018
428861
430233
423280
423587
423674
423107
423192
424233
432422
424574
423064
423697
423434
422625
436845
423620
423239
422970
423126
423201
422521
431428
423977
423723
423499
423653
424376
438745
424718
422516
423255
424006
422863
423259
435290
423587
423093
424475
422667
422980
422679
437230
424931
424280
422509
422669
437322
436430
423343
422598
424282
422846
422953
422686
437042
436807
424678
423031
422366
423318
428913
423265
425045
423991
423916
422655
424002
430004
447208
447170
439532
424221
422981
439677
431466
423255
424372
422574
422835
422912
445552
424518
439357
422522
422941
424731
422718
446106
423794
423136
424408
422679
422452
429499
424673
423354
423398
423953
424017
423083
430743
422975
425068
424340
422869
423398
430437
430286
424359
423313
434806
423753
423957
435168
423809
422981
423309
423468
424114
423582
429040
422901
424294
423233
422168
424108
423194
423686
423509
423955
422842
422809
424498
436241
425007
423531
423579
432040
422962
422754
432881
424650
423903
423279
422902
423515
429040
423252
422626
422687
422785
422907
423130
437040
423377
422848
423278
423011
423988
439179
423067
423146
423602
423340
422751
439997
429769
422934
422474
422783
423131
423364
424540
434965
424220
422872
422764
422369
422872
429814
423305
422999
422194
424538
423509
422451
429069
423026
424200
424294
424154
422537
430598
424795
422808
424231
424402
422548
422783
430079
424380
422016
423094
424362
424433
422618
447420
422934
422954
423516
422651
422242
434615
424590
422643
437926
423729
422430
422207
428815
438662
422519
423007
424199
423828
425482
433259
449792
440355
430849
424110
440741
452382
423237
423451
423707
424185
423101
425237
429674
424121
422962
423835
423377
423418
445019
423439
426613
424177
422884
423198
423477
451219
423033
423947
423130
423078
422573
428456
423069
423358
424326
422789
422199
440507
430976
422651
422856
422820
423200
424513
425089
430114
423067
422739
438598
424612
424640
429985
423691
422992
422601
424518
424226
423012
429535
422763
423183
423627
422965
424457
424225
423054
422928
423377
423985
424136
423036
428789
423379
422956
423246
425914
426772
429492
428545
424435
423635
423955
423375
423149
434839
423341
423419
423022
424053
422796
422943
432328
423316
424075
423057
422210
424493
424135
424251
423060
423150
423311
423861
438601
436247
423753
423161
422749
424135
424026
423195
433595
423224
423042
422802
424349
422663
429205
423970
423079
423972
423339
422989
423761
437776
423115
423586
423191
422832
423194
428428
439387
423039
422961
422574
423176
422711
430596
423624
422763
423150
422842
424412
423316
437949
423604
423326
447111
424855
423047
442073
423283
423962
422902
422430
422709
422915
449823
436865
425605
452171
445881
437394
447354
423103
422796
422820
422778
423049
424169
447424
423372
423564
422931
424171
423214
428406
423156
424956
424426
424046
424305
422746
454104
424801
425320
422890
422811
424024
430502
422862
423412
424302
422795
423402
423436
429852
422548
423240
425080
424072
422929
422903
436852
422864
422939
423612
422990
423466
428106
424793
422864
424306
438925
423235
422622
429800
422933
423194
422104
423593
424405
424569
423599
422943
424028
423070
422435
424398
429184
423173
423620
422976
422938
423013
422977
428705
422730
424292
423202
422786
439353
427334
424828
424681
424181
422760
423690
423991
430087
423918
422820
423028
424685
422780
424150
423606
422419
424573
422518
423651
423638
434332
423403
423050
424562
423192
423002
428207
430713
422851
424625
424412
423235
422853
432452
431849
423311
424539
423331
423346
423928
436338
423016
422757
422816
423059
423191
424703
430239
422976
422799
422803
424902
423254
423182
439411
423209
423939
423511
422827
423031
437412
423251
424575
423026
423251
423027
422949
434642
424012
423963
422969
423408
424418
428912
423933
422508
422696
423606
423100
424542
435766
425548
423150
424553
433033
423103
423049
422630
423517
425902
435416
423160
423281
461832
450014
444147
422623
423625
423263
429503
423667
423502
423252
423810
423421
423163
446701
423207
422691
440207
423547
423818
425752
423134
422892
423231
423552
423420
422985
452943
423835
424316
422499
422913
423703
424279
581702
426171
430189
423107
424580
423053
448946
423302
424744
424083
438696
428837
425415
423346
423293
423185
422651
423977
422512
430211
422697
423116
423948
500058
424134
428491
423683
424066
423207
422933
422786
424387
437403
422888
476800
423175
422347
439583
423996
432268
422815
424348
422212
424179
424514
428050
422731
422740
422874
422249
423180
423396
437609
423375
424196
423915
422648
422469
434445
462375
463248
462018
461532
461492
464447
461871
461220
423690
423303
424302
422412
455012
424609
422158
423454
423618
422766
428711
422383
423111
424170
422751
423120
422526
428584
423797
422611
424107
422739
423826
422523
438044
428516
423912
422738
422967
423617
424521
422970
422958
422244
424322
423055
423661
448091
423728
423857
423887
423293
422532
423146
433256
423823
424829
423283
424072
424111
429114
424114
438908
423189
422960
423456
422692
429056
441673
422944
423729
444842
445990
457636
424921
425011
423627
424241
423718
422582
449226
424569
423057
423144
423066
423261
429221
423203
424856
428230
424290
422633
424153
452752
424721
423391
424270
422591
424208
423516
423132
423993
422891
424083
422544
423016
442797
425605
424013
423782
423041
424123
423888
455109
423150
423652
423291
439124
422602
427934
423267
423728
424264
422450
424010
422609
428993
422268
422799
422798
424346
424107
422617
422678
422964
423023
424380
422908
424005
429522
424628
422729
422594
422833
423780
432349
446413
423172
424003
424732
423930
424116
423567
423379
424045
423059
422539
422277
423194
429099
422494
423105
423079
424189
422924
422830
424175
423460
424554
422574
423053
422405
445166
424476
423046
422558
423693
422759
423518
447927
422869
422844
423160
424090
422301
424848
423289
422466
423249
423960
422419
423287
435514
424373
423274
422418
423857
422986
422583
430074
439106
423470
422793
422655
422528
423243
423281
424494
423426
423221
422444
422632
454185
423337
422776
422974
422988
424371
422765
424034
422685
422712
422458
423637
422850
428821
423301
431815
424439
423007
423858
422216
436303
423741
423886
422926
423928
439752
424316
423972
424061
422767
424112
450120
438045
463550
449293
451467
442476
423183
422725
428261
424573
424448
422530
438795
422872
422950
444164
422740
424162
422927
423421
422861
433000
428419
424754
422718
422487
422853
423612
436413
423588
423818
423127
422649
424000
422640
448701
424177
421808
424268
431085
424101
423443
423427
423389
424517
424304
422979
423024
435639
423540
422942
422674
422588
422718
424177
423789
422743
424129
424031
423832
422777
428072
423045
424137
427260
423327
422480
439940
452161
424300
422805
422926
422582
422507
424621
422961
423874
422737
423606
423689
423124
429477
423798
423208
423134
423480
423014
424185
433868
423343
424092
422810
422719
422646
436068
423720
423104
422425
422751
424170
422490
446697
423709
422623
424725
422500
422625
425307
424339
422890
423282
422963
422542
423860
428689
422579
423012
422409
423978
424095
422616
428258
440352
422537
423963
423054
423093
424642
423416
423573
423759
423765
422877
423552
448448
423135
424302
422872
422321
422777
427931
431243
424265
423147
423156
423774
424185
436771
424564
424032
432546
422548
424634
422461
428596
424097
422828
424354
423010
422835
424084
423207
423925
440135
423217
422701
425387
472566
452559
441210
423148
422555
435314
428151
422949
422821
423036
440380
423237
423978
444928
422245
423011
423808
424122
422632
441074
423375
422923
423335
424006
424737
423074
430405
422642
424057
423753
424404
423354
422432
449052
422765
422573
423109
428619
424427
425400
423169
424355
423240
422456
424223
423412
428820
424044
422791
422947
424433
423784
422773
424210
423339
423698
423876
422842
423858
433590
424564
422534
424061
422810
423473
438614
446997
424083
422457
423831
423385
422364
423877
423618
422884
424301
423698
422664
422935
435347
424280
423160
422658
423099
423130
441429
423700
423464
422792
423461
423095
423076
429365
440366
422790
422446
423151
424123
424246
455797
424804
423127
423111
423990
422551
428145
424321
424048
423969
424342
423913
423133
429178
423988
423041
422742
423179
422841
424175
434532
428920
423195
422441
423250
422946
429605
423316
424038
422361
424271
424034
422900
448090
423020
423576
422697
439385
422830
428607
423345
423051
422829
422606
423718
424122
445420
422911
422878
440000
423882
423010
422813
433865
423370
424441
422912
422922
422764
444528
423039
424378
423047
423633
422243
423186
448984
423053
422934
458384
447193
424125
428364
423420
423762
424604
432810
422747
422840
452625
423161
424820
424263
423959
422569
432339
424761
422850
423882
422163
424044
422844
445239
423795
423080
424327
422841
423566
422828
452657
423859
422790
422825
422977
438264
428489
423905
422405
422844
422949
423334
422885
429849
424503
423181
422436
422616
422540
424939
423249
424530
424117
422657
423726
421577
428867
423612
424348
423955
423437
422583
426856
446172
432515
432060
423103
423882
424214
435300
423347
423201
423568
422686
424004
424245
429306
422461
422444
422990
422534
423177
424214
422609
423413
422932
422159
423841
423547
435023
439188
422691
423588
423980
423489
422618
449509
424129
422664
424422
422617
422910
423329
423283
423925
424051
422433
422403
423307
435531
423402
424451
422594
422539
423381
422639
424768
429381
426852
422263
423378
424275
427683
424165
422757
423330
424216
424505
423818
453994
424877
422688
422718
423973
422487
430486
424162
422675
424404
422280
422676
423095
431821
424079
423879
438892
422305
423893
432833
424453
424118
422262
422734
423066
422497
434995
423423
424261
423706
422358
422723
422024
448869
424482
423693
423685
431056
422516
425095
423065
422880
423111
450904
458033
454205
448576
422544
423131
422801
423325
422754
426214
422733
424627
422775
423498
422731
423008
452324
423378
424146
423750
423318
422867
424231
446898
424125
422675
422624
422515
439549
428609
422302
422738
422834
424306
423365
422368
436759
423375
423746
422310
424436
422855
422843
422827
422826
423125
422638
422627
424084
428348
423463
423551
423053
422811
422782
423863
456597
423516
425104
422823
423784
422668
423473
422600
422901
422700
423626
422592
422842
429112
424377
423570
422381
423644
423230
423772
423937
424651
422147
422492
422860
423970
428042
429555
424140
422703
424043
424136
423461
448344
424214
423736
424691
422993
423064
433938
423214
423175
423699
422203
422509
422973
428643
422425
424642
422453
423840
422522
422896
427418
424397
437935
423141
422979
424421
465369
437427
422821
424555
423376
422732
421996
448928
424502
423669
422750
423194
424224
428357
423200
423405
424351
422803
423028
423588
435637
423582
424463
428021
423286
423445
424708
423003
422578
422893
423955
423966
422516
428452
423007
423537
424183
423572
422502
424061
455150
424625
422846
422717
424090
425703
425378
423241
431491
424568
423898
439930
456613
458756
444988
423242
423512
422827
422542
443101
424055
423314
423653
422591
423865
422491
448069
423225
424127
422526
423161
422257
422242
440481
422619
422764
423145
423865
429920
434742
423194
424412
422596
424133
423197
422854
430384
422853
423755
423065
423673
422971
428729
423930
423402
422530
422357
423120
423234
435583
423737
423876
422721
423475
422844
423756
450243
422689
422968
422683
424387
424075
423277
423033
422204
424352
422917
423757
424031
436713
424601
424017
422901
423113
422233
423287
424326
423199
422722
422716
424307
422820
429164
425093
423228
424246
422795
423652
422871
454823
423343
422966
422627
423858
422337
423319
424362
424062
423107
422359
422690
423043
429367
424193
423095
423655
422546
422648
422714
425231
424119
438794
