650349
574092
448708
447006
447945
483836
474704
473795
516143
486441
480849
472462
471578
469840
469915
471011
511463
479743
490238
667893
586884
560688
540907
532948
534944
533195
697385
691739
517432
514562
625220
776860
779507
657278
477006
473333
471537
471772
468232
469607
498323
469937
470590
469794
469388
468864
499287
471304
469083
470425
469465
469631
564005
469431
481854
470926
472239
485928
489865
506566
476848
473466
472552
507971
469407
471984
470806
470013
481730
472340
468235
471173
471603
469755
470522
475141
468634
471185
472250
471749
502103
471574
469642
470983
469777
470461
501364
469433
469980
471110
469153
478784
473045
470217
473728
469803
472097
490045
474849
479284
469753
469793
471368
479977
472606
472101
471845
471511
470261
494153
471574
469966
471559
471823
468776
470018
470727
467913
470720
466359
479612
470133
471030
472515
467902
469714
474715
470957
474383
474262
471360
469784
486802
470919
471260
470003
469828
478174
478424
468757
471836
470286
470460
478251
470913
470996
469651
475279
471813
486125
468032
473384
470246
472814
468705
474640
470902
471193
470400
470603
472880
473636
472673
473855
471331
467765
491077
470782
470245
470086
470179
474664
479945
472116
471334
471594
471165
470145
474159
471466
471397
470726
474565
471621
470567
471908
471048
471528
470633
471691
470950
472597
472119
473285
468402
498141
470947
471153
468811
471323
470367
498471
469830
468750
511944
498918
491034
471011
469879
469539
469512
473023
495189
470171
468796
470601
467990
470986
499718
475689
471546
471058
469035
470998
479790
470188
473226
472781
471152
470753
470754
471005
471022
470987
471261
484907
468772
472018
468892
468280
472437
475024
473893
479594
471947
471773
470145
471180
471429
467442
468619
471054
482158
472500
470674
470486
471124
471198
476796
471122
470318
469840
473487
470942
476021
469342
472296
475783
470782
469960
471365
470478
471741
468135
471427
470395
470333
471232
470409
470809
471802
496836
473029
470351
470920
472614
473327
500948
472215
470649
469749
477875
477055
471003
470642
470931
470225
468980
471967
470092
470466
469210
470758
468499
482313
472039
473284
469765
469914
472029
496594
472281
473907
470413
492855
478893
469912
468369
468973
470740
470605
471022
467956
470823
471225
470873
471380
479114
470179
472944
468276
470996
470784
476750
473273
472809
471062
470228
470614
486306
470584
467768
470561
470691
470401
470360
469686
471000
488383
469200
499440
507341
485344
471599
468344
472072
497111
472159
470044
470214
467613
479703
469488
486812
472023
468149
468745
485710
473437
470703
467869
474166
471155
498893
470344
471092
471654
470165
473882
467924
471535
471394
468397
471435
476006
468515
471630
486414
470615
471903
482813
471469
471050
471675
471080
469110
493122
471953
471041
470493
470606
468854
475965
470823
471101
473729
470555
469545
469532
470866
470453
485684
470039
476096
470641
469863
469833
473522
470190
478705
471883
470004
468734
468468
470432
499690
470455
472151
469628
471541
471694
472470
470481
468839
471137
482042
476570
467935
470139
470671
470990
469350
483083
469281
471258
470074
470924
472842
478592
470101
467952
470443
468610
469939
478913
469186
469203
470590
471256
479576
470410
470990
469870
470026
471205
477334
470617
473432
469876
470679
472716
477579
471505
471149
470413
471919
470670
471095
472247
470634
470704
470523
473594
481213
471414
472599
469005
471185
474829
468122
470319
468308
472513
471089
482703
486466
469892
471371
471519
471129
498051
482969
511686
497752
487009
491086
473052
492036
513024
472588
473904
502730
468669
468731
469271
470810
478089
469727
470928
468608
470053
470886
484608
470558
468905
471628
469337
470000
482359
471597
472559
484071
470315
470286
471659
471711
471415
470297
468378
471111
470871
471328
473799
469522
471431
479935
468744
469004
502119
469185
469788
490040
471398
468838
472588
486035
469600
504443
469068
470203
470775
471155
492411
470162
470933
470124
470589
471234
494398
470675
471155
470737
471203
488490
522506
470375
470275
470522
477598
479331
469747
469269
472525
468940
468272
474789
471995
468950
468595
471306
470309
545598
619566
566024
532416
566243
548858
526519
521966
472368
472039
490977
468755
471626
470393
470034
470583
472195
470708
472228
470272
470082
469762
470698
472073
469284
470358
468385
477547
470356
469298
470823
469848
468380
496798
485137
472393
468344
467992
472404
469568
466974
470441
471687
468247
468442
472199
470274
471353
468444
491207
475383
470630
471292
502398
468813
489034
511816
471464
483834
470443
469016
473066
471878
473443
470751
470098
470429
483597
469147
470799
469823
469465
468018
498335
470116
468249
468025
470061
468989
475916
470414
467683
483998
472816
475859
468264
471419
470286
469579
467525
487141
469498
468781
470176
470185
473792
477469
469849
470053
470791
470128
471312
476749
470962
471241
473048
487083
473092
471049
470253
470534
469961
471751
475798
495383
470422
470587
470599
470845
495142
468441
472171
472905
472504
470587
479887
470599
470676
471431
468727
491371
470199
471152
469299
469294
469330
475333
468508
468397
468490
468492
471068
482624
470677
470126
468502
468694
470804
493610
475375
501408
469395
468678
482480
486678
468759
472006
469102
469949
492371
470966
473191
468953
469468
468564
490520
472229
472671
470214
470017
468943
492954
468459
468990
468724
472453
474043
472381
485633
470909
470767
468267
476013
472255
469780
468877
471759
472593
475040
468161
470332
470662
469798
468263
479512
471576
486203
470920
505164
484181
469810
468985
483538
469978
469879
494389
471143
469126
470491
471059
470825
500066
470885
469720
473039
469678
471070
474978
471084
470408
468665
471568
476251
488289
471664
472250
478744
470450
482829
472291
470096
470783
470552
472310
493891
471511
469772
468854
470656
473388
471398
470310
469457
472190
470723
481345
470860
472592
470865
470857
481744
480291
469924
470811
470483
469204
470768
478538
468418
468345
471249
471112
487624
473499
468307
471745
469240
470527
482989
470859
470644
472620
466943
470376
486046
472014
471122
468731
470533
471703
482654
472312
470935
470430
471513
475801
469868
472673
468302
471127
470398
483526
472228
470650
470258
468783
470750
482027
481823
470875
470538
472701
470725
476755
472465
473277
472116
472993
476427
470487
469489
470961
470313
470395
492581
470017
477558
469149
471034
471166
494113
470770
476765
470908
468549
470101
478121
470859
468598
470644
470507
473741
470634
470298
470089
471648
471621
473011
469747
470755
473407
473504
468719
492658
471624
501014
489206
470897
470332
484386
471417
469973
470298
469015
475861
471861
470076
472693
470966
470819
490391
471104
470491
471582
471576
472479
500203
471733
470070
474703
467378
473378
471515
471050
470248
470549
470317
475084
472319
473013
470289
471695
468323
485332
469119
471752
471594
471002
469894
475174
468697
471382
468130
473931
477275
472031
470377
470217
470394
472843
471446
470436
471797
473195
470308
468313
494627
471964
471275
468237
473368
484535
424446
418278
417863
415191
416006
417926
420523
419813
418424
417518
418101
418131
418404
418462
418028
418018
418229
418053
417533
418305
423281
418130
418702
418238
418488
417150
418058
449610
418954
418620
418586
418476
418611
417955
425064
434729
418533
418595
418967
417099
419364
418035
418389
418004
419073
418982
418859
430092
418825
417979
418366
418081
418420
417398
423362
418705
416537
418432
418681
418008
418462
442390
416477
433531
418215
418063
418370
418436
419273
416136
418534
418693
419043
430003
418611
418479
418318
416758
418411
417227
416041
423384
415405
417797
416616
417831
417725
417853
430038
418167
417667
422461
432723
417707
416832
452465
434422
443413
418138
416192
418164
425887
418983
418444
415767
418829
418664
418389
437356
418957
418640
416601
418597
418190
416886
446468
418569
418661
418430
417987
423270
418251
437102
417947
417891
417932
417294
418261
416133
428662
416825
418286
417820
415769
416250
418289
416153
418380
415893
418554
417443
417768
422476
417939
418760
417609
417657
416848
433654
430977
416359
416630
418778
418150
418617
418855
420584
418391
415209
416907
415496
417251
416904
425294
418021
415458
416328
417867
418015
425205
416660
418041
418228
417911
417700
417979
430857
417784
417025
415644
415953
417358
417043
422450
417734
415838
416066
416618
416501
416952
425528
416886
414948
415504
417257
416911
416738
426336
416428
416726
416699
416693
434724
420198
416961
424992
417268
417906
415654
415123
427102
418023
415991
416804
416714
416524
416372
421522
417593
417960
417881
418076
417832
416222
422560
417892
416366
418370
417622
418173
417926
428668
416048
433304
415391
416384
416248
423508
418052
418337
417640
417907
418213
417606
423886
418406
416242
417848
418246
416371
418171
427206
418259
417471
416408
417734
417607
417463
423397
415157
417138
420871
416785
417894
423089
425868
430405
417062
418272
417236
417064
452767
454727
435176
416875
433079
417875
415925
438937
417957
415263
415690
415170
431595
417006
425950
416228
416375
417345
423158
416863
422480
418127
415812
415762
417296
418089
417334
433240
417576
417577
417433
416194
417196
416921
423489
418147
415843
416268
415564
436300
415378
443677
416565
414877
416075
414649
416591
433560
420493
415346
418048
415534
417675
415455
423507
417555
415638
417250
417219
417504
417201
444027
417851
416930
417358
417446
417104
417230
422515
417388
415296
417168
416997
416920
417705
435944
417062
417890
417301
415809
416854
417160
418082
415921
417658
415859
417345
417915
417767
414526
415675
415254
417300
414365
417366
431981
414915
415578
414059
415704
417385
417460
429096
415594
425278
417548
417696
415853
415240
421101
417355
417268
417586
416850
417295
416272
417378
417202
417083
416352
417152
417822
427806
417506
417227
418061
417218
415500
416888
434313
417307
417583
433797
416948
417383
416446
421989
416095
417265
417728
416632
416719
417075
427901
417600
417046
417687
414528
417232
417286
416952
415442
416933
415667
417474
417443
421966
417141
417436
417477
419666
417074
417977
438731
416593
416597
416667
415139
416756
422644
422010
416186
414857
415774
416305
416434
416394
421462
416333
416718
416267
415946
417473
416671
426907
415445
417349
417343
417290
432586
422644
416928
416172
427566
445143
444258
439615
450045
416854
417141
414789
414743
417205
417392
446688
417951
417504
416628
416555
417743
417523
427847
417835
416955
417435
417242
417236
434611
417896
417708
417264
415243
417681
417520
429327
417583
439128
417146
416792
417500
416790
443444
417117
416688
416448
416667
416313
415675
439724
417361
417944
417626
417219
415674
415521
424261
416784
416194
417066
416252
416841
417482
417326
417230
416344
417322
417433
417481
423314
417105
417342
417017
417352
416422
417286
447635
417534
416645
417329
417662
417230
415479
421974
417299
433347
415571
414588
414887
416651
414943
412937
416800
417060
417367
416966
428213
416326
415315
414701
415434
416002
416821
420895
415230
416287
415199
414151
414268
416184
436479
415635
414566
425739
415421
415604
415837
428619
418204
417366
415496
417785
417259
416648
422325
416667
414791
413796
413926
415149
414594
414816
414707
417023
415570
416002
415351
416363
414766
417392
414954
414562
431537
416336
429004
416626
414817
416795
416422
415066
415778
421129
414722
415489
426178
414443
415643
415754
428577
427850
434104
428595
449922
439743
420206
414148
415642
413953
415058
414902
430391
429720
414555
414341
414451
416441
414790
414666
446155
414015
414776
415187
414846
413309
414929
439236
415656
414818
417700
414872
414812
414769
418668
415209
414623
415220
416587
414657
434013
417726
414859
414191
415932
414351
414881
422395
413768
414933
415035
415571
417681
414785
433042
416581
416571
416270
417159
417489
414244
427774
415903
414906
417211
416365
415775
415795
420984
432162
417486
417549
413999
415566
416066
416914
414456
414335
415836
415954
417355
417991
414933
417517
416046
414424
415279
414715
433841
416188
417688
414782
415831
414085
413637
420975
415687
425386
414968
414789
414859
416862
429386
414951
416098
414717
417598
417269
416568
422642
417735
417330
414631
416845
416032
417425
416796
414524
414397
416807
414923
414866
418712
414137
414889
414623
430660
416714
415054
421509
416883
414468
416653
415907
414468
414839
422409
416199
414423
415160
414577
416388
414800
427417
416494
414536
414752
414639
414647
416759
419827
415744
415270
415621
423984
417146
416820
421002
414621
416373
415112
414887
416072
414488
413647
416003
414794
414680
414349
414738
438735
416856
416398
416578
414880
448074
439225
443143
441213
416633
413068
416281
417847
416627
421371
415421
434123
417491
416405
414728
429536
415647
414440
415791
415672
415269
415700
438603
417243
416902
414447
414038
416819
415782
428984
414844
414607
416297
415793
414841
416282
437877
416279
414269
413503
416256
414480
416485
415076
416130
413387
414742
415143
414530
433053
415487
413230
414906
414600
414955
416181
430863
415530
416732
417069
415782
414709
414196
422428
422403
414686
414822
414779
414510
416191
428229
415395
414759
414751
414880
414915
416074
420770
415508
415598
415876
417177
416429
414840
425189
414569
416388
414391
416436
416271
415230
415408
414815
432941
414792
414569
413518
422916
417013
414616
414379
414946
414363
415929
421769
416871
414747
415110
414460
417525
417058
427775
417893
417733
416437
417255
415870
417209
437955
418020
415641
424144
415020
414783
418398
414631
414925
414973
416612
414532
413286
415428
415277
414484
414437
416767
414519
414841
420655
416452
417081
416303
414633
416168
416609
423025
417682
414549
415245
416029
431687
415877
445619
417858
415635
414547
415888
414568
415797
417751
415600
416118
414715
415587
416949
416130
417099
417933
415533
418549
416071
415912
448693
414471
416450
417634
415745
417136
424682
425237
446441
423233
425816
414534
416387
414815
440091
416321
413444
414699
413806
416312
432951
420162
415490
414691
414768
414724
417000
418779
414750
417095
414533
414620
414957
414288
438800
415177
414905
416192
416708
414833
414085
551463
459879
421401
452904
414971
417518
432223
416453
417643
414873
415027
415517
418891
420614
415618
415567
415900
415610
414654
415402
427666
421247
416643
414980
501054
414738
415871
414009
415701
415192
416045
415552
414126
415621
415648
420007
454141
415404
415998
415785
442796
416092
416324
415524
415477
415786
415874
421859
416041
415658
428002
418163
415670
414717
420581
417440
417665
415729
415567
415970
417592
415727
416187
418759
417334
416176
415766
415904
415620
415845
415891
418163
413584
414305
431853
417873
417063
415447
437664
415424
415483
428027
416846
417463
415896
414938
417306
415857
422583
415974
415854
415517
417664
414784
415537
417666
415438
415703
417351
416972
415315
428136
415725
415771
416814
415418
417012
423199
431638
416505
415630
415649
415077
414589
415354
420790
417065
414346
415924
415335
417579
414257
427640
414957
415772
416147
415770
415056
415740
424187
434848
415921
416213
433869
440254
455607
421631
416801
416942
417661
415926
417033
445137
414594
415700
415245
415451
417039
415880
440438
417423
414943
417348
417185
415450
434024
434094
415104
415688
416737
415816
417081
418786
432225
417227
414281
414979
417022
417116
429726
415795
417274
415739
415761
417546
413618
439348
414125
417575
417401
414690
417182
415739
448254
415263
414952
417729
416215
414851
417149
421925
422500
416169
418118
418179
416873
416114
415010
416037
417269
417582
417072
415892
426508
416582
417658
415886
415307
414324
415745
440603
417533
416076
417423
417325
415084
414445
428574
417391
417551
431767
416492
415823
417408
426349
417730
416164
415643
413945
417567
417224
414393
414464
415818
414853
415444
415690
414835
414579
416293
416634
415766
416276
415414
437394
416100
417572
413558
422076
416233
414277
422703
417751
415899
417392
414355
416885
416732
421435
414413
416279
416534
415570
415252
414755
418174
417497
417364
415683
415206
413931
422304
416780
415405
417582
417127
417251
430485
432050
415749
414326
415036
417369
415274
417442
428117
415805
415906
416439
416157
417816
415959
420870
417622
415991
414664
416936
415251
415874
419979
414141
416084
416539
417399
414772
438444
415645
415726
417377
417360
424300
417323
429378
441567
441538
431691
418123
417183
417213
438737
415558
415612
416269
415353
416515
415630
444665
417114
414915
414773
413978
417501
415078
426462
413891
415016
416986
415606
414724
428632
417672
417538
435576
415846
417117
417526
445949
414672
415635
415689
416872
417329
415852
422751
414775
415680
418234
415647
415580
415924
420908
415747
432256
415884
416192
417348
429584
417922
415602
414611
415217
417138
417023
422648
415903
416158
417337
414655
417419
413830
434134
415496
415507
421341
414639
415843
417053
428356
417556
416762
426954
417136
416054
414945
420163
415393
417631
414915
414875
417155
422466
416613
414820
416343
415587
414959
415797
422967
418378
415659
414664
416944
417004
415975
432611
418381
417160
417447
415549
423651
415505
423456
417130
416890
415202
417672
414504
416523
428731
416024
413492
417497
416405
416588
415950
415360
415671
415874
415692
415423
416118
415532
415245
415671
414191
413512
414869
432213
437364
416202
414978
415726
414496
417628
414555
422313
417306
415700
415430
416156
414000
415899
421724
416067
414496
415897
417626
415547
415514
465152
456011
454798
454626
454082
454113
462877
455799
436924
433971
417177
415298
447369
442922
430521
417410
417344
414921
417290
437293
417558
414430
415894
414729
415500
416182
438458
415564
415486
417170
416851
417433
415590
438882
433582
415172
415345
417837
415523
415832
418123
415472
417353
417528
417225
413302
422546
416426
414741
414598
415702
413785
415534
431174
417382
414518
414838
415795
414790
417597
427352
417147
419132
417509
417517
414378
415172
421866
415070
414302
416898
417186
416771
415662
421492
414640
415803
417739
417470
414686
433888
423048
415737
417575
416954
414206
417751
423677
417515
414463
416939
431900
424437
456751
423826
417519
417283
417370
415794
414020
414925
429550
417435
413692
416579
414791
415184
417729
442583
417927
414259
417198
417507
414458
420016
414993
415584
416152
416331
430510
416105
428801
416051
415803
415966
415847
415301
415770
421336
414945
415411
415858
415590
415989
415819
421421
415455
415861
415773
415906
416507
416103
425547
415795
416324
415544
415763
416619
433256
416633
415935
416422
415803
416137
415674
420146
414966
415788
415776
414863
416094
430496
427907
415020
415861
416053
415747
416248
416016
422327
416008
415173
416525
415614
416015
415881
437570
416001
415746
416419
416219
415542
419343
420547
414812
415486
415337
415061
452049
446436
452376
441247
427289
415377
415067
417803
437358
415415
415121
417388
415935
418093
417612
444789
431279
414650
415541
416207
414895
423961
415389
418003
417513
414654
417143
417643
430183
415873
415229
415871
415886
424832
417535
429979
414462
417686
415897
417131
417289
415884
422637
414429
418070
415605
417236
415340
417490
414759
414279
415454
415188
416331
417408
429392
417729
415352
414884
416446
415762
415454
433057
417573
417646
417289
417557
416655
416337
421735
417219
414905
414388
431555
417195
415786
428815
415519
415898
416277
417286
415546
415882
421581
417868
415164
415594
415191
416260
417784
415532
417201
415936
415914
415359
415502
421193
418029
415514
415727
416195
419366
417435
423288
416136
415676
414863
417352
415820
415391
422883
413964
415656
415630
417493
415715
417434
427728
415971
417585
417853
415668
417348
414692
420842
415778
417353
415494
415726
415659
441432
421601
415643
414764
415183
415601
415473
425834
415879
439206
430539
415689
416608
415935
425770
417425
415744
416332
415596
415518
417395
436594
414464
416927
415137
417627
415725
416017
425807
415788
416158
415657
415945
417063
425902
417875
414652
414979
422625
415823
416684
419925
417234
427829
442080
438372
439248
455985
442982
414134
417981
413463
415315
415470
417163
420852
421927
417156
416670
415313
417220
416563
415955
414785
417313
416859
415401
414381
443662
417676
418267
413499
415251
414711
414598
441539
417150
417278
416299
417211
415640
415179
423786
414375
415552
433636
417275
417379
415030
418031
415685
417697
415856
417616
415574
417536
416008
415444
415052
417566
415220
414517
431621
415843
415799
417347
417196
416371
437846
428639
416186
415305
414790
431417
416575
414872
423384
416575
416230
416157
417519
414869
415740
417760
417305
415510
415693
417668
415131
418015
415790
417790
416021
415413
415381
416843
433131
415831
417096
415102
417103
418254
415767
420897
415749
414189
416025
415676
415715
415606
428941
416508
415831
415697
417039
416302
415255
414829
417219
414696
414731
414579
414902
415840
416825
414891
416623
417352
416259
415266
450897
415752
414627
417732
417493
417663
415368
423590
416154
417558
414583
417346
415358
417162
422004
417236
415964
415351
416726
432455
417352
426799
418129
416684
415442
415502
414583
417451
420773
415930
417450
414396
417590
415409
421406
414138
417661
416304
417213
415423
417635
426794
423135
415932
414143
417089
415385
414535
423379
431873
452498
439510
432869
429341
444972
414857
419298
416420
415600
415886
415524
438988
416585
416368
417593
417089
413463
415667
438876
417355
415312
415550
414600
415502
415432
437825
415463
416178
414979
415123
417131
417223
417069
414550
417133
431247
415839
414195
417564
415472
415758
415144
417454
416009
417480
419386
417196
415752
415500
414313
416497
417412
447268
417945
417154
417450
417738
416975
415425
422232
415752
414103
415373
424884
415680
417694
420773
417259
414404
415636
416519
414740
418748
417869
417206
414568
415620
416104
415445
415666
417000
415354
415200
416594
415968
415663
431584
417166
414777
414876
416737
415731
431155
428733
417718
414561
415594
415612
415501
416312
421013
417647
414902
417126
414952
415581
417455
414712
415802
417140
417097
415243
415579
427951
417604
415426
415313
416551
414743
427615
444939
417605
415476
414546
416392
417318
414347
423032
417531
417479
414462
413456
415283
418031
427374
415809
417234
414434
415454
415626
415726
420285
417338
415411
415542
417189
417354
417348
417027
428361
414681
414490
415606
416599
434540
415618
415936
414420
417000
415700
417626
420947
417548
416284
417143
416780
420755
414568
422336
417493
415124
414717
415700
418226
415919
429830
437527
442604
433707
417719
415636
419075
416584
415387
415921
431655
415144
415290
446127
414455
417108
414088
415620
418075
415368
447199
417255
413547
415665
417352
416971
414368
436561
417860
417737
427702
418324
417397
421193
417299
414620
417566
414900
416241
415666
428764
414822
414876
415469
415568
417223
415357
434775
416413
417782
414614
415162
413677
415893
424313
414090
415630
416737
415859
425460
415786
426533
415003
417611
415608
415625
415830
416457
415396
417557
417096
417555
414390
415330
415599
417248
414477
414445
416145
415646
415671
438305
418029
416928
416302
415373
414412
431202
422957
415990
415292
417466
414637
417020
422845
420619
415468
417274
417604
416723
416191
414893
418583
414707
417333
416699
415339
417567
417691
416213
414129
415662
417249
415418
415475
429672
419622
415707
415326
417866
417323
414586
427477
417173
415809
417271
414484
415698
414629
422739
414310
415864
417767
417238
415376
417000
422048
416627
415600
416575
416072
415744
417536
417906
431434
417510
414876
414677
417147
418827
416030
417277
413043
417070
417508
415719
421581
414821
415697
416136
416903
417290
416797
428783
417267
416649
422349
415959
416878
427465
456676
436666
424644
416536
417663
417373
420997
416636
417651
417528
417409
415574
417935
441734
416255
417842
416666
415156
417289
415880
437952
417728
415422
416605
417602
417610
417347
422898
417309
415427
417312
420841
417548
415937
416394
431886
417431
417441
416779
416914
415673
416254
417564
415972
414664
414826
414481
432875
415696
414221
416132
415057
415461
416025
428378
415578
414458
415424
414382
433046
416724
421976
417372
416932
417558
413946
414458
413880
417687
415176
414908
416163
415586
415729
417641
416225
414612
416755
413480
413235
416589
433316
417623
416297
417140
416286
417847
421066
421934
415520
416968
416085
415304
415826
417211
427623
414298
417493
416120
415240
417790
416958
424442
415729
417607
417509
415384
415841
420698
415689
417349
414657
416229
415897
417403
421989
431037
417813
414216
415650
415874
417386
421945
416481
415222
415497
415148
415635
415502
422216
413704
415038
417455
415927
417113
417357
428855
416239
415870
415203
414866
414759
417302
416607
421982
415220
417589
417528
414424
420350
417530
416755
414537
418012
417392
414480
429094
414367
414650
417296
417808
417016
417486
422246
417387
415841
414517
415529
417185
415202
439587
417416
416399
429356
460209
441540
438542
416185
415751
416745
415933
417416
417617
430955
417550
417773
417229
415338
415625
415539
440614
417523
415503
417175
414409
418094
417833
443865
415984
415083
417136
430915
415690
415863
417317
416244
415855
415880
414016
415692
417800
415193
415731
417403
414650
417811
417689
436870
415189
416081
417411
414858
417202
415789
421075
415384
417150
415570
415261
421897
417013
421321
415293
415542
415750
417481
414878
417382
416301
417292
416847
415260
415624
415178
422439
416431
417541
417413
416242
415984
415395
429692
416442
415327
415615
417188
414777
417117
444091
417556
417349
415553
416906
413083
417281
421643
416228
415083
416131
415420
417108
416994
421032
414917
417450
416621
417351
415112
416023
417614
417514
415333
417105
416551
417621
419154
433199
415432
416135
417194
416288
415033
419915
416341
417216
415077
417196
416993
417822
428472
417477
415004
414251
415350
413559
414731
436278
415501
415359
416231
417204
415369
417369
415528
417248
424233
414325
417418
415567
421204
416315
417199
417637
416967
415896
415747
423817
417525
417326
417601
415444
415734
417525
422276
417555
417579
417502
415570
417777
417263
427701
418030
415001
433249
434829
417643
413361
417400
416250
415810
445392
445481
417545
451240
441630
415067
414356
415744
415411
416460
445767
418068
414988
415848
416635
416008
415877
437755
414279
415784
417554
432764
416979
422261
417623
417273
415841
417088
414876
416421
429641
417429
417267
417044
417622
417706
417561
439123
415964
417095
417589
417114
417430
415839
420919
415749
417549
415483
417790
421279
418469
416641
413948
417204
417527
417597
416983
423166
416634
417396
417490
415761
416033
415447
422971
416423
414643
417410
415474
417200
414377
440436
417188
417625
415914
415742
417377
417590
437971
415556
414571
415991
417291
414126
415347
423603
417457
416736
417427
417519
415482
415477
415573
414370
417256
417101
417251
415107
417854
415129
416860
417323
417483
417524
417181
433186
424080
415910
417266
415492
417163
414161
428670
416442
417557
416363
416938
415504
415364
420883
414683
415365
449589
425628
415982
415839
415166
416803
414691
417366
414147
426075
418354
418348
417584
423580
415211
414220
415259
435758
417509
417263
415863
416127
415075
414037
424316
414725
415645
415318
414424
416886
415567
428338
420454
424817
417096
414649
417505
425587
421802
414842
417608
433291
417218
415677
426571
422931
414905
424344
442951
423344
414316
443690
417739
417405
417668
416350
415605
415673
443305
415614
415261
417311
415704
417157
426872
414378
415679
417174
426817
432715
417648
436166
418201
414637
415802
416917
415599
417390
423099
417475
417283
416445
417130
415729
417692
440475
417537
415996
417812
415764
417581
414587
417727
416455
415445
416999
417209
418912
422959
415248
414565
417154
417288
415841
417802
422309
415927
415728
414530
416904
417599
414163
428253
417013
414894
414196
417181
417399
416987
441614
417850
417404
417101
414674
414465
416995
437443
417329
414301
414009
417417
414139
430278
422062
418048
415686
416537
417201
416058
422881
417203
415529
417430
416294
415704
415186
422762
417499
415393
417652
417210
415620
417181
447101
424526
414540
414710
416903
417256
417236
422357
417121
416749
417298
416354
415402
415529
416117
417397
416386
416592
415652
417509
417060
416856
416647
416233
416519
416952
416963
422788
417017
416827
433008
417249
415867
415771
441289
416625
417308
417337
417265
417381
415208
427791
415639
415483
416344
417429
415877
417750
417490
417408
417521
416915
414780
417021
415531
415689
415437
416859
431356
417178
415719
428709
416026
417906
415292
417059
441558
417663
437328
417140
415302
415265
417051
415631
419343
445397
441312
454426
454601
452745
452416
468340
452427
453953
453796
452888
455411
461500
453958
455593
453764
455512
453107
453353
415717
417565
415376
415693
415676
417308
421837
415461
415843
416565
427728
417259
417336
422735
417321
416271
416932
417351
414569
426431
422778
417515
415746
417672
417320
417533
417355
427515
417248
415931
417163
417852
417110
415439
420759
415772
415138
416525
417373
417189
420799
416363
415564
415879
417544
417322
417244
428917
423874
415803
415648
417727
416211
417431
421914
417370
417206
417523
415811
417187
415588
422720
414398
415697
417346
417100
415294
415597
417936
415520
417653
417588
416222
415576
418924
418259
431107
415826
417107
415763
416074
423037
417791
415973
417564
415192
417064
418064
427686
418137
417405
415509
415561
417750
415544
456874
415647
416140
415721
417429
415461
417535
415507
416978
422215
416855
415373
417406
421843
417577
414502
416768
417230
417269
416091
423160
417872
417568
415469
417101
417519
417380
422623
417241
414524
417270
416526
417290
417662
428294
417481
417386
415811
433125
416601
415878
417427
417469
415599
417425
418036
416738
420886
417851
416729
432984
414566
417692
417226
460374
437262
433477
421749
414321
415665
415957
438899
414542
415822
417233
418105
433452
415810
422419
415606
417017
451883
418012
417350
438406
415027
415658
417444
417516
415757
417555
440971
415936
415737
415691
415520
417329
414803
422529
417272
415340
415607
417411
415848
422498
416655
415647
415725
417120
413955
415476
416688
414889
415876
417543
416330
417598
415779
439670
415474
414652
416887
414456
415396
417331
450135
417416
417380
415736
414388
415951
416344
423035
421655
415753
415043
415797
415622
413693
414516
416065
415826
414481
417439
417025
428195
417761
417631
415542
415424
417079
415787
421838
417512
417447
415796
417344
416644
415682
439325
415456
431556
416095
415361
415932
425606
431559
417389
417333
415295
417272
417241
415544
415898
415596
417539
413289
417274
417664
417672
416903
416223
414313
415766
414466
415750
427695
417948
413565
420791
418375
414577
414577
438823
416525
416967
415341
414041
415110
417361
422785
415454
417162
417736
417856
417968
417238
427530
415393
415559
414676
417101
414223
415699
415273
417736
417012
415679
431712
414662
417789
417321
417269
415819
417171
416740
414329
437517
416226
417242
417835
417124
417597
414554
440724
415808
417289
415388
416669
417240
441374
454298
414551
417282
434754
437961
433026
421657
417466
415894
415384
417197
416111
417490
437223
415200
417108
416770
417124
415843
417531
441596
417104
417245
417621
414655
417610
415012
428239
415826
417388
414564
414589
415566
427081
417341
417542
415496
414316
417492
416748
417474
415442
416898
416079
417234
414053
417024
426849
414604
415675
417107
416617
417149
415758
441654
414924
414833
417296
415668
415543
415898
421595
433326
414774
417400
414727
415954
417626
417857
417633
417144
415942
417539
415934
416157
416084
420965
414406
415591
415421
417249
420911
418073
415887
415852
414590
416104
414397
446793
418012
425884
417404
416122
417173
415332
421561
416630
415762
415767
417236
414536
417690
417756
417548
415331
417427
415255
415957
416590
414603
415646
415877
415998
415409
417110
423175
415013
414399
415854
429629
417272
416051
440957
417851
414976
415587
416190
414041
416049
428521
417966
414524
417147
417137
415803
413368
421507
414967
416352
414274
415448
417196
423911
415830
416176
415812
415786
431482
416016
428019
415871
415839
417585
415546
415734
416836
436100
417265
415630
415508
417321
415875
417294
438554
416156
415628
415409
432864
415883
415902
427151
417349
422418
440905
433358
439262
445426
432611
415745
415932
423965
417686
414699
437104
417329
417506
417124
415494
416986
417406
447995
415031
415754
417185
415528
423928
416490
422444
415704
416170
415416
416538
415491
423725
417508
414498
417411
416902
416348
417218
429544
417407
416100
417571
417380
417368
417477
421521
414346
415785
416418
417204
414819
417056
438449
415688
417110
416928
415495
415705
417067
418197
430151
415667
415659
417304
417688
417792
417898
414573
415498
413977
415797
417532
423276
415418
417505
414387
417219
415759
415695
427237
415832
416812
415498
417314
415518
414771
439357
415625
426806
416364
417076
417285
415894
414103
415322
415351
414450
417250
417276
426874
414759
415948
414343
415739
419745
416714
422806
417340
417132
415356
415753
417030
417257
422070
417460
414697
414762
434103
415673
414367
445803
417116
415616
416954
417625
414009
415679
417528
417187
417363
414561
415796
415360
416272
417301
413741
418026
422078
415555
417676
435643
417619
415336
417395
415921
433040
415401
438131
415481
416649
416810
415362
415722
414372
439415
415314
415740
415719
414826
417029
414916
428911
417449
414508
417690
414173
416311
417419
417480
425433
415591
415901
417949
419296
453264
436277
432141
416780
413760
417321
414410
445663
417793
415264
418161
417483
415538
416939
432214
417385
414757
415854
414980
417516
421112
417737
415781
417146
414349
415693
416997
427502
424971
414255
415407
416428
416910
415400
423003
417296
417526
417094
417744
416642
415571
421721
416599
414769
414425
417960
416045
415479
446859
417809
417389
415429
415414
415373
415946
414329
430079
415939
415877
415824
417368
420064
414923
417218
416328
416911
416044
415876
429253
417723
415392
417533
414612
415785
415958
422223
418016
415420
417739
416247
415994
415725
440939
417349
417019
417991
416976
416901
418754
417288
417169
414460
417111
417324
415502
417500
417395
415243
414715
414781
414872
413284
422224
416760
417370
414653
414481
417155
417126
429148
417489
414227
415246
431569
415754
417312
438853
417684
418058
417432
416935
417678
417707
417883
415107
417564
415635
415701
417031
417595
416476
417252
415616
415372
414470
417294
422340
415864
417301
416241
415727
424730
417707
422900
417104
415605
415819
415975
414702
438762
445392
417642
417602
416037
417134
416384
417610
428404
417157
414895
417413
417160
415599
413984
415332
415828
416298
416423
417206
434150
442984
415802
417723
416794
417533
417302
417132
459977
439764
441552
415775
415289
435404
416411
424566
415358
416704
416353
414434
415912
424412
417048
414598
416618
414328
414475
415504
435695
433934
415962
415701
417272
417376
415930
422803
413441
415719
417476
415999
417437
416850
429485
414425
415478
416724
417381
416754
415892
428032
415921
417524
417392
414528
417114
416540
414608
424050
415366
417648
416667
415526
430648
413782
415029
415439
415891
414472
415773
422470
417638
415682
417064
417150
417466
417550
421806
415887
415921
415543
416141
415101
416201
430838
416182
417399
429077
414862
417087
415433
417273
417277
417240
415883
416899
417280
423323
416281
417340
418226
417048
417228
414326
427667
417852
415498
415877
415590
417396
417020
421128
417708
417601
417312
431419
417389
414689
432335
415796
416008
417535
414800
417445
426006
417399
415418
416814
417204
416770
417397
422347
413917
414304
415445
414826
416865
417530
422720
417096
416748
417099
415424
420886
420779
428309
417823
414593
415699
416743
417363
416962
439261
413452
417391
417253
415369
416768
415975
417929
415399
414706
415326
413882
415328
415908
417442
417358
414750
417629
414208
416156
438908
414630
417489
434593
417746
415757
417595
421608
417776
416816
414225
415475
416985
415730
446529
417841
417188
417155
415611
417603
417756
417575
415659
415640
417061
417154
417441
417657
420417
414121
417457
417654
416080
415582
430019
415804
417564
414276
417196
416221
415752
421978
414853
414526
417661
413757
415253
415717
440013
416395
415680
415702
416954
417414
415890
417853
417388
433092
414625
415594
416879
419561
415800
415705
416845
414768
415892
416032
422860
417542
416245
415743
415585
414989
417337
427448
417771
415797
415646
417419
415498
416651
440139
414665
417291
426769
415265
415698
415375
421547
417448
417272
417058
413679
415711
427587
417945
416783
417215
415561
414498
414652
417399
414898
416446
417061
414524
417459
415835
424954
415440
415359
415729
415319
433163
417566
445841
415714
416408
417351
417215
417566
417498
422015
417588
413103
417132
415964
415377
417654
418239
417457
417899
415043
417064
417212
416492
417720
417359
417272
417014
414665
430448
423401
417441
415485
415648
417320
417467
415840
441103
414743
415261
415729
417277
417106
415410
445854
417546
417000
416467
416258
417011
416777
415928
415676
417707
414051
414856
417277
424298
415169
415555
415641
415998
417369
415214
443971
417265
414913
447749
441656
415259
415232
437727
415057
417023
417387
417638
416447
416126
427183
415519
417194
417221
415719
415628
435149
416507
426811
417532
414287
417158
417210
431898
416136
416526
417361
415518
415492
415770
422450
417331
415111
415826
416917
415787
415401
447898
417120
417619
416037
417632
415869
417303
417069
417748
432628
414753
417120
416151
414523
416821
415690
417017
416992
417383
414539
427180
417572
417299
417553
417254
417149
417068
421315
417861
417311
415513
417791
417900
415659
439399
417653
415310
423785
415684
417413
415533
415154
417372
415870
415285
415349
414827
422340
414253
417373
414299
417031
416019
414835
450839
414440
417445
417604
417063
415578
417413
429709
415936
417368
417254
415259
431295
416143
440209
418206
415827
415945
416024
416240
414750
416337
415509
415681
415833
414721
414267
416665
415998
414419
414843
415885
415245
415031
420452
414552
414027
414967
415660
415263
424886
420711
415928
415072
415183
415907
415571
414704
446584
416567
414839
414638
417780
416182
415811
426091
417579
417108
417644
416108
415002
416134
415761
414776
415411
415043
414370
415379
416349
432044
416039
415693
414267
415823
415400
420785
414927
413684
415752
432582
415704
415735
440861
424154
437570
432310
438847
434725
416181
421281
415491
414899
415811
414657
415036
418317
415776
430950
415627
415219
415979
415354
437158
415756
414155
415695
415116
415726
415749
442595
415870
414206
415465
415089
415273
414781
439796
415696
415702
416585
414380
415532
413980
567513
418420
435889
415512
415807
415598
428869
416177
415702
414689
414680
415041
415592
422048
414653
414772
414791
414707
415421
414753
414795
414620
415477
420264
418904
414340
431232
415782
415854
415385
426072
415374
415670
422314
414840
468511
415081
415940
416003
415964
421018
415998
415699
415863
413921
415679
415831
416836
416054
415695
414348
415251
414298
415506
415658
415456
414748
414167
420493
420180
428274
415493
415729
419252
414319
415765
414804
428187
414505
414762
414511
415758
415957
415200
421574
415485
414440
416093
440975
415809
414900
436438
415542
415811
415662
415579
414876
433631
416061
415930
414958
415550
414943
414580
429448
415687
415681
416302
416129
414666
415443
439618
414752
414903
415484
415864
415514
416474
429743
417701
414225
415594
428593
417144
415368
422375
415988
416587
415423
415587
415890
414677
415087
415585
413826
415630
414293
415751
438698
419900
413879
415618
415381
419564
445405
470447
415743
414757
415774
415722
415601
416036
436873
417673
415974
415805
415330
415970
418668
416251
415690
415604
416039
415370
417808
428289
417481
416701
415655
417327
417551
415690
439274
415443
415653
417096
414325
415023
415157
429011
414110
415791
431640
415812
415754
415631
420660
415947
413824
414932
414763
416806
417027
416588
414809
416012
414960
415624
416148
417533
416932
420700
415473
415857
415791
417506
434178
417005
415631
416422
420346
415545
415449
421482
415621
415831
415889
415887
415420
415232
427440
416636
414860
416084
415808
416414
413770
424495
415950
416441
414765
415931
415441
415479
415550
413826
415604
415047
415603
430625
436933
415707
414022
416011
414187
415264
415308
422749
415844
415692
415955
414389
415331
415660
422149
416299
417620
416574
417421
416262
415286
426177
417510
415945
414254
415733
417137
428371
415826
415529
415762
414507
415687
415545
419379
415025
416413
414948
415881
415521
414374
428042
415137
415696
415851
415952
415895
415593
443324
415703
416223
415854
415591
415722
416367
421836
427016
415349
420253
421765
415859
428508
415870
416008
415618
414979
414618
415056
419523
415388
416094
414890
416100
432360
415505
422068
416089
415882
414945
414859
415313
415819
427921
416187
431594
415033
414466
415887
414945
422285
415872
415384
416494
415843
417556
415562
426469
416145
427318
415689
416813
415778
419074
420147
439006
415653
417532
425854
439653
437230
416331
415929
424917
415819
415733
415370
439124
415034
415763
415442
414938
415784
415571
423410
415896
415921
415904
415374
415697
419534
416574
415598
415803
415982
413968
416321
436789
415483
415732
415483
414592
424136
414932
428857
415681
416093
415615
415639
414285
415853
423158
415910
415473
415507
415554
415759
414809
454485
453304
453275
453980
453433
453019
468339
453185
435578
415608
414934
424489
418432
416359
415803
415158
415930
415662
415568
420032
414313
415663
414597
414360
415824
415764
428216
414308
415407
413808
415423
414877
414643
421613
416002
415243
415892
414557
415123
415524
437840
415759
415436
414668
415775
415674
415334
426865
415315
414749
415588
415042
415593
419656
416172
415625
415604
413963
415702
415309
420702
415624
415335
415736
415513
415801
414371
427325
423700
414100
415846
415641
415140
415138
421235
415872
415410
415976
415631
415793
415831
439797
415876
414381
415966
415923
415602
425620
415738
414570
431688
415083
415452
414940
414783
440323
433775
442720
436178
428868
431574
436338
414684
414569
415508
415609
415481
415561
468096
416414
415718
415621
415842
414772
419160
416270
416081
415972
415078
415938
414723
429166
416082
416190
415580
431699
416035
415417
429021
416462
414828
415709
416137
415465
416500
421364
416185
414983
416300
415350
415745
416117
415732
416114
415418
414453
415320
415495
433173
422674
415656
415302
415165
423718
415374
420238
415495
415105
415588
413931
415119
415723
420896
415318
415073
416071
415601
415645
414459
428669
415968
415622
416216
417185
415161
415573
421405
415535
414580
415304
415357
414979
432375
426478
416093
416068
416578
416430
417171
417960
417589
417115
417459
416201
416066
415397
424406
417513
415508
417278
417771
415714
417088
421932
417552
417240
415553
415021
415296
415640
444248
415904
415074
415474
415694
415619
415652
434066
414982
415490
415825
415655
415666
416738
415622
414715
415479
415625
415690
416033
416304
415787
415569
415345
414933
415305
415317
454062
431938
416905
415743
415925
415436
414088
422444
415953
415983
415911
414692
415828
415519
445332
416061
415789
415653
415879
415398
417944
417509
417684
415633
415550
415989
415609
438513
415576
416194
451316
441559
416234
415949
444689
416132
415538
416173
416237
416046
415721
438076
416085
415631
415181
414999
415689
415981
426123
414976
415766
415979
415643
416161
419674
415890
415777
415291
428210
414583
415286
422835
414708
415883
414771
415591
415994
415700
421797
415569
415347
414178
415819
415374
415250
429103
414265
415400
416464
415350
415038
415783
435166
415979
414567
414551
415929
426904
420639
414607
417479
417335
417112
414079
415194
426927
415576
417466
416739
416931
417571
416839
437045
415909
415904
416748
414326
417383
417289
422382
417341
415257
415528
417176
417006
431488
443152
415400
414624
416441
432794
435290
417114
415624
415749
414408
417420
417050
416534
421906
414654
414152
415585
415805
415981
415416
428250
416036
415908
416391
415735
416061
415832
426933
415970
416334
416085
415967
476900
629953
621776
617896
615484
621006
689284
642016
578371
614048
719883
510585
418264
413958
415293
416325
425397
417516
436901
416989
417336
415296
417448
437225
415031
416080
415839
415771
415591
415487
427071
416267
414662
415682
416088
432839
421872
415652
414422
415874
414465
413814
415883
428472
415988
414763
431703
435011
416007
415423
422456
426806
444982
433406
449121
415655
416656
416151
415614
414963
416043
415672
414033
435510
414576
415543
415768
414860
414578
415487
437138
415030
415462
415441
424165
415541
415407
438153
415423
414467
414648
415438
415620
414713
428219
414307
415690
415997
414378
415301
415793
415882
415588
415547
415958
415400
415746
419045
414956
415883
415873
415204
415431
431272
427051
415654
416031
415847
415657
415413
414263
421828
416676
415620
414179
415578
427497
415357
422258
415940
415561
415148
414769
415782
415566
416480
416090
415524
414332
415854
414626
438063
415291
415597
415805
415452
415551
415578
421354
414946
414411
415871
415165
415470
415331
427371
415039
414367
415922
415900
421554
423395
436924
415588
415426
415631
415972
415877
415691
439093
416048
415932
415830
415503
415642
419699
420838
415267
414063
415430
414177
415389
429588
414084
413873
414528
415445
415703
414676
422265
416092
416002
414376
414201
416102
415938
428718
414346
431544
414676
416057
413976
415362
422321
416114
415718
415542
415873
413538
415595
425440
415919
415834
415828
414476
415561
415476
415910
414453
415619
416577
414920
418118
420787
415870
416124
420567
415692
417249
417295
422428
440041
469584
468060
641371
483985
582845
520807
513723
498413
490180
508688
488749
489833
481803
418319
415805
453587
414572
416484
415680
418883
414973
415726
451846
416231
415795
415855
415603
415728
414232
416080
415267
415956
415661
415193
415665
415523
415507
415881
414224
415952
415620
415849
463858
415848
415811
415164
414240
416113
431487
422607
415769
414935
415622
414457
415626
414472
420823
414546
416052
415962
414396
414277
415520
417073
415852
415505
414369
415985
415230
415821
415704
414801
416048
414950
415782
415790
435367
416208
414338
414059
415527
415686
414581
427918
415751
416015
415452
416118
414592
415525
421771
416539
414292
415399
415785
415884
414730
422330
414790
415680
415495
415915
415319
416125
417047
431331
415773
416013
415514
414558
418282
416551
438336
415983
416033
415568
414614
434342
414675
415852
415307
415687
415946
415766
428409
416288
415548
415048
415522
414065
415804
422248
417334
433134
417389
417617
417276
417543
417571
415910
417087
415893
417014
415404
421739
418179
414215
415805
416594
417701
415091
421356
417500
417211
417645
417687
417577
415989
421169
417536
417299
416523
420126
416146
415536
428419
418083
417421
417849
416015
434800
416048
417865
436931
438013
434416
417340
416073
433423
414731
414769
415673
433877
415509
417165
445290
415620
415711
414540
416021
432182
414702
439339
415482
417167
417292
415050
414588
417030
426340
415883
416482
414872
415710
413551
419858
417947
414134
415929
416394
415039
416227
430462
415786
416878
417640
416635
417409
429839
422175
417731
414694
415390
415719
417124
414405
427991
415764
415033
415280
417489
416795
415963
414799
417259
417164
415528
417438
417188
422201
417089
415503
417230
417190
415390
414571
434161
422906
415897
415510
417378
417047
414780
422050
415844
415425
414240
414664
416594
416031
421865
417628
416272
416360
417792
416997
415336
428414
417466
417484
417027
415812
416006
415825
417190
431563
417759
416319
415522
417201
420938
415852
414273
417722
417216
415687
415177
429662
417979
415621
415786
415892
418022
417418
421400
414640
417663
416187
417056
416398
416747
420836
415983
419293
417567
417827
414288
417594
414845
415907
415554
417763
418050
415914
418874
414348
415740
416045
413843
417107
415490
422644
415628
417245
415868
451756
417484
415630
428774
416087
417678
415693
433198
418157
417670
423401
414076
415359
417361
417000
417096
417011
414427
416991
434413
415589
416990
416313
462733
445892
440185
415453
414540
417772
415288
439293
416174
415779
417612
415803
432131
417581
436905
414246
415360
415719
413919
417330
416815
425023
414991
417570
417528
417384
415612
416377
415438
416740
417343
415567
417530
416381
433466
414617
415852
415588
415419
417396
425031
428493
416168
415314
417112
417920
415594
415046
422533
416030
414643
417118
414443
415396
414458
417901
417360
416088
415604
417542
416361
427427
417786
415325
414549
417686
417072
415865
427623
433549
417525
416077
414706
416626
414436
421857
416191
413580
413944
416478
417053
417479
428126
415060
416249
413628
417100
414019
414197
418639
415985
417203
415448
415763
414976
417006
414520
425849
415492
415977
415968
415978
418410
415632
417401
417007
417141
415391
415232
434907
415427
416246
414767
416796
414206
416021
422132
414163
414611
416520
416365
414924
415498
427890
415288
416663
426923
413654
415885
415742
416678
415851
417479
416709
413727
415595
420977
415071
415661
416599
416268
417439
415809
427784
417827
415674
416300
417836
415670
416133
422937
417196
415120
415337
432860
417161
417178
422592
414783
416136
417181
415686
414832
415479
426757
417359
416371
416366
417309
417195
424617
416518
417807
417613
417159
418022
415824
421581
417980
416603
446436
445563
418267
416285
446033
416019
414978
417702
415486
417481
415599
439044
417167
414124
416045
414223
413925
414412
423248
416357
413758
417717
416908
417694
420973
416264
415979
416518
415843
417279
414573
439680
414383
415376
418009
417385
417613
416202
420067
417741
413929
415290
414215
415786
417287
444479
418335
415228
416998
417388
414426
416047
414626
415651
415804
417013
414030
417068
418893
430753
417246
415780
415193
417534
414270
429347
416148
417910
416398
416242
414507
416495
421198
416625
417190
417220
415346
414149
415424
421315
415257
414384
416572
417326
416406
415186
418583
417292
423742
415584
415687
417397
428277
418094
417624
417288
416398
417494
415725
420984
414957
415293
416861
417580
415429
415969
427407
417711
417849
417331
417537
417343
414933
422205
416094
415745
431506
417707
414605
415788
422985
415600
417276
417581
417538
414585
416335
423425
414495
415407
414629
414860
417017
416095
415519
414735
415573
416842
414923
417197
423599
414338
415563
415907
418462
417651
415846
428738
417586
413622
414317
417711
416065
414512
422049
414922
416325
416475
414168
415077
414417
430100
415380
414983
421920
422308
414664
416736
416451
414744
413891
437647
439142
435661
462374
449302
437897
414487
415596
417878
417667
438012
415803
416236
413322
416678
416766
417316
417092
416367
416122
415640
417617
414900
429456
415750
417372
417171
417444
415753
417505
438105
415628
416891
416890
417416
417340
418029
429336
416975
417339
415641
415823
415987
415386
421816
414114
417194
415000
415739
416344
415472
415953
414336
415878
415894
414485
415866
418286
419384
414862
414890
416060
413674
413459
422294
417753
440895
440146
415274
414950
416589
422714
416515
413106
457961
415678
416461
429362
422224
415234
415215
414721
415645
415407
422311
415888
415646
429571
415030
414696
415648
435494
415569
415377
415848
415205
415937
415391
447970
416500
415434
415667
415387
415461
415429
422339
415872
415884
419501
418802
415549
414959
414650
415195
414985
430535
413746
415891
415010
415990
415596
414280
415781
415175
415736
430935
415773
415814
415737
414927
414582
415163
427220
414612
414709
415404
413106
413838
414629
428178
414946
414586
417153
422109
414828
414387
414647
416507
415102
413590
414616
416105
416300
413459
414641
416236
416066
417231
415982
423746
417156
413171
416060
415384
415057
414077
422915
423909
414411
416358
414047
416057
434681
458569
444412
441203
430541
416296
415313
417199
418009
415929
415733
414101
415528
415487
429134
414520
414357
415757
416926
417895
415557
438806
415476
414031
414764
414947
415492
415534
453048
415291
414721
416839
414447
416542
415219
420790
415410
417224
413728
417160
415642
417144
417880
415873
415993
414301
417750
415994
415989
415886
417121
417120
415548
416574
416830
430097
418708
421288
416719
416248
414746
416596
421121
414909
414766
414934
416687
416430
414984
427324
415279
417288
414825
414903
413642
412803
415158
416423
414801
414658
414265
412955
417189
413992
414774
430447
415306
413666
414765
417904
414022
416547
438366
417089
415433
414925
422729
415250
417620
417057
416285
415099
416183
421517
415446
415473
415591
413728
416468
415255
428611
415632
416144
420137
416228
417267
414458
417362
416244
414582
414279
413305
414861
418021
416763
414648
416184
414661
416715
423401
428020
416379
415045
414168
417521
414676
415497
422068
417800
417685
415598
415574
432201
415336
422469
415968
416141
414481
417077
414604
414936
426330
416019
415279
415320
414982
414590
438783
418587
417753
415844
417394
414316
414518
420533
416295
417047
414618
416571
418806
425871
427963
420839
444952
434755
418425
415026
415318
436725
416736
416878
413592
415810
416808
421520
417071
415424
415030
416589
414455
416517
437602
417543
415670
417331
416315
416434
414712
443750
414950
417535
414492
415557
417351
415325
421869
415534
418031
417303
417470
415647
417588
466991
437618
416173
416409
416209
414856
413093
414774
414544
415022
414589
416968
417096
431110
415899
430804
417086
414274
417041
414365
431426
416171
417904
415960
413686
415336
417986
422445
416347
414115
415455
414449
415368
413946
421671
415399
416924
417484
416963
414351
417784
414972
415548
421624
417125
417043
415844
429371
417618
417551
417721
415929
415371
414276
439948
414147
416114
417757
415526
415840
415245
428940
415869
414652
415313
416442
415458
414710
423304
413900
414976
415042
431059
416427
415299
416384
414363
415077
416348
416494
414891
419663
416492
413538
414237
413169
413748
414482
420968
415726
415889
415504
415178
416988
415009
420258
415286
415689
416230
415357
422092
415766
428638
415563
417650
414722
415333
415548
415802
467047
416929
443342
498767
418470
417237
434214
415912
417255
417098
416749
415277
413977
430544
418093
415312
415504
415826
415297
422739
422017
416223
423611
415349
415529
414208
419571
448793
434334
421902
433007
413877
415148
437058
415447
414365
415808
414650
416622
416364
438805
416260
416658
414739
416398
415985
415327
436163
421552
414837
414883
416092
416189
415010
429431
414620
415978
414899
416472
416098
427991
416297
415550
415750
417169
417306
415642
421164
415797
417600
415395
415605
415712
415506
447196
415950
430846
416242
416685
414380
414860
421636
415549
415932
414801
416347
414840
416591
421477
416800
414697
414486
416377
414672
437255
416823
415031
416470
414982
417034
415490
415931
417378
417526
419068
417211
415815
415685
433668
416187
415508
414604
417015
417388
413827
429061
417826
414932
414973
414565
413920
416331
421224
416560
413828
414519
413658
415009
416346
417152
416522
415043
414747
431548
413757
426515
415889
415607
415733
415821
417161
414279
426929
415923
417024
417081
415861
415476
415293
422309
417389
414956
415365
415676
415904
416192
426717
415889
417110
414189
417119
419375
415748
421982
415918
415983
414702
414469
414707
414699
415544
414117
416398
416002
415791
414449
419716
416993
417070
416077
416888
416434
416429
422286
413578
414618
414692
416376
416626
416577
437375
416585
414656
416341
414618
416264
416381
443554
415630
415595
416529
417292
417328
415012
421468
433515
434304
417399
417466
424874
450072
435833
417638
415867
417151
417299
414299
446610
433382
417277
416182
415506
417113
414302
436736
415388
415429
414462
415534
415244
417143
427249
417309
414976
417213
415417
415865
415722
415910
417227
416727
415276
416793
415297
429534
415701
419187
417105
413151
416162
417088
421581
418030
417195
417379
414771
417191
415503
427789
417333
414784
413888
414968
414611
414985
421526
416799
415484
415873
414386
415639
415470
416649
417259
414708
430722
415998
414323
419399
415719
414457
413185
416804
415259
417074
433676
415974
416829
417627
415670
415914
414650
421986
415019
414477
414696
414844
415674
416430
426694
416474
416496
416128
422833
416377
415349
414902
414487
414439
413220
415227
414801
427775
415901
416703
415170
416239
416245
436865
426526
417862
416954
416393
417130
417390
415728
423110
414278
417581
415542
416509
417237
430419
422096
417335
416966
415706
417030
417453
416188
424964
415138
417337
416061
416775
416193
427330
422616
416351
416224
416660
416415
416188
422343
415299
414874
414129
415582
417503
415150
438454
415921
415608
416425
415748
417181
415309
421697
416734
415698
416986
432757
417763
416160
421778
415943
415880
417386
417112
415329
415711
427712
433406
439134
452520
432719
433545
459321
426881
416123
414143
448291
436780
430998
439699
415763
417312
417143
417411
432589
421519
417963
417038
416482
416025
414642
414847
430136
415164
417304
417252
415588
415651
417635
440261
414627
421315
417322
416388
413911
416477
428159
415946
415464
415546
414599
416137
415113
415894
415413
416886
415641
414885
416649
416889
425883
415704
414842
416639
414589
416541
434007
416664
416215
416192
430956
415136
416411
439287
417080
414699
416619
416319
415935
416877
436614
416004
417106
414635
416078
415897
415439
429842
415505
415582
415592
416565
415461
422756
415201
415354
414255
415623
425535
415931
423662
414773
417064
416532
416308
414360
414623
446841
416354
415272
414936
416447
414836
414881
422183
415618
417738
415400
416373
415206
414414
419443
415090
416551
415664
414690
416823
430111
416669
415073
414981
416563
414438
416341
415040
416614
414718
416487
416116
415318
417450
434165
415825
414632
414443
415749
416198
414549
429169
415866
414482
416121
416312
415957
415247
430194
417106
416451
416810
417546
417176
416258
416940
415349
416407
416131
417259
416181
418803
417753
427419
415371
414559
416794
447312
454631
441213
415060
416412
415127
415785
415793
438189
421142
415616
416922
415849
416496
416386
443631
415795
416532
417250
416283
415389
428717
418187
416744
415331
416278
416828
417437
420980
415480
417395
417215
416870
414788
415680
442717
415404
414676
431161
416781
415047
416328
421558
417384
415119
415006
414306
415165
415257
421656
415762
414284
417439
417286
414933
415295
416203
415553
415453
415794
416552
414443
416621
415029
414393
415158
417253
415979
414900
432279
414609
414956
414005
438756
415454
417186
445820
417189
415695
417188
417223
415296
416043
420954
414308
415510
416641
417391
415004
416689
416462
417022
415457
414028
417178
430428
428290
417136
414238
414603
414527
416964
415284
431577
415782
415292
416334
415708
416982
415647
421257
417042
417047
414500
414503
417284
415392
429232
417648
417299
415359
415718
415280
421771
421185
417514
414997
414376
417282
416906
415422
417620
414968
414584
415181
415547
417646
418069
418072
416882
414774
414668
413619
416098
421848
414396
415256
415814
416564
415450
417220
420964
432862
416510
416789
415498
415057
417406
427644
415298
417157
416899
414801
413678
415409
421691
417122
415624
415026
415856
432960
419022
415698
417476
417549
417293
414856
445781
452214
415667
432738
434553
440823
415669
414720
435850
415682
416239
417195
415043
416927
414343
437697
417156
417205
415803
416932
417015
420985
418069
417372
413952
417036
416348
414360
425677
414606
416764
422671
414596
414704
415161
420637
414771
415838
417113
416923
414987
417261
427961
417121
416849
416591
416071
415494
414606
423104
417127
416212
416231
416647
416565
414779
416495
415036
413649
413730
432750
416426
420538
416992
415092
416835
417174
415571
414181
421712
415215
415035
414865
414614
416269
417590
420476
415711
413687
415873
415157
414686
414605
427568
417508
414418
417180
416220
424840
416495
417249
416024
416462
414730
414525
417201
418673
419401
417410
414634
413478
417264
413992
428574
415496
416179
416181
414840
416243
417364
422882
416375
415621
415544
415152
415027
414402
439175
414769
414976
414039
416176
415206
417768
442240
415225
416569
414258
413632
416147
413053
423808
415702
415503
416477
416977
415489
417329
414365
417480
416454
414320
416320
416377
427666
430286
417122
415569
415526
415137
415541
421242
415845
415948
415293
417273
417209
417261
420646
417570
415533
414166
414498
417058
414987
444402
415722
428977
414570
413980
417242
421599
414514
417434
422263
415459
413734
416807
422455
428834
444242
440230
445211
436752
413791
445071
415862
416885
415385
415605
417068
416104
425510
415660
415896
417394
414605
417145
423212
417804
417520
415567
431485
415417
415807
436165
416193
415763
414725
417355
417613
416497
423826
416112
415461
416921
417745
417351
417049
421776
414664
415680
415367
418041
416939
414639
428109
415421
417517
415198
426285
415529
424959
417870
415870
417095
415574
414776
415514
432157
414883
414222
417189
417047
415609
416873
429213
415520
417890
415628
417541
415593
417797
422856
415265
417024
416909
414552
415511
423434
422283
419273
415724
417127
417527
415805
418675
422080
413759
414176
413457
414706
417029
424353
414766
414250
414941
416235
414660
416492
422005
414036
415852
414757
413128
415093
416784
442769
417728
414333
416931
414538
415542
416007
420523
413576
413571
416325
414742
415023
414791
430130
415088
416753
416330
416788
416648
425092
415036
414215
414622
414675
414760
417843
422508
420705
415152
416351
416710
414294
416731
421098
414787
414625
413351
414536
412995
414609
427446
415540
414970
413025
415439
416506
414925
438625
416968
416512
416786
416745
413190
420672
416297
418346
455957
431707
414817
414721
435138
415732
413712
414862
414646
415154
416660
450144
414737
414994
416305
416281
414568
414964
435640
417633
417125
416649
415281
415085
413533
431565
414099
417491
427496
415640
415872
417742
417268
417032
417026
416178
415593
415609
422762
414759
415670
416085
414636
416176
415778
427758
414731
417543
416174
415986
415079
415412
422759
415906
414207
414441
415258
428036
415607
441097
415009
415448
416947
416303
415784
415053
414349
417314
417690
417089
414428
416187
421523
413365
414456
414681
413747
415742
417273
423007
415999
416172
413388
417223
417152
432636
428192
415653
413620
413792
414399
415133
415405
442033
414816
417249
415575
417385
417146
417409
417540
415494
414173
415501
414827
416725
426698
417551
415687
417771
417334
417438
416868
420118
423283
415110
416059
415353
413825
415727
421786
415879
415809
415377
416132
416580
416961
446107
414986
416530
417245
414593
415510
416996
419590
415758
414585
415732
417637
414648
416082
415169
430469
416496
416062
414553
416468
415892
415032
418072
413967
416547
414809
413441
419852
414215
414947
415291
416465
415278
416259
438870
416275
416614
414943
414770
414838
414744
429260
415881
422496
417782
434455
415654
414001
415709
414244
419105
439049
431779
430121
441506
417533
415093
413301
416444
414875
414223
442659
414707
413774
416581
414738
414966
413138
438948
417061
416645
415110
432155
415404
416930
426706
417276
417091
417107
417329
417135
431225
416426
415669
416554
416286
414198
414945
438905
547953
446538
443081
415524
416739
424289
418078
415719
413522
416138
414191
425080
439362
416223
415279
415285
415464
414679
416105
440662
415779
415583
415761
507196
415480
415492
437181
415516
414131
419094
416338
415327
428717
415818
416440
461211
414831
415878
415964
428432
414714
416203
415683
415391
415669
415349
441253
415689
415800
415788
416128
415633
415977
451498
416217
416259
413252
482092
419738
416240
414733
415787
419851
415662
415798
415775
421656
431769
414571
415267
415841
416041
415974
428794
416464
416026
478961
417702
415932
415475
434065
415782
417378
415351
416618
413968
414479
415763
415851
417109
417324
415315
415622
428608
416027
431696
415969
415415
414595
417195
420448
417194
417735
416162
417363
414806
416058
422133
417810
417219
414176
414468
416013
415997
447211
416995
414754
416529
417158
417341
417664
417321
415926
420195
418624
416409
414447
415991
421176
421684
416759
415388
417606
415520
428129
414689
415587
451520
441240
443473
414583
436743
417752
430824
417744
415817
415367
417011
424336
415484
414276
417318
429258
416836
437932
414547
417650
415479
415592
417725
417167
438159
417830
415628
414856
417160
414100
415941
423793
415853
416043
415192
417458
417248
415970
427763
414870
417688
415597
414975
432194
426033
420623
417616
417216
417340
425142
417425
421286
417263
417544
414904
414678
415580
417379
427326
416983
415131
414557
415462
414499
416914
421486
417560
415880
414209
413630
415777
419530
424480
417737
415871
414808
415523
414384
418197
428009
415649
415461
417572
417425
423300
423160
415483
414388
416140
416880
415669
417080
422605
417157
414392
413917
415816
414394
416950
430159
431926
415816
415924
414660
417773
415929
437953
414445
413983
417625
416405
414682
417428
427574
417182
414328
415346
417169
416544
415945
415445
415503
414643
414888
417564
415885
422116
415882
425241
414904
415878
417673
415972
422673
415579
414109
415680
416535
417205
415460
429115
415601
415613
415642
417617
414376
415151
438541
415711
417519
417615
417216
415316
417489
416020
416713
417367
431113
417266
413831
429032
417078
415388
417754
415514
420874
422296
441139
455771
452534
455963
454318
455650
460527
453603
453032
417492
415585
417787
415225
446333
417182
417278
413817
419909
416510
417188
421555
415615
415757
417298
417640
417323
416620
415621
415444
415645
415405
417595
417543
415684
414343
415823
416780
414891
416268
414696
418793
417512
417254
417201
416663
415497
432956
439071
416802
414429
415029
415150
416620
416317
445595
415053
414773
414516
414782
415017
413501
417011
414463
416538
413326
415658
417317
422126
417194
416868
416454
415963
416502
414730
433717
413566
413611
415901
413219
416065
416479
440288
414858
417360
417359
417033
414071
415795
420889
415639
417059
415535
415783
416066
417327
426016
415799
416265
414836
414916
413598
414355
414944
432673
416461
414804
413790
414614
425287
420512
415041
414067
415182
417680
416969
444044
415811
415357
414280
415338
414605
414976
421820
417186
415403
415531
414168
415264
414484
421091
414385
432663
417404
416055
415894
417392
417924
415255
417219
415860
415840
415391
415166
415749
417303
415657
417313
415637
417456
431777
416972
415172
417367
416036
416016
415273
427895
415576
415365
419245
423141
417213
432758
422560
415847
417271
415549
417174
416968
415396
417892
416249
428305
417670
414489
415142
460800
436995
438695
434016
414549
414974
414949
439314
414744
415486
415668
417605
432047
415360
436008
424964
417397
416079
416980
417552
417145
422915
415404
415677
415462
415110
415654
417912
414174
415472
415110
415457
417649
415541
422658
417378
417559
414724
417252
415657
432909
445320
415965
416334
415712
416248
415761
417351
422799
417295
417171
417619
416612
415294
415404
415843
415599
415386
414545
415517
417350
427630
415945
417194
417487
416028
417380
415285
423863
420704
415290
415913
416914
416108
417316
440586
416929
416812
414726
417982
415871
417039
427379
416059
416551
415788
417499
415455
416123
422274
414821
417136
416364
415238
417462
419384
416840
433202
416362
415860
415494
416070
416474
417519
417290
415230
416701
416637
414536
434847
415198
416866
414720
415200
416637
414940
421376
416891
414957
414629
417189
414970
413432
428029
416950
418271
416628
416136
417458
415648
414493
417325
414554
415595
417363
415921
417011
417542
415016
416673
414055
416646
416645
439372
416889
415145
414890
416897
414542
414393
421926
414912
415142
414796
430641
414366
414822
422151
417833
417584
417203
416793
416480
414532
442020
415950
414488
415795
415697
417106
424133
417554
413924
416156
414898
438520
433936
450464
432505
416114
417484
415872
433978
416760
443483
415823
417581
416951
417360
414636
415892
437234
417450
415695
417266
415366
415401
423121
417992
416620
415023
415789
416197
415899
427769
417796
415899
416692
414705
415831
416561
438570
415800
415811
414889
416199
414910
414835
439654
414989
417535
414718
417202
415987
413623
425287
417498
415975
417553
414962
417471
417508
417511
415360
417121
415174
414598
415555
417671
432752
417094
416629
417522
415484
416966
442540
416174
415588
415474
415777
417347
437092
421960
415469
417649
415067
415966
417789
415637
422069
415770
417284
415927
414750
417797
417779
416349
422362
415201
416863
415553
415556
415710
414608
417078
417906
416581
414926
415670
432505
417574
415391
415290
417416
415175
415150
427126
417684
416096
417190
415066
415455
416854
421263
415854
415426
433211
415430
417282
417143
415764
417829
415665
415812
417512
416697
423713
414981
416777
414393
414421
417299
415867
429887
415679
417149
415342
416996
415657
416169
423479
416432
417050
415513
426976
415421
415049
428188
417202
415105
415842
417106
424296
414015
420431
415865
417349
417765
417138
417586
423354
416199
415665
415214
419380
415773
415357
437143
419698
439004
439610
449814
453052
452721
461579
452631
454597
451448
451319
453677
450832
415620
417740
415805
414508
416466
413358
443688
413576
417065
439352
414862
416582
414526
420950
414732
414422
414692
416175
416301
438257
415323
414539
414505
413595
416242
415435
443819
415466
414832
414781
414373
414722
416138
421398
416792
413385
416222
415224
416331
413804
420619
414740
417614
414600
415602
415933
415545
421093
415978
414981
417015
414095
415221
424887
419472
416747
415478
413996
416867
417122
421442
414066
417507
414425
415222
417558
417113
427339
416002
413550
414511
413787
415672
415261
420819
415251
432912
417754
417237
415408
417209
422248
415688
415961
415749
415427
416961
414275
425612
414412
415383
414791
415411
417447
417695
415817
416010
417441
415729
417173
416411
421456
414397
415366
419766
417516
415080
417236
428292
416444
415731
417273
415558
417144
415887
421551
417453
414845
415749
417955
418483
415910
451897
415973
415930
415299
417900
414033
416186
415944
415479
413648
415949
433471
415368
421779
414950
416153
415963
416292
414814
417010
420711
453114
426029
415465
416594
416472
415734
429539
415245
413657
415358
416616
416400
414906
427693
432110
414419
414780
435222
455647
452064
453473
417813
416735
415742
415055
417128
447052
415828
415701
415694
415307
416826
414563
440077
417600
417149
417690
417168
418187
422628
415100
417692
417218
417575
417658
415990
441313
415502
415540
417336
413896
416775
429637
439002
414989
415457
415718
