687244
491363
492049
503986
497867
493046
518687
558285
517353
625676
620569
622275
741557
643643
629073
791472
647546
623555
621901
619420
621576
623562
569633
558205
515224
517103
514746
515556
511603
514775
517407
533447
511102
565434
564608
564880
564527
515310
512152
514747
528140
515908
514917
515495
515305
520588
516092
514562
515205
518754
512873
525261
518611
516316
540985
515581
528176
517672
516353
515229
513225
535941
515343
515609
514853
517734
539792
514122
512957
515034
517114
538148
515320
511804
514742
534235
521135
515230
511842
516720
511390
541756
516582
514685
514177
511724
511742
514187
515524
515452
511638
515429
517895
514705
513068
511432
524820
514615
511651
523424
514077
520729
514596
519026
546198
534828
551462
512230
514419
511550
515699
514157
524781
513374
514725
514079
514885
531642
514613
512008
516122
515562
535093
516366
515946
515739
514269
527157
515405
516747
513314
512576
541362
516319
517282
515268
514427
520471
519481
515214
517095
515602
526168
511807
514601
516369
512696
514798
514658
515249
515331
516414
520693
514692
513311
517182
514617
531302
519393
517895
526840
514341
514883
512920
515158
515001
512652
514900
518863
514505
511361
515418
516299
525282
523235
515921
515562
521136
514513
514902
518811
518301
525929
515336
515822
514335
517985
519065
514199
516438
512972
514905
514957
559214
515064
539810
512291
515631
516924
516368
514949
520518
517288
516377
513062
519000
513989
542073
517213
514049
542216
515591
518866
514864
514707
516811
515302
520347
518141
514611
516648
513560
520168
516825
516543
514875
517389
516296
542246
518123
516584
515453
522900
557761
547517
547954
515551
514612
524482
514552
515181
516107
515669
552232
515983
516931
515785
515112
542904
514283
515963
514948
514103
545366
574782
514350
515496
514916
538337
514923
512577
514763
514330
526117
517158
523585
516045
515658
522699
515894
511491
511517
512107
520681
511026
515376
516717
515197
516441
514717
516340
514856
515743
521058
517467
516715
530688
514583
516700
517283
514886
515352
514389
515235
515407
515322
514522
515835
515845
518761
515614
515378
516006
514074
521918
514647
513586
519177
514092
543120
514923
513560
515080
514739
519089
515135
515899
514973
511592
519855
513587
515215
513860
511696
515360
514954
514789
514451
514362
525622
514807
512917
515435
512615
517021
515598
514925
514320
514314
514810
515303
514848
514964
514656
515016
532529
512293
515210
513056
514837
534140
515129
514714
514583
514321
540586
515466
512524
511425
514253
536402
514166
514598
514352
512440
517961
514639
514578
514670
514324
513127
516915
514927
514338
512712
512790
514441
511815
512835
514397
512403
514985
514453
511465
514306
514463
523364
514970
511172
514348
514135
517961
512234
520212
513731
513866
518575
514485
511452
514885
513816
554863
561987
560551
562242
558907
560410
557915
514389
513918
512281
524320
514242
516317
513501
514061
523799
514272
512795
514587
511531
519980
514803
513721
514649
514365
519489
514411
513172
514425
514583
525914
513017
514557
511827
530707
522492
510698
514575
512391
514643
517973
514821
513131
514751
514445
524215
514903
512839
514794
514789
513353
514439
512163
512160
513659
530860
514829
514818
512718
512256
514282
544314
514366
513161
514211
514312
517629
514568
514776
514801
513216
519917
513676
514510
514529
514689
532435
514780
512381
514841
511135
532258
515201
515188
513221
514142
522855
513987
514588
510831
514311
536273
514576
514875
514826
519898
528502
514575
524274
514470
511858
514703
516259
514931
512993
512334
512493
539070
512549
511711
514407
512357
536079
514882
513226
514085
513845
535126
514787
530108
514215
511491
524866
514408
515826
512676
513151
519963
514079
513711
514347
514408
519099
514425
514301
512621
513758
523354
514975
514398
516226
514054
520112
515352
512670
513180
514585
519041
515006
512864
512111
512860
515079
512487
515321
513885
513625
511257
516991
512972
511381
514129
523968
534734
512851
513323
517243
511666
527817
511898
515358
514249
514291
519184
510587
514187
514418
514969
514902
514425
512801
514534
514308
531497
515540
516033
514920
515639
523895
515074
513846
513839
511222
519262
515250
512823
515181
514062
513825
522022
514846
515611
514432
513990
522036
512702
516079
512453
514064
519276
512349
515503
514245
515815
545663
514881
515141
514398
514384
528877
512266
514636
515588
547502
542345
534561
514805
514970
511551
530863
512855
510663
512599
512317
518901
515168
515789
515870
513006
526112
512704
515678
516097
515129
516097
515761
514741
529930
525782
511580
515174
514748
514045
511797
513754
532655
512241
511155
513620
515104
524555
513114
513760
514471
512434
537101
513892
514347
530591
512173
520180
515584
515262
513031
515107
526376
514448
515384
513993
515446
514304
514163
514943
514891
514153
520525
515962
514739
514205
522233
518090
514409
514254
514883
514223
512591
522667
514290
513485
514898
513581
516143
514319
513632
514629
513702
525801
512040
514141
514000
515050
534608
512738
530570
515090
513174
537718
513168
514590
512148
525291
526834
515893
515602
514771
515827
519272
514262
511216
515936
514481
514438
527971
515519
513992
513891
513097
514818
513737
512603
514968
514484
522678
514497
514055
515325
514353
518985
511803
519003
514327
522836
560418
520549
510717
514436
512672
535232
515269
515315
515281
511642
535194
514359
514488
515553
515512
545480
515832
513947
515645
514504
519710
514538
514032
519290
515043
519756
514422
513603
514917
515359
583751
614472
519457
515781
515115
522058
511467
514804
513204
518046
527995
514196
514352
513763
515075
515148
514311
512007
564882
513143
513489
514410
513685
514179
511410
517786
514843
597906
511751
513225
515539
514398
513615
514475
514067
537337
514879
510669
513918
513908
514436
514131
515157
514923
513858
512329
523894
518106
514812
513939
514544
518244
514596
514898
512382
514312
533851
514168
514425
511714
511803
538061
514253
512468
513640
530915
524774
513253
514886
512867
513850
519986
513138
513565
513796
513991
537542
515087
513008
513678
514487
524139
515010
510520
513734
514016
513562
523288
514015
514643
510874
512054
523092
512635
514170
513484
513893
521530
513851
518504
514202
514864
545064
534421
514726
513469
514152
541764
515239
545682
531681
514414
534898
514643
514009
514003
540481
534813
514617
512300
528719
512304
541902
515406
514181
512028
513426
519986
513254
513958
513172
514590
514640
515177
513962
513984
514070
520338
515181
514233
514550
528449
519768
513593
514137
514451
514749
513018
514327
513584
514004
512238
513609
524421
511358
512926
510798
512597
518686
512442
514417
514842
522669
536267
514071
514242
513965
514188
537688
515143
515047
514093
514725
518091
514716
514239
514642
513478
511440
514757
514909
514252
515107
516986
530616
513462
512398
513719
514661
521637
514197
514569
514234
514289
514522
514076
512348
514190
514694
524162
528327
511448
514031
514766
517895
530516
513688
512504
514135
520266
514452
511314
511891
514281
535698
514393
514381
511373
511845
529185
460439
458540
458565
458668
458965
466705
459174
461730
457670
458782
474912
470291
462684
489816
486278
475684
459705
480029
458197
460666
457871
458657
458388
482059
458299
458901
460234
461232
459020
469933
460184
458053
476546
460801
464615
459905
458913
458063
460952
458779
467210
460662
460870
457743
460641
458911
458981
457814
457763
460586
460747
460789
473756
459669
458139
458303
461562
473984
461259
458114
461141
461557
457922
460483
475306
458807
458667
460726
459873
459126
465531
458190
460397
456703
458897
460641
465898
459113
460996
458120
458869
460782
493330
461328
458006
460839
461068
458468
467606
458872
461486
459666
460993
457930
463142
460072
457791
460467
460548
459979
470524
459688
459218
458138
460398
461122
469970
461367
460623
457168
460568
460473
483273
460005
457782
458298
457017
458117
461181
457959
456996
460652
460159
457857
457866
460258
458987
457644
457083
460228
457216
465955
458722
458126
457959
461915
459688
458777
460388
460383
459740
465096
461608
457298
459990
457852
459763
458254
458161
457990
460745
457557
457964
479408
465685
460353
488788
459754
460950
464302
460974
470667
460780
459206
484980
492815
469846
458636
461089
458209
459058
489181
459931
456663
458285
459324
459160
478547
458276
458015
460542
460628
457336
480078
458359
460044
460599
459603
458099
471491
460654
460464
458159
460938
457786
464732
458952
458151
457741
458066
457965
479224
456199
458976
459906
470971
457781
460412
457364
457989
457779
457245
466758
502676
458784
459730
459619
458645
460460
461169
458450
457238
457243
460030
472415
461536
458594
459834
459789
458464
480516
460602
457937
457430
459239
460147
467750
457724
460240
457251
460452
456617
470122
460192
457893
458623
456546
459983
464823
458614
461671
458874
457911
456600
467880
475308
456626
457471
460999
459455
482149
459618
458889
456209
459339
456980
465301
457683
457844
457916
457896
456717
463999
459059
456039
456254
457608
456451
471138
459570
474805
457977
456353
457146
463598
459756
457674
456937
457781
457526
482488
460051
457866
458561
459094
459430
469514
456851
457454
459400
456407
459108
463322
459695
459146
475094
457543
459695
462835
459693
456722
458909
458176
473330
469898
465828
490414
461542
460315
459734
470314
459425
458520
455829
457015
460897
465821
459373
457887
465824
461069
461416
458639
458738
458689
458190
459312
464860
459585
458089
458840
459904
460828
460221
458914
457377
459489
459616
460795
476588
459799
457159
459426
456526
462512
456487
456604
457482
456217
457961
460174
459765
457548
456087
458236
459149
455769
467490
460494
455786
458259
459728
459812
464264
457282
456937
456276
457738
459000
474978
460161
458479
455949
459136
458592
469832
459535
456861
455691
456469
459279
462196
458199
455315
455312
456636
455451
461651
455545
459654
459402
455791
457204
470868
470260
458679
458489
456392
459351
477037
459523
459245
458611
457152
458980
461892
458281
455956
456325
458423
458578
468173
457616
457791
456090
457126
458877
461632
458771
472880
459884
459154
456417
462081
458588
456922
457359
457285
459003
487674
459396
457770
455744
457247
456827
466095
459176
458526
455403
456220
458832
463545
457689
457077
474173
457326
458016
468737
459669
457584
458748
457126
458734
463640
458761
455903
475833
459247
458686
482647
456548
463466
479423
495971
459199
464586
456629
456770
456749
469610
469627
458745
456252
457199
455700
458710
467421
458522
457402
458508
458909
455907
482369
459461
455598
458619
458912
456072
467402
457571
458496
458779
459496
459241
465126
459457
458709
455997
459102
459301
471098
459356
459268
459157
459390
456032
463313
456476
458620
455552
459466
458769
464297
458735
456013
457588
455900
456373
484852
458430
459010
459501
457207
459771
479526
457478
459274
456044
456715
457285
464639
456421
457338
465063
456293
459490
469994
456741
457596
459141
459816
459201
463108
466296
459682
458713
458720
456081
481008
457250
456369
459124
458852
479428
487207
456557
459030
457359
456084
458684
478290
459071
456079
458949
456621
457465
467312
456669
472846
456620
459305
455949
466054
457676
455252
458893
458407
469479
465780
459331
459018
456056
459210
461918
456163
459206
458195
457158
456786
457434
456570
456318
455747
471434
459475
463005
457012
459254
458894
458966
459097
462824
457141
459077
456166
459121
459187
461694
473224
456651
459099
477449
479037
481845
460680
459413
458543
461099
460225
479005
457473
459143
459395
455709
456447
489907
459568
458298
456297
459265
455819
478988
459315
459605
459227
456111
459108
482575
456343
456396
459049
459059
460478
469517
459915
457145
458215
459758
458984
462995
458068
457707
457195
459126
456074
463733
459255
456044
459419
457557
458779
469052
459510
455950
458954
457879
459684
487627
457741
459102
457338
458939
455868
457756
457506
459216
458964
458441
458906
456561
458334
456150
456043
458746
456187
457672
459998
458926
459020
456436
456156
456429
473746
456272
458756
458654
471936
466651
456274
457368
458146
458888
462679
457354
456975
459049
458722
459640
464681
456489
456555
478744
456462
458698
458283
456974
458719
472774
458378
458965
475681
459145
458777
457565
455667
456108
464446
459487
456982
457570
458912
459254
459009
457790
459269
459490
459321
457266
464649
456511
459063
457368
475076
459777
463383
458803
459389
455800
456431
456199
469708
458782
458912
455289
459102
457454
482747
479792
458165
457252
458904
457405
479241
457220
455786
457713
458311
469686
485499
457336
458945
456752
456517
459189
490133
458026
458788
457619
455804
456159
464029
455683
457736
473748
456633
458797
504251
477979
475553
460028
459482
465839
462855
458538
459038
457761
459619
457490
460833
456154
455563
459031
455850
475439
458337
459093
456095
458609
457165
468423
456803
457401
458950
457934
458917
469535
472748
458994
456970
457179
458262
467938
458471
456703
459057
456137
457572
457281
456356
456708
460114
457211
457351
464826
456795
456139
456363
456838
455971
470739
459760
472466
455837
456472
458923
476862
458147
459576
457498
457747
458359
465252
459304
456929
460118
460117
457172
470685
458729
457627
457022
456745
459708
463784
458120
455909
474667
459855
456061
510769
456992
459912
456006
458137
457248
499194
458721
456568
457630
459766
459330
463568
459379
457846
455946
459258
459044
464082
457408
458918
457322
469403
457984
468813
460035
459226
459025
457405
457595
460940
459203
459221
456216
455665
458864
491116
455449
458537
459182
459398
455963
459895
458742
477006
459582
459218
464552
459793
459816
481964
477369
471386
482421
459559
455922
458626
456969
459286
463758
459809
456805
458809
457657
456899
469124
459343
459452
459457
455929
459320
474493
457627
459773
457027
459105
459274
471324
459342
457761
459210
455723
459251
463764
457162
460005
459127
458607
458787
464266
456216
458707
458715
456011
459676
486723
473284
459055
457168
456426
459299
463352
459376
456678
456376
457232
456407
463374
459343
456697
457332
455829
457652
469022
457016
459319
458783
455607
459446
478984
476154
475488
455910
457807
457601
481827
459231
457670
458522
458797
456151
469107
459330
459714
457383
459051
455454
463645
457562
458944
458932
458935
458918
460681
459490
457673
475128
458903
456169
460077
457053
457253
455737
458884
457091
468577
455736
458722
458069
456893
458902
458604
455886
457084
455646
458545
470225
459692
459017
457542
459354
466538
457151
458423
458901
458661
459789
455833
463157
457263
459215
458709
456216
455876
463486
459859
458171
457628
457579
458763
456301
458816
459288
457296
458580
459209
476920
459732
458874
459219
486073
486346
486605
458086
459758
459312
457448
456731
479559
456615
459257
459420
459067
458961
480247
459814
457167
459561
459037
457818
495462
456710
458744
458778
459170
459075
464557
456615
459324
456554
457833
458149
464070
459515
459688
458894
457381
457953
470499
458071
459279
456161
457285
458012
481357
473015
456342
458460
458830
456485
479730
459875
456710
459529
457344
455334
459024
456168
459234
460119
459126
456018
460148
457816
459672
456259
468000
459469
457989
459788
474315
458106
459309
460486
464053
457386
458760
459407
468842
465094
459618
457085
456019
458694
459277
464404
459531
459013
457111
459359
459197
468950
458153
459370
459741
468108
456787
459881
456401
456289
457213
459319
459792
462851
458012
457700
459205
459473
456732
467780
459963
456672
457158
456112
459224
461772
458110
458642
457697
460892
457904
463182
456242
456231
459099
456878
457310
473373
456222
457586
459417
457403
457644
478373
459581
456838
459472
459273
458972
463495
457572
456521
458892
456279
466437
468965
457305
457747
460724
461518
458146
463348
483966
482081
483776
471972
457850
478103
457572
459484
459252
457182
456851
470904
458167
457304
459223
457241
457539
479742
457876
457509
458852
457606
462739
457471
459244
459399
457813
456237
471300
457635
459059
457481
457827
459162
464526
458891
457069
456900
458642
459687
471202
458001
475472
457563
457422
457745
458725
459563
457709
459229
456525
459182
457010
459447
457363
457278
459786
459292
463152
460432
457434
459889
456406
455775
470729
458379
459413
473537
457138
458823
475422
457843
459671
457050
459087
459798
472280
459232
457766
456482
456952
458452
486538
459554
458883
459021
459001
456860
480880
458848
459031
466348
456483
459037
478383
459422
456218
459279
458642
458179
490568
460061
459897
459666
459018
459267
461765
460485
457914
456672
458853
459259
459379
458425
456563
458704
464125
460284
460248
456325
457300
457558
459517
463594
456680
459232
456383
459150
457199
459321
465066
457341
459696
459639
456003
456282
458095
458266
456580
455930
459762
478289
456456
456184
458963
459699
457423
459435
467610
457623
457680
467400
488205
498952
472606
458648
456497
457441
459306
477956
458723
459385
457113
456951
459286
479810
475254
456139
459235
459642
459614
485644
456124
457575
459400
459942
459583
463629
456103
459034
458424
459036
456378
462848
459728
456253
459175
459548
459472
488307
459852
459783
456639
459843
459291
478755
459670
459128
457783
457486
459707
458304
457943
460258
458164
457782
459170
459955
456495
459442
458972
458733
458710
456942
458025
464089
456524
459064
460895
463907
459526
459323
456747
455910
460315
458301
456238
458553
458296
459736
464927
456979
457611
457087
478762
456041
456510
458824
457743
458852
468924
456545
459921
459084
458580
457666
456295
457461
462852
455945
457212
458881
459336
457357
464533
456531
458008
458573
458673
455951
471085
460554
457772
459628
457226
474980
463589
456956
459205
459435
476526
468136
464864
457486
459341
457694
457723
459395
489249
460329
456940
457734
457677
456357
463546
459206
457181
458623
459360
460064
478808
455887
457219
459123
456099
459189
469581
459755
457944
459430
465135
456707
463797
484010
477579
471960
456784
459185
466769
458006
459823
459343
466401
465474
467195
458725
458875
458820
456019
472764
458428
458763
459237
457264
458641
466435
457738
457755
457322
459003
458720
456671
467685
457147
456549
457497
457687
472791
456789
468003
459721
455859
459535
464745
457380
459186
459130
456230
457516
469012
456826
458679
457941
457061
455941
464740
458997
458109
457224
455737
460323
463622
459193
459447
472761
457883
459309
488951
458371
456885
457690
459131
459944
463354
460044
459400
458684
455928
456450
464365
458690
456009
456065
457055
459355
469202
460121
459485
457406
473300
459322
463558
455451
458038
456089
456921
459345
481265
456699
459455
456631
459512
459727
468554
459414
458003
459463
457834
457822
456773
457656
459317
457852
459130
475397
457928
457509
457725
458705
459150
458795
459307
458909
456302
458285
456920
464182
465681
458262
457133
458247
455198
461201
458766
455265
458352
458396
458480
460476
466329
458487
458690
459037
458351
459247
459287
459246
455825
457368
457076
461394
458153
468223
456762
458105
454979
486931
495001
480652
456293
455875
459315
473174
465787
458571
458274
458861
457229
478969
457001
458554
458710
457895
455697
485636
455838
458096
458097
457233
457974
464801
459266
456351
456295
456938
458874
480989
458977
469435
458946
458730
458584
486231
457102
458773
457870
458291
458317
460764
455483
455179
456333
456874
458029
463141
457438
458104
458203
458942
457169
468247
457418
456650
471461
458390
458154
480056
455774
458235
458125
456482
455463
462532
458539
458626
458542
458936
458139
467705
455627
458580
455951
457814
456734
455954
457578
458517
458204
474616
458558
459428
458900
457760
455938
458545
457775
467854
457400
455009
458889
458904
458561
456648
458816
458442
456781
457013
463819
456047
456990
457327
454904
456803
485857
457453
457105
455421
457149
455965
455476
455272
458462
456417
455152
458052
458664
460408
456672
457972
458096
456899
470001
457603
456327
455341
457413
457100
464410
475535
458855
456114
458642
456924
478331
459770
458121
455754
458536
456537
459716
457797
458754
456973
457486
457246
476213
457645
457181
458660
459123
457570
464767
458474
465051
458007
460279
475436
508928
483123
458560
454977
456012
457839
480104
459440
458801
458607
455929
458633
478737
459185
457226
456781
458333
456605
487836
457443
462289
458451
456939
456711
463879
457521
457006
458395
458605
458906
463014
459163
456082
455363
458442
456881
467409
458789
458545
458641
458533
458686
461857
458989
458485
463659
459117
459067
473677
457100
455938
458150
459251
458289
456516
458579
456715
456375
458297
458095
457257
459152
456732
458575
455670
459139
459584
458495
457069
458194
467251
468112
459239
455923
458436
457348
456834
470013
461180
458613
458351
458663
456648
458370
458869
457162
455581
459027
456590
467775
459105
459067
454754
455122
457910
472991
457067
458993
457170
455235
455363
462196
458834
458534
455906
455702
458624
464037
459264
457946
457906
458030
458631
458903
457474
456877
457128
458508
455767
459121
472823
459230
458422
457490
456759
457530
459161
456012
456083
456308
456308
456809
458282
458962
458412
458626
455511
474135
457545
456224
460168
459011
457595
468871
459091
473903
458931
455559
456037
465220
457064
463745
479183
483870
482355
477276
458797
455743
455937
456830
458326
485292
458299
458023
455195
454893
457266
481204
455743
460647
462526
458077
457134
481830
457718
456342
458362
458193
458368
469669
455511
458949
476337
458124
457921
461347
455193
455443
457168
458077
456940
460982
455928
457433
465718
458483
455072
473625
458331
458599
456083
458335
456578
457692
481437
458933
458715
457081
458842
461735
459934
459047
455675
457729
475229
456617
458790
457208
456773
461020
467137
458409
455255
456031
456513
458224
468335
455855
456128
456700
458167
457340
470300
457605
456470
457165
456185
458195
459059
458303
458765
457121
456323
458202
467094
456937
458648
455998
456694
458339
466544
459676
457473
455788
455468
458558
471340
458783
458252
455581
458540
455999
463966
458542
458014
455290
459097
458693
469847
474720
459063
459011
458925
455429
463306
457729
459011
456413
458685
457839
463087
457280
458241
458510
457862
474787
485949
457099
455834
456860
458593
458578
463628
473033
471608
456050
458927
456050
462942
496671
470915
487732
481345
455061
481896
459322
458357
458736
456062
457917
469388
459094
456239
458696
456667
458727
467344
458124
457207
458994
458571
462586
459474
458279
458714
457284
458388
462337
458759
457824
458581
458700
458213
465117
458894
457941
462999
469320
456279
466915
458185
457928
457831
463568
456534
463801
455509
458450
458542
458781
458378
459133
458795
457525
458374
455801
458948
456430
455343
458780
458642
459441
465585
464075
458418
457025
466572
456844
461381
471081
458987
455319
458426
458318
455823
481975
459631
455497
456672
458801
458584
463989
455873
458197
458355
455724
454948
464544
456995
456002
458667
457287
455657
479211
457269
458357
458112
457975
456234
462357
459318
455783
458314
458599
457895
480803
458934
456998
458871
454989
457211
469595
456262
458030
458400
459289
458079
463820
471931
455615
458280
455677
495121
500292
501066
498170
500288
497206
501366
498844
494632
456672
457834
458081
477529
458530
456997
458554
458166
456112
477969
455223
466345
458470
465852
458575
485936
474574
490519
458901
457861
459039
478411
458597
456204
458461
457734
458686
480575
458688
458574
455287
457978
455129
486453
458753
455937
473874
459106
457801
470448
458688
456890
457159
458601
455487
457535
458152
457345
457852
454674
455367
457764
455095
455470
458673
458268
457332
458607
455065
456458
455721
473791
464002
464352
458297
454996
458893
458557
457700
456352
458120
457155
456359
455376
457312
455752
458273
458422
456318
458152
456217
459138
458264
458456
458213
456046
493678
457986
458608
457632
455346
458178
468907
457540
458339
458661
458574
458144
456293
458706
458176
455886
455075
455058
460185
458966
458108
457646
455950
458839
465994
463812
458537
455099
458493
455178
464322
458537
456791
457348
458853
456660
478861
457136
458065
458398
458981
459152
465553
459267
463885
455893
458672
458754
464225
463923
457439
458823
458447
455305
470798
457326
458539
457052
455356
458366
463964
457206
455741
458795
457206
455903
481956
458951
455760
458246
458259
458282
469255
458736
464538
456577
458577
458506
463262
456623
460655
455410
456334
458879
478911
479340
467620
456922
459267
458692
483946
458515
455251
458440
458192
454741
480990
456960
456251
469592
458315
456565
467714
458843
458381
456866
458877
457238
463242
456412
458884
458119
458072
460032
457987
458314
458285
458358
457051
463160
458950
458602
458415
454956
473634
462877
459719
455795
458646
455756
458433
464304
459105
458019
457924
455008
458650
456160
459306
455455
458226
458433
456369
467881
459702
455661
456744
458618
456301
473056
458016
456560
458657
459200
457625
468387
458619
457255
458751
458798
458653
456269
458993
458803
459130
457944
455712
459033
458418
455832
457247
458511
458433
463416
472799
457078
457971
457926
458248
467763
458949
456428
455883
458279
456177
470578
459550
457178
458287
457113
458824
465089
463705
458671
457698
456137
456691
468237
456225
472412
458020
458462
455763
478834
458524
458202
458935
458192
456447
462339
458614
456338
456636
457282
458665
487463
457346
457028
457062
457879
456631
462608
458359
455984
464389
458106
456002
462998
459177
458922
455872
458675
463444
470362
459413
458502
501385
494269
473069
475391
458706
459043
458313
458325
456609
471661
457226
456449
459689
458484
457035
466347
457778
458632
458335
457074
465527
457593
459003
455648
456641
456462
464811
455394
456143
457032
457836
456872
457474
459074
456746
455796
458747
465754
470304
458626
458020
455267
458360
467782
463101
458308
455758
455550
458326
456937
467410
459127
458905
455538
458588
458972
456686
458820
458894
456982
458437
456899
490592
458451
458521
458597
458361
457014
480139
459978
456163
458304
456867
458651
462211
459136
458773
457087
457234
458560
462635
457078
459190
455406
458976
456457
471336
472283
456534
458388
455652
458389
462596
456285
456571
458368
458363
458365
476507
458239
455801
458192
455927
455898
470369
457591
458724
457180
455149
456586
462567
457802
472227
458932
455275
456301
464190
475431
458829
456445
455814
455233
470145
457250
457229
456293
455253
458387
483437
458542
456693
456729
456073
455545
463226
456693
458641
473736
458791
458282
469223
456712
457118
457444
456089
458375
462234
457975
457597
473808
455289
457166
495300
479900
488315
458856
458913
455683
470492
456225
455678
459477
458886
463062
460579
455330
456377
458017
458336
464543
457232
455066
458249
456912
458052
471948
458954
456698
458066
458375
458185
463864
458356
457996
458617
456361
465917
466669
575007
480308
497764
456575
457455
471500
456965
470080
459477
459189
462872
478883
458519
457519
458040
457106
456390
479531
457643
457173
468016
456397
459354
500402
458450
459102
456865
459195
466120
466084
470657
459345
459083
456460
459888
459456
458636
456513
459073
459000
456480
459495
458961
458878
456393
458903
464263
466480
460337
457465
459363
457201
464749
457467
457722
457882
456566
459367
480466
457873
457065
455688
458680
466398
518683
476314
458804
456620
459166
459595
480249
459326
473133
457754
456497
457624
487533
459414
457307
457026
459128
457355
478798
459002
458976
459041
457445
458538
479919
459022
459376
457388
457756
459200
458505
457377
458829
473932
459455
456718
459522
458874
458535
458903
459391
457431
459186
459295
458678
456832
456014
467517
467378
457924
456899
459387
481905
489072
480446
458445
458816
461564
459269
463895
459981
457979
459150
456623
457875
480107
458404
459957
458985
458511
458985
470788
457074
458837
455932
457282
456936
462309
459119
457036
456147
455859
464978
487329
458990
457457
455696
455986
457066
463119
457477
458552
458777
458496
458671
464386
459186
458934
458698
457669
467961
468690
459387
459403
459412
456963
459146
475957
459292
459154
456510
459183
455429
482932
456129
457494
458726
459041
459441
469667
459290
457357
456785
456551
459244
461437
456502
457597
458818
457583
457582
464931
474974
459271
456143
457802
455969
468863
456372
459231
458827
455458
459217
478290
456215
458365
458884
458980
457132
459280
456654
457663
459386
458942
455957
457512
459402
472337
458547
456278
462638
457934
455757
458873
459344
459328
464062
455834
457889
456473
459099
459561
460215
460025
459593
459614
458514
459089
462949
460040
456054
459046
472650
456452
461925
456279
455595
458599
458785
458665
459044
457326
455788
458672
458769
458870
459538
458993
456044
459364
457571
473403
460654
479393
483605
457326
459029
463669
486398
458136
455902
459234
457673
459065
478769
458020
458859
457235
457551
458892
477834
459750
456955
459403
457637
456983
486436
457620
458466
455587
458478
467020
480108
457978
458054
459453
459148
457681
462526
459588
457306
456737
457271
457183
470390
457746
456687
459082
457446
456178
463946
456066
459456
459322
458978
459522
469870
457593
459024
458543
455998
459189
474613
459626
459092
458971
458637
459135
459739
458205
457771
459604
457910
459085
459404
459227
455140
459196
457429
468515
458022
472467
457437
459271
456625
456935
460006
457308
458468
457162
455341
469403
459954
456183
459490
459071
457398
466571
456411
456521
458939
459214
457047
459257
458986
457283
474629
458821
458442
464354
459499
457474
456074
456841
459304
456787
459002
459168
458168
457056
458697
464248
457519
457165
458835
457615
456434
459576
459519
458619
458804
473761
459533
468266
458999
455972
459025
459241
459337
464151
456713
458812
455913
458804
456771
506408
456507
456208
457046
455802
455508
486715
459985
476107
456022
459477
468854
478717
456220
457361
459232
458146
467046
508661
471396
475333
455990
457043
458899
483468
459688
459115
455997
457019
459164
469459
459462
455788
456166
458396
463468
467961
457103
459711
458960
458418
470999
458069
455772
455739
458723
458633
464345
459042
455931
459236
458457
459447
457805
459142
459056
457101
458976
456932
470299
468040
459271
455473
457181
459148
467511
459127
455346
456642
459680
459189
456126
457321
457943
457226
455990
459341
457047
458131
457233
456773
458876
455858
458957
459010
474906
455424
456034
458865
461693
457576
458951
458840
459276
459221
480671
460385
456504
458789
458421
458509
465726
458962
459210
459447
459284
457203
463355
459322
459543
472843
458750
455303
486106
456380
459106
458959
455255
457113
461582
458655
456902
458631
457165
458769
480641
456237
455491
458796
455649
458011
469382
457134
459063
456677
472322
455910
462547
458830
456189
459453
456297
456414
461395
459131
459390
459290
456142
456747
471137
459906
457868
459344
457313
458733
480727
457818
457630
459046
456368
477653
457300
459077
459899
496843
472517
490656
460221
459487
459097
459148
457485
466671
458569
458692
458752
459111
457130
476308
457150
458856
457358
459210
457262
463480
456608
459372
456596
457838
456827
463173
459596
459761
459367
457368
458317
461644
458171
459545
456157
457335
459185
471021
459688
457248
459108
457267
459025
463695
468535
459387
459158
457197
459127
476842
458571
459105
459067
457437
458709
469810
459630
455905
457696
457443
458868
461451
458948
455515
457364
459066
456594
463756
457443
474344
458635
456847
455564
469216
457858
459635
459716
458856
458831
481522
459606
459267
457662
458703
456042
463408
455833
459441
458999
457338
457389
470075
457961
458240
473380
457378
458566
463255
457771
457780
456393
456794
458578
461274
458396
456993
457237
459015
457100
487449
457668
459123
457268
457289
457948
458313
459308
458653
458726
474491
458788
456963
456425
459050
456019
458822
457010
457886
456529
459238
457321
458390
458620
455921
458697
457573
459278
456368
459577
465735
457012
459647
459042
457045
477264
457883
459005
459242
465436
459282
466513
466955
474498
461197
464912
456719
470499
459667
458913
455973
457517
459679
477298
458005
456902
456647
456078
457423
481547
456093
455351
455994
459252
459189
484857
459420
457685
472556
459190
456986
485339
459289
456830
458650
456201
458660
480947
459159
458663
455875
456112
458829
477976
473609
459399
458412
459593
456247
489456
459820
458858
458908
458871
457398
464340
459233
457166
458515
456135
457426
457432
455659
457268
459137
457216
459026
459465
457676
471827
457128
456566
456686
456483
459175
458489
458478
459376
456859
467175
459325
457212
458846
457922
459917
459856
456205
457055
458006
458854
463633
458936
457446
458895
474752
456004
459465
456429
459161
458575
455340
458944
470617
459191
456690
458761
456567
458844
470291
457466
458811
458827
458965
456372
459031
457684
455763
456452
458702
475124
456887
459516
458906
457506
459381
459131
462619
457258
456160
457916
459399
457676
464149
459324
458861
458784
459132
459146
477420
458435
458841
457937
459148
460636
463750
458921
458544
457141
458942
456201
463169
477178
458170
488188
483957
458895
485041
456987
457656
457124
458952
457119
478964
459179
457344
458793
458939
459401
490079
458640
457429
459202
457134
457015
485885
459484
456396
458859
458446
455794
456292
457162
455947
455545
457015
458975
480524
455751
457314
459090
459475
462663
458315
472726
457260
459135
457168
471213
459709
456698
456209
459112
457426
456453
456645
459183
458894
458365
458953
459530
455782
456270
457423
458688
458954
457340
456109
458971
471594
458305
457117
458630
456035
457145
458591
456809
458498
461010
456123
457025
458823
458819
459583
462242
457601
456595
457906
456117
458668
461988
459585
457835
459246
474172
458905
486066
469958
459350
457327
456910
456135
462698
458449
459056
456410
458835
455807
482078
457364
459247
458583
459434
458446
469855
456637
459100
457935
459162
462561
463616
458968
456259
458776
459598
459039
461905
456588
458942
459453
458533
458718
469130
456286
457131
458560
456409
457411
481085
459165
458876
457371
457544
466212
481975
455956
456213
455878
459183
458450
466418
457686
455902
458792
475962
457401
461236
498525
474384
457205
455767
470355
459764
457235
458384
457767
457749
479357
474716
459060
456152
459027
456240
462040
457290
458979
459227
458812
459075
462430
459145
456693
458433
456979
455350
468673
458041
457261
459183
459255
458980
477644
464983
480760
458837
459103
459169
482049
459999
459039
458709
458478
458781
468682
459478
457756
459176
458110
457266
464468
459591
458928
459198
457261
458902
461951
456642
457243
473342
458995
457051
469055
459572
457275
459097
459447
457444
480388
457853
458505
458914
458795
459244
462852
459019
456035
459290
457295
455747
468759
459406
459439
460747
463366
456289
459450
459262
459563
459100
456981
457243
458893
456002
456050
456725
458813
458452
468231
458754
457025
456359
455977
456823
458321
455517
456810
458592
466589
464554
457036
458520
456990
459403
458476
456880
458989
459038
457123
458547
456790
457690
455998
459028
457242
458742
459149
470574
458668
459370
458722
458991
458777
462793
456529
457593
458823
459251
457072
460030
459663
457685
455746
457585
457065
457532
459305
466318
457254
459829
459484
474205
484898
483503
464072
456319
456784
479562
471645
456616
458529
458424
458981
478705
481485
469778
459364
457444
458968
486933
457318
457350
455819
457534
456116
478657
459248
455970
457065
456007
455346
462862
456905
471630
458545
458542
458626
486569
459457
458966
457125
455965
458725
458126
459022
457555
456183
457275
458937
456003
458802
459195
458663
456660
458877
456862
456919
457366
470044
459239
459386
459069
456831
458633
457193
458792
463755
464473
458888
456156
459033
458984
460409
459595
458625
456262
457642
458703
459569
456440
458207
459700
460498
459575
464623
456075
455700
458782
457281
458742
457685
456890
458262
456385
458845
458283
472368
458435
458468
458110
457204
457635
457932
457696
455689
457129
455743
465512
457097
458843
455607
458477
456931
458391
464991
458629
458487
457055
456816
457029
461431
456875
459209
456169
457234
458484
477907
459408
455805
459116
458887
459816
478150
459479
457602
457389
456125
458946
464453
457581
457199
457576
457082
459443
470052
456286
458740
457590
457405
459030
479602
455510
467987
479966
467509
459057
478201
474446
456237
459200
456534
478744
483873
459260
456187
458795
457893
458947
476883
456507
458862
456188
457447
458132
469250
458755
455385
458263
458540
458535
458135
457615
472702
454899
457778
458828
468360
459160
456754
458838
458919
462854
458756
459083
458579
455289
458285
458270
459282
455686
458923
457314
456812
456436
458951
456593
459280
474199
457681
458318
458552
458762
457285
456005
456001
478290
457041
456291
458704
457887
457112
459478
456530
457601
455794
456700
456940
459626
459247
457103
458998
456300
468008
459238
461797
456587
457201
457508
458962
461483
456611
456258
455865
457979
456207
472453
456202
459441
456245
459336
459424
471265
456513
459093
457326
459623
460550
462746
459686
458777
457386
457113
457944
463289
458930
459240
459308
459522
457536
470190
456003
458596
457337
457000
457209
479955
456652
456457
456142
456492
456053
471885
457486
456264
457765
458664
459188
469849
456919
459261
459197
458636
458896
463233
459520
457233
456779
458909
458490
462977
459298
456415
475385
455964
471642
500592
474518
458543
459644
459432
456787
466458
456552
459297
456449
480760
466943
459294
457198
456603
459313
457015
464523
458109
456201
458899
457291
459312
468655
458129
456273
473037
456355
457300
464698
456253
459026
456807
459315
455927
460524
460061
456300
456621
457275
459557
465552
460096
459711
460718
458853
459205
461937
456346
456807
457510
473413
457110
467733
457994
459693
459152
459111
459518
477094
457722
456420
459294
459154
457447
463440
456559
458799
457987
457727
455929
468741
457927
459469
459078
457450
465259
464706
459015
459319
455857
459346
459186
462479
457503
459928
456102
457466
459668
488963
459354
459339
459304
457288
459893
464010
457877
459731
458960
458980
467702
464098
459015
459294
457239
458742
459388
468251
457708
459230
457243
458935
458735
461883
457823
456088
458493
458723
457651
479810
459428
456266
456049
459072
459567
471674
459840
456936
459039
459148
462232
459235
459227
458737
459225
455977
465052
458845
459567
457623
458964
459131
470090
459347
457273
458975
459127
457559
465470
461858
474676
459864
489287
481835
470354
456471
458821
456728
457237
456019
478945
457325
458734
459338
456127
458333
476405
471789
458984
456627
456411
458618
480155
459466
459237
473848
457582
459827
488762
457584
456310
458839
457649
459530
463585
458512
456257
458883
459825
455781
463717
455808
457549
459435
457546
456165
468293
457034
456348
456248
464842
459111
462186
459804
459296
458618
457431
457278
481520
458434
459131
459817
459257
457229
467205
459611
456883
457361
456343
455610
460917
456134
457231
457313
458788
457683
459847
456474
459340
462469
458108
456180
460600
457819
456310
458905
458604
456985
507260
478751
457431
457047
457216
465467
457818
456069
458477
458975
459005
472946
458144
458008
459835
457776
458980
459740
457601
458812
456347
458857
459244
457543
458821
456094
455571
459383
459016
464187
456851
456549
457698
459664
459347
463289
471367
459793
459143
458287
457664
461329
457754
455993
456422
458088
457730
469551
456811
455990
459192
456668
468714
464868
460219
456272
456302
459380
458734
482522
459920
473370
459041
456027
457407
471262
458315
459254
459730
459642
459017
463780
457906
459274
460065
459507
456861
463619
457849
458876
458770
456046
459332
468146
459326
457222
472046
456988
458716
499147
456666
459284
458285
459168
458822
461359
457588
455941
468024
459602
484512
483628
483781
457427
470242
457711
472796
459234
457239
458253
464880
459957
466967
459332
459161
457504
459100
459075
461367
457861
459167
457438
458729
456425
464496
457861
456375
457019
458945
458926
461754
459427
457346
458764
456057
464824
472459
459716
456384
457833
458856
456599
464748
459246
459581
459522
459634
459448
482210
459745
459497
457840
455985
456481
470526
459962
457835
457750
459060
459266
478902
459126
459837
457297
459123
458969
464552
459225
457683
459306
459456
456112
470034
457311
457069
459406
458936
460167
481525
459231
456553
458006
456131
459134
481255
475488
457726
459548
456420
459267
468261
459463
458988
475573
459421
459274
459681
458436
459381
459266
457241
458915
457558
456400
459122
459076
456218
457808
467064
457468
472106
457755
457708
459651
457775
464364
458140
459444
480818
493150
459523
457249
456387
457451
459159
459415
459650
459820
456406
459438
456350
471636
457927
458871
466599
456348
459020
476806
459755
457306
459337
459039
456408
469907
458839
456321
457999
459122
456314
462475
456146
459337
456696
457477
457027
463092
458973
456036
457242
460191
456828
469870
459901
459017
459276
458656
456871
481721
459261
458458
456563
459222
457072
463186
457403
456064
459225
457249
456265
468700
456388
459653
457833
456023
470414
493617
458722
457753
456200
456631
455551
463076
455549
456870
458813
458564
458394
485489
459371
458916
459084
459688
458671
457727
458504
458523
457594
457026
456861
475107
456123
456331
455994
457307
469326
459745
457371
458646
455688
457133
458005
457629
459209
456764
459336
458741
460136
461771
458637
456940
456926
456981
470732
456285
470951
455242
459796
457117
464955
459089
458380
458854
456621
458985
463364
455827
458731
456330
458769
457342
467877
459827
459076
457107
456101
459014
468905
459400
459194
474998
456420
456786
461748
457602
456955
455619
455036
458973
484717
456677
457420
457893
466695
458919
487199
468786
459930
462644
457352
456976
477960
459606
455788
465371
456487
456306
487771
459894
457452
458807
456165
458980
479183
459375
458846
458799
458985
458589
464347
457358
458617
458614
459200
459225
469053
460177
457088
458654
465349
455961
462656
459262
457358
456345
459292
458767
481587
459396
457351
459442
455849
457125
460295
459465
455908
459065
458997
458748
457409
456723
456974
458361
457171
469664
458746
459143
458773
456700
457216
457861
459009
459858
458602
455682
456563
460031
463164
459606
458835
457019
459191
459349
459090
459365
457191
458801
459148
457836
475803
459366
458634
466514
471268
464546
457215
457678
458806
459073
459095
461027
458395
458800
459005
459174
455836
480740
459597
458994
456108
458809
458064
470955
457581
475242
457190
456247
457531
461747
459291
459206
465282
459039
459461
468771
457878
459709
459278
458889
457320
464676
458627
454995
457229
457409
458598
481722
458242
458467
463547
457040
455928
471431
459178
457291
457438
458816
471982
478385
457300
456307
467315
455453
455735
484977
489974
459885
459127
455973
455755
465501
456108
457557
464529
458999
469496
462933
456967
457647
457137
456981
462026
457900
457459
458357
458877
459027
476267
457216
456567
457005
458764
459019
461621
456248
458543
456419
458864
465537
469550
458971
458666
459068
456243
459200
463243
458927
458138
457147
456218
458871
457357
457612
458877
455079
457157
455840
459202
456392
458558
458912
458703
459109
485503
457608
459356
457372
458848
455506
462007
457001
456180
457296
456620
456211
473118
459323
459011
457303
457627
457699
471925
459644
473468
458825
458850
455806
464294
471843
459405
457456
458936
458529
462386
459106
459084
457112
456015
455209
468729
457561
458769
456293
456040
458242
481159
456269
459282
455867
458274
458817
463005
456413
474759
458610
456203
458620
469392
459748
456961
457065
458608
456882
462164
458964
458142
455474
455901
458299
461674
456945
457889
459038
456090
458911
487179
459250
458964
472030
458699
458806
462922
456465
459046
456610
455350
459339
461712
458931
457507
459340
459067
459011
469436
458168
471959
468424
482017
486069
463431
457803
458822
462991
459317
460862
456787
459375
458168
457478
458991
469189
457424
458965
458976
459300
459250
467032
456985
457638
458687
456625
459012
456746
459615
458763
457193
457554
464249
471001
457778
456144
458635
456056
458699
471408
458041
459244
455489
459018
456391
464154
457488
459251
458695
456206
457405
469685
459570
459704
455801
459032
459285
480969
499369
502052
501197
501176
506144
498487
494542
457410
459280
457551
478736
459363
459092
456979
459458
457518
459281
458702
456988
458190
459187
458904
457570
464931
457173
456827
458736
459118
469548
456494
458932
458528
458882
459455
463747
459055
458969
455677
458755
457238
468790
458400
457018
457726
456959
455628
479159
456441
462289
456776
457091
458651
464195
456470
455765
457353
456721
459418
462228
456540
456097
458697
455605
457245
468704
459520
459059
456936
455919
459709
481073
458783
458818
464818
458510
458973
462818
456803
457495
458641
455064
456813
469612
456711
457654
456866
456364
456805
462812
455431
457323
459239
465266
458818
520588
482998
459046
459008
472700
457389
487466
459516
456037
459108
458239
459498
469675
459321
459000
458494
459024
461161
462502
455375
459642
455752
455545
461413
457262
455777
457348
458619
457158
480311
456886
459719
459075
457167
459442
464629
459474
456054
456353
457121
459102
461383
459191
458525
456300
457564
461003
456384
459537
456975
459172
458650
459294
459536
464060
457579
459436
457159
458605
459425
456493
459327
457468
458587
458646
470606
456922
458911
456711
457091
457020
461701
465199
456384
459051
457495
456571
470425
465131
459235
456085
457594
459175
463211
458843
458784
459082
459099
456888
462538
456061
459171
459128
459756
457580
489548
457146
458924
456129
467440
458726
463271
458697
462479
459419
456201
458675
462287
457189
455945
458828
458842
457110
469328
458279
458732
456807
459330
458665
463099
457416
459493
459255
457304
459041
482074
456609
458582
465227
459606
459484
470483
459228
458182
455838
459748
455945
461466
456123
458684
458807
456409
458914
460606
456061
456079
458973
458859
456847
468418
459380
468947
455998
477255
476627
470348
457155
458537
458339
458807
463335
456904
456977
457319
457051
457714
479489
457134
458543
458743
457239
458660
464482
458893
458782
456700
459000
458710
471843
459165
458690
458323
458505
455697
464104
459175
456662
457657
458744
458786
462528
456015
458773
459245
458365
458457
463706
457819
457208
459028
455477
455901
476113
473002
456941
458346
456834
458942
461559
456147
458573
458382
459266
460387
472643
457169
455623
458508
456548
458816
469365
459189
456071
456485
457339
458939
461900
458831
467251
458681
459565
458500
461304
455500
458390
458288
458978
459438
470244
459336
455873
455705
457207
458266
482789
455726
458659
458701
458725
458163
481086
459023
459047
458846
458481
458310
469607
456305
455812
458969
455450
458456
461236
458044
455682
458025
457180
456477
462533
455088
457997
457985
455358
455239
487208
458944
458515
464987
456927
470928
462088
455766
456690
455204
456478
455009
461531
456584
465750
458328
458156
458340
457539
456670
457723
458209
458306
456386
457451
458659
458787
455384
466409
465247
464998
458546
458193
490572
479757
494644
457749
458410
458294
458377
458630
472329
458850
458381
458731
456139
456994
462756
458768
458855
458179
458383
455792
491080
459012
456900
457976
458544
455522
470644
459187
458637
458292
457995
455341
463655
458014
458988
457983
458094
458837
469286
459426
458941
455713
455216
458432
463395
475523
458980
457956
455913
458592
462949
458364
457355
458276
458903
456958
488163
457528
458545
455596
455453
456703
462267
458768
458472
458098
457118
457170
462554
456784
473986
456212
457630
458119
470116
457677
458347
458703
458351
456529
461730
457259
455646
455122
456277
456756
480880
455164
457021
457230
458099
456110
469196
456288
456053
472465
458581
455523
461976
456894
459281
458706
456874
456863
462072
456753
458502
458264
458739
457089
468594
458946
458778
458280
455587
457351
482476
456598
455314
455285
471273
458458
464985
457344
459390
458461
456577
458866
485461
456303
456652
458372
458561
458732
467633
457446
457346
455391
455495
457220
465957
458522
458502
458649
458342
461531
465437
455664
458501
473006
455656
484077
478591
458677
458847
458124
500646
461768
459035
457850
456205
458463
455802
483006
499471
498679
500327
500623
498812
475273
456819
458615
458275
455637
456678
473590
457992
457624
457927
456912
458390
481485
498832
458272
455337
456801
472665
570548
479128
496673
457474
458530
478581
473675
458549
456759
455877
462332
486294
458886
458610
458497
459006
458529
480648
458428
456512
494461
459033
457272
462589
456039
456608
458663
459222
456960
467157
460457
478649
458365
458652
456292
459551
456939
455695
458752
458643
456605
457740
455555
458591
454886
455428
457354
463748
457341
456891
459100
457286
465544
457242
457048
455831
465535
458639
459848
458600
455706
456198
458725
458332
457097
459473
458506
455316
456561
456484
462365
456418
459177
456047
456881
458604
462099
456119
458594
458500
461317
457456
466863
458890
456823
456865
457127
456236
457521
458747
455953
455524
458767
457299
458916
458865
456943
472434
455497
455477
456233
458319
455621
455453
455104
465105
473528
456606
456793
455367
459102
455935
462031
475944
457179
482912
482373
457175
485763
458808
455803
458701
455477
456545
479097
459268
457510
456157
458832
458806
486956
457079
457199
458935
456255
458888
486954
455954
456229
458381
458802
458352
463700
456910
455913
458407
458925
455638
462650
458536
455709
457353
455974
455573
468944
475215
458420
456372
457160
458302
461404
456656
458915
455881
457122
458578
481261
455596
458539
456518
456505
458332
467742
457258
455562
458689
457539
457081
461553
456943
472904
458440
458673
458472
457745
456005
459194
457337
458896
455852
466960
458613
455728
457696
456130
455754
464542
456216
457032
456992
458639
464550
458887
458690
455643
474087
457512
459575
456089
458224
456663
458373
458272
459386
459009
456850
456226
458881
455631
462481
456855
455609
454813
458575
456396
465845
457147
458214
456531
455430
473871
463832
458130
458794
456624
456112
457814
462775
456852
458406
457481
458615
458285
458884
456202
458156
457023
458471
458883
457103
459072
457301
457206
456671
456574
475423
458865
458675
459143
458854
459001
470295
459378
456007
455925
458235
456859
464468
457013
455651
488530
483514
491192
495383
455796
458841
459286
458720
459870
493831
457262
455988
456138
455385
455661
482264
458717
457352
459053
456886
455892
479400
457147
455085
456022
458017
457181
469876
459738
458581
459007
458641
455899
461237
462448
456082
458863
458595
458912
459894
458839
455935
459137
456646
459178
469417
458205
458090
458505
456260
458510
457632
458706
456117
455552
458796
456084
459408
458722
468163
457422
456650
460806
459785
456281
458484
458933
455687
458980
457561
459361
455446
455333
456897
470352
457421
470493
478465
458627
458488
465083
456906
457240
456901
473168
458649
457743
459270
458751
457752
459517
455663
463923
459428
459410
459375
457214
458863
467032
457542
458797
455500
456576
459111
475206
455785
459316
456665
458934
474492
463020
459032
459101
456690
457757
457164
469585
459580
459590
458972
456934
458981
461885
459033
456715
458754
458866
456368
464020
458735
458829
457607
457174
456906
500534
459725
458792
457269
458645
456122
462894
457191
459001
457986
457194
458648
462579
456508
467426
455838
456919
456790
470369
456818
455900
459149
456058
458865
468886
464044
501700
466840
457477
464948
465956
475900
456126
457314
457261
472681
463703
458439
456763
459077
456586
468255
457309
459096
455880
458490
456006
465356
459382
463625
458279
458755
458789
456706
457691
459410
458915
457478
458974
467444
456283
457297
458909
458874
456769
459269
456187
457164
457217
456426
458728
458039
459588
457867
472790
456743
455960
464428
457283
457376
458307
457284
457692
464496
459129
455800
458994
458647
458784
481643
456255
459347
458833
456263
456347
463883
459174
458338
457258
475305
456519
463511
456189
458907
456127
456239
457497
471229
456236
459551
458301
455243
457737
464784
459105
459113
456064
457132
455782
482707
459465
456028
455849
458206
474713
470244
459619
457203
456971
458367
455851
463440
455782
455948
458977
458311
458745
463022
458839
455983
457797
457009
458725
469922
456496
458853
458612
455903
455696
482747
458826
455275
457624
458640
457193
463686
458947
456532
458961
458600
456143
469861
458305
456943
458818
457050
470565
462556
457096
459950
482405
458921
479095
466098
457478
459405
457005
458269
476687
462599
456288
456805
457208
458848
465942
459943
456100
458781
457436
458893
470379
458846
455568
455927
458475
456097
470300
459529
460528
459189
459027
457083
460038
458749
457214
456159
458952
459493
462923
458713
458739
458817
455720
458546
470329
455928
459297
457219
458907
457412
463239
459501
459606
462736
459574
458714
465532
465239
457199
457686
456161
473007
457547
457353
458710
459051
459292
473082
456152
455673
458441
455899
457468
466108
456715
455906
459459
465659
459438
469176
457294
455602
464780
464166
458492
464262
459774
458401
456093
457257
457054
462681
459017
458276
456578
457680
459055
583081
456956
456218
459087
459214
472786
465901
459054
459358
457345
459713
459196
463237
477491
459286
455735
512943
457677
468111
458997
459503
458613
455870
456835
467802
459365
458639
455177
456244
457646
476071
459836
458961
459027
458876
478489
460389
457549
458956
457173
459028
456881
459175
457339
455565
459000
458795
462519
457259
458908
461772
466024
458776
480512
484619
475068
458692
457784
459234
478530
457407
457473
455874
457293
457093
478847
513904
457011
456394
458682
456908
485649
456823
457596
458555
456207
459399
479552
457352
469485
457340
458867
456636
464359
456227
458952
459189
459227
456660
487778
456818
456538
459048
457276
456431
465417
459464
456443
459769
455712
456940
460680
455658
457394
471266
457235
459290
457008
457705
457579
456952
458685
457250
457318
458118
457296
459121
458418
455969
469920
459069
457256
458369
458722
458945
458100
456789
457512
457934
473104
460559
457735
457782
456075
458602
456309
464476
459103
458938
459223
458752
455988
460994
459377
456547
457635
456967
458961
468126
459659
459758
457697
458923
457352
472032
458701
458923
457887
457994
459143
459925
460007
457608
459256
458891
456879
459459
459478
456066
459740
472669
485384
483120
455885
458706
457452
457320
456168
491800
458220
459367
456048
458863
458716
477534
459107
457333
456606
455834
459204
479524
459658
455783
456314
459213
458920
470125
458994
455689
459349
459505
458679
463824
468828
456172
456079
458826
459139
492902
487457
478522
482188
486275
460672
460151
458090
457341
456263
459227
475089
459217
457191
458339
458722
458145
466028
479508
458873
474867
458284
455320
477590
457947
456022
457997
457022
455908
476128
456906
459092
458964
455861
456391
464967
458838
455974
458839
458929
458556
471141
459610
457093
458794
468997
459008
463060
455651
456244
457387
456654
459150
463939
457658
457612
458987
457375
459197
488328
457936
458945
458749
457573
458312
480682
457440
458875
458432
464367
459036
463293
459048
458394
456202
458408
455793
468785
459537
455636
457192
456987
458755
463548
458470
455515
457027
457284
457807
482518
459163
456672
456915
457289
465020
468552
459598
455769
459140
456498
458692
457347
458826
458753
458492
457679
458863
459198
456128
458845
455973
460045
458845
481517
458879
457395
458822
459144
460214
476115
457525
458664
456791
457225
458683
459005
458730
458550
458789
455453
467573
458290
459055
457271
458919
457026
458710
455563
458497
458350
455751
457680
459200
458430
471892
455691
455589
468421
462659
463811
486438
494025
476409
456029
478733
457488
455697
458527
458737
457165
480322
458736
459054
458252
458457
456660
484120
457286
459203
468573
458858
459001
478345
458981
457991
459322
458852
459251
479519
456061
455794
456897
456743
458791
470382
456134
459319
459588
456344
457382
460864
459666
458749
463816
457832
458206
456994
458386
456137
458001
456981
454938
459667
456461
455435
458462
458153
458039
469707
456759
455167
456683
459008
458806
458394
455173
456763
456857
459103
455862
457111
458287
457007
455319
456258
464409
458516
455653
455342
456787
455367
457735
456664
458579
455699
458150
455601
473101
464309
456666
456692
455642
458469
472504
458553
455421
455560
458402
457331
461656
458670
455712
459284
459352
456812
457926
459477
458382
456800
456166
458071
457566
459002
457198
456886
457986
459144
473084
458475
457430
458321
458104
456008
458042
456448
458778
458192
458218
456519
456505
457770
457010
458609
457256
458400
455507
458888
458601
458195
455981
457961
459481
457389
468245
459000
458215
458251
471922
459309
464747
458348
475099
473880
477069
458856
455338
455359
456393
458414
484132
458680
457027
458471
458821
458167
486997
459000
458425
472589
458637
455538
499294
457969
456906
458581
456887
459369
487990
459112
458326
456671
457545
455412
462114
457173
456946
456902
458334
458536
461164
456632
458890
457434
474528
458770
457684
458405
458717
455572
456220
455867
455457
455574
458257
458713
456003
456412
467088
454960
456081
456817
457300
458612
465401
455463
455701
456495
458801
467575
459634
457038
455578
457975
456704
462814
456107
458235
458659
458714
458215
467818
459055
456967
458131
455387
456790
460490
456713
458201
455826
456864
467082
467651
458791
459338
455925
458301
455800
457797
457212
456038
458361
458765
458350
458654
455797
454917
456051
456461
458278
458839
458304
456744
458292
459202
459059
463431
467453
457387
459094
458393
457256
462724
457739
457102
455541
458484
459061
464056
458644
459334
458385
455480
457116
469564
459558
455847
458905
458823
458844
464085
457693
465037
458830
458994
456087
480035
458382
458490
456887
455622
456766
477115
459294
455560
483673
480284
460823
480885
456030
456889
458527
458909
456176
479688
472867
458763
473566
455717
455636
482554
456385
459130
455604
457285
459388
470459
457025
458898
456270
457259
456761
459396
457025
456080
456679
455695
458782
460414
458924
455904
458512
472809
463403
457350
459449
457114
458737
459486
462722
456121
457208
456365
458728
458081
462298
457804
458381
457926
458021
457686
459637
456868
455370
458065
457675
458873
480399
459347
459156
457193
458925
455983
459451
457412
457687
458427
456307
458951
459419
457485
458865
458362
458629
455716
468095
458046
456439
459291
458248
458706
470005
467596
457604
457280
456809
458646
461579
455978
458633
466227
456890
458823
473681
455667
458286
459094
458554
456659
486269
459408
456638
458393
457655
458202
482174
459528
459582
458721
455758
457508
478749
458620
456884
456532
455690
456143
469588
457146
456238
455607
458503
455198
464047
458838
458766
458108
458366
455321
463130
458436
460596
458726
455768
458734
487734
456914
458864
458479
458623
455672
462661
458952
456981
474111
456664
458231
463681
465704
488906
483219
467248
455668
467284
458047
456869
472356
474983
468491
458767
458652
457667
459014
459433
462876
457426
458777
459134
458391
458202
470226
459229
458370
458069
458423
457294
457768
458955
458058
458621
455966
474293
459108
455922
455588
458766
458483
458196
459745
459408
455332
455451
458251
456382
470689
455690
457880
455717
459056
458262
473208
457388
458295
458983
458524
458043
486408
456107
458576
456885
458385
457866
464094
457818
456936
455159
456452
457294
463289
457053
458141
458665
456925
458945
485766
457233
458181
455855
458724
455039
463545
467424
456044
458617
455268
458400
463755
459055
455218
456260
458679
458180
469871
456041
458376
456874
455777
472982
462711
458497
458520
458384
458532
456264
481620
461532
458684
457442
457107
458432
468719
457426
457073
456368
456801
456790
463180
456514
455328
458042
456731
458731
462966
457208
458848
457022
458280
459191
468960
458987
462648
457401
459169
458520
479148
456354
458566
456739
455588
458784
459447
456806
458404
459016
458490
455238
456900
469897
459419
458309
455067
506398
487863
468980
456057
464163
458393
473923
456948
456461
456028
455371
456978
465844
458983
456896
458682
456852
460020
461748
459352
458549
455817
457268
455599
461708
456172
456106
458666
455394
474068
470050
459104
456691
458342
455239
458599
464052
456284
458102
458660
457500
458661
469754
458391
457396
455236
457462
455552
469652
459050
457156
456604
458660
455905
479592
455667
455608
457690
457318
456952
464001
457392
458752
458087
456728
456846
470092
456470
458377
455374
455531
457993
481690
458331
458863
456768
456942
456442
463276
475038
455950
458467
457337
455435
487204
457247
458645
458379
456618
458744
462862
455307
458770
458643
455413
458878
462622
459374
458565
458774
456252
458428
487578
459909
473166
458683
457797
455883
461683
459150
458741
458210
458924
458805
464036
456044
456878
455027
457343
455817
469265
459741
459334
459275
456247
457463
460629
458804
456871
469259
459123
458516
473161
458773
458850
458910
455969
456023
460964
456844
458581
455356
458181
457101
455666
456320
455694
458480
476222
459280
457346
458385
456803
484226
487420
482249
479027
458898
457906
458185
458672
460346
457283
458164
456670
458648
458863
473105
458358
455770
458029
457850
458982
478236
457241
461741
457370
459045
467229
462071
458295
456949
458832
455354
457128
461573
458653
458755
456639
458709
455826
488690
459064
458630
455308
456365
458792
480768
458393
459044
455998
456499
458409
479362
456954
458936
458103
458183
455641
469797
457097
458956
458363
458616
458872
463138
458024
458017
458547
459254
458275
481332
455216
455969
456834
456358
455301
469101
471876
457155
456770
458200
456556
463220
458444
458204
455840
458708
458994
463390
459015
458680
456682
458082
457937
468167
459420
458849
458404
457956
455148
481087
458483
472380
457835
456476
458429
456862
456301
457377
458324
458199
457020
457154
458783
458094
456872
454926
458812
456089
456210
455439
458431
458922
458778
458681
456396
454802
473643
457134
455399
468072
455549
458499
456875
456435
463135
455954
455197
456492
456575
458922
463655
457528
456546
456375
456486
456700
472144
458529
466151
459937
457839
468539
481785
492455
477915
498949
471471
456096
480236
455770
458519
456691
456630
458858
486575
457712
458538
455735
457522
458633
479053
456918
457478
455623
457285
461458
463482
456849
455645
456617
457195
458563
469161
458703
459106
455908
456240
457269
481440
458890
459592
455970
457300
458745
462153
456767
458653
458595
458192
458627
479997
459273
458623
458275
458518
458480
461819
458599
456573
456059
458398
458664
462508
456816
458516
458637
456954
458995
488283
459348
455550
456815
455784
455631
456433
474075
459049
455564
459361
458946
458180
455897
455563
458720
458643
458624
459446
458799
458378
455007
455371
455489
457978
456856
458474
455827
456965
458860
467727
459002
473618
457404
456249
470441
458032
458965
457971
457750
456908
462590
459511
456899
458632
458055
458635
456507
456997
458541
455283
456140
458823
470498
458978
456358
455906
472646
456803
464545
456212
455901
455364
458821
458582
459037
456253
456665
459122
455978
458416
457527
457835
456194
457511
458935
459183
459276
459293
455880
456147
458932
471854
479174
457364
456266
458478
458355
456852
508925
479218
474258
456705
458702
456150
479914
458953
456778
458301
455382
457146
479123
456101
458663
458161
457105
460475
485464
459669
458990
455549
457456
459363
464435
456292
457467
459038
459130
456744
481254
457492
456894
458348
458916
458591
487488
457521
458974
458581
456672
455636
472616
459366
459492
475399
458061
458104
459283
456075
458951
458370
456808
459299
459727
459892
458840
458885
459026
456877
468394
456166
457271
457225
459086
457443
457604
463629
459135
457124
455498
469638
459212
458506
458411
458652
473833
467933
458713
458433
459019
455603
459109
475250
455461
456522
456843
456274
457208
481442
456181
458707
474464
455611
459145
462854
457197
459334
457528
458854
457506
463262
458789
459786
458538
457544
459282
470285
459635
459089
457424
455949
457107
461763
455732
458866
459202
471642
458514
473038
455857
457483
458740
459390
459305
470486
459577
457277
458146
455600
459216
463851
458106
457646
458775
458934
456636
461736
459062
458024
458830
456390
472849
469087
459173
456253
469491
458836
457443
508909
477620
456891
456256
456027
457056
478951
457119
457424
458616
457958
458498
483827
457667
458977
458370
455695
458196
471447
458335
456197
459158
455545
456170
455951
458195
456813
457359
455262
458374
471186
458911
458579
456843
458757
457568
457477
458908
456967
458220
456726
457632
462489
456426
457360
458437
458511
470429
459124
458218
457787
475745
457025
459718
458121
458536
457311
455298
458915
470884
457554
456406
457019
456992
455339
468179
458667
467641
455804
456580
458947
458780
457030
458764
455868
457614
456519
457617
457625
459527
458369
458599
458829
482171
459641
458364
456229
455221
458891
474545
459025
458694
468641
458358
457969
464938
456041
458682
459527
457478
458499
469481
457843
455624
455579
457135
458681
461746
455750
455742
458717
458266
458374
461480
457009
458908
455891
471061
458342
485354
459688
458628
456833
458992
458922
461408
458688
456641
457160
456002
458154
462542
457636
458746
458276
456449
456568
496730
499266
500544
500840
497413
507189
500314
500822
456198
456363
456292
467400
459321
458855
455887
457268
458936
470119
475093
456396
458911
455052
455298
465046
457434
458769
458697
455904
458745
480566
496721
473683
458947
458737
456732
485648
457663
457295
456441
459012
456150
481247
459510
456693
457110
457139
458666
481493
457182
456032
458510
457043
458121
485808
472441
455691
458428
456958
455594
464122
457657
458422
458429
458648
458441
460660
458855
455573
457072
458552
458931
486605
457439
458622
458576
458735
457226
456070
456897
472370
456381
457355
458793
456422
457718
458848
456236
458877
457194
458108
458305
458393
458569
455535
463780
466473
459282
456502
458523
460370
465988
457132
459316
459151
461047
458801
470150
455873
458500
456271
456838
459270
457813
459570
456055
458651
457433
457696
459814
458829
459309
459349
457287
457491
458933
455650
455825
456595
463385
456666
458971
456057
458802
458227
457105
455916
462088
459017
458342
456739
457300
459102
471121
459552
458883
455815
458989
456162
464224
458541
456039
458877
457203
469124
463866
459357
459510
458802
458639
458745
483336
456741
456390
458533
467117
457516
461908
457371
466799
491526
493102
481283
482667
457685
456243
458341
458937
458758
499443
457947
459847
457134
455528
459783
467067
459221
459073
457163
456465
455837
470633
458338
459563
458503
458822
457295
459436
458221
456154
455774
458062
458244
457444
474480
459115
458947
455739
457087
456374
459461
455842
458265
458921
471215
459137
458567
456180
456028
458431
473883
457498
457961
457514
459552
455899
463196
459030
457280
474839
458718
458712
459223
457219
456099
458957
455990
459012
458812
458767
456160
458946
456395
459212
457448
458822
459196
455670
456906
458942
462646
459470
459034
459951
467059
456941
462233
457510
458568
458511
457609
458414
461205
459079
459474
456230
458905
455507
470306
459791
456886
457428
456720
458713
465031
457602
458946
459257
458722
464606
481085
459177
459235
459467
459163
455802
469526
459298
455911
455770
455828
456151
461283
458915
459198
455287
457004
458315
478550
456219
458757
458901
458099
462601
470313
459249
456766
457665
459033
456768
482263
456094
456702
459071
458672
458517
461907
457505
474796
457180
466998
487271
488855
456271
458366
458091
458681
458740
478321
458866
458889
455722
456131
466477
463274
456783
458680
457742
458439
461298
461705
457718
455662
459529
458781
460943
459349
457901
455800
455990
458694
464490
459506
474333
459429
459048
458396
457670
459514
458796
455895
459106
459191
459681
457542
457448
456018
458805
455794
468179
455946
456276
459071
456398
469221
469912
459239
459175
475001
459296
458585
462416
459136
459796
458667
456293
456844
464804
459238
458893
455639
459275
458978
470755
458453
456083
458740
458894
457210
477528
459279
457399
456006
474915
456073
464040
459212
458775
455782
458544
459083
469784
459375
459074
458528
458730
457727
462034
459235
459048
458578
456085
457304
462610
459168
458910
458870
456111
464339
487050
459160
459172
458969
459265
459202
462619
458909
456741
457328
457096
455662
463005
459711
457689
458792
459560
458956
470063
470225
456578
458593
455774
464448
462485
456055
457553
458842
457359
458879
476002
458615
458731
456351
459278
457870
460548
457245
457144
458557
457915
468586
459968
459522
455869
470141
466089
490928
484961
484091
457913
457806
456260
462565
459456
457615
457504
457270
455907
475529
459364
456197
456934
457017
459005
473724
455660
457470
458601
456343
456383
468728
456268
475871
457403
459376
458997
463654
456004
459685
456260
456760
455887
461709
458518
459384
456164
459127
456901
487059
459367
457772
456022
457019
459484
463222
459440
459245
471702
457117
459185
463429
457321
458844
459491
457199
476613
484510
459023
456587
455682
459053
457587
479085
459258
455868
459729
458752
457422
482394
459244
457222
456070
468969
456359
482926
459291
459426
457170
456124
459297
456646
459039
459198
459395
456028
456567
459114
457863
459162
459028
458906
456064
459956
458911
459132
455733
464221
468140
458102
459219
459224
459147
457501
464483
458859
462845
472236
457456
455934
459465
459717
458618
456493
458751
457071
461300
457120
459166
456140
458949
458725
467579
456461
457181
454980
458894
459055
464613
459306
459305
457545
458925
458765
464453
457426
458767
457164
458790
456844
463985
459239
458980
466171
458831
465946
509290
484564
459239
459166
459406
458806
479121
457337
458323
459186
457149
458435
481141
457120
458864
456534
455804
459105
488822
457050
457285
456997
457768
456619
462697
459264
474039
458710
458573
458171
463950
457368
458940
455741
458516
458397
608164
470698
492368
459298
457459
468459
460114
455984
459141
458990
460533
457821
459395
456992
466959
459416
459382
471320
456884
456576
463558
498260
456652
462401
457687
456150
459688
459353
459542
464609
471686
515228
459854
457519
459115
487539
458763
458617
456103
473159
455774
462737
458710
456998
456170
455738
459117
469875
459461
457438
459824
457263
455809
468297
459449
459229
459279
458557
457510
461218
459454
458954
458857
457153
474840
470334
457853
459632
459010
457826
459326
460185
458335
456942
458345
459012
457530
458918
456816
456167
458861
459159
463578
459062
457204
455978
456926
457271
459320
474215
458075
455832
458623
456714
465135
456182
458603
458099
457158
455642
461047
457216
455555
455236
456881
458166
460629
459302
458356
456122
458315
456657
461500
469331
466178
455633
474566
481233
503702
