666102
471872
508759
470007
470686
470126
495696
507597
596294
594333
595209
594105
618523
595517
595124
598093
834651
664219
622162
631225
605732
557787
625917
730678
510794
494185
497268
493558
493748
493089
509295
493968
494998
512882
586758
562622
539720
543917
492416
494739
517138
493522
495026
492564
494069
507287
496106
492865
496685
496874
496892
506564
493747
492455
493710
523591
535139
492701
493727
491592
491589
505600
492306
493775
493536
493288
492388
500539
491518
491806
491029
492296
520879
493546
491388
492036
490926
499398
508575
493300
491881
494825
491462
523387
490899
492040
492314
493026
506989
490844
493282
493567
491511
491857
503361
494185
491856
493884
492078
503917
498531
493561
491633
492566
500941
495433
492975
493017
492580
491349
499551
493449
494179
491551
493026
505447
490933
492361
491878
493611
493961
494015
493008
509053
492190
492236
497864
493730
492421
491403
491602
511081
497080
492970
493280
493201
491732
498884
492626
492179
491658
492000
492928
490853
492124
495713
493873
493350
502603
491856
493813
492774
493903
497588
495736
491623
490414
493262
494978
497650
492464
491071
490682
493574
504354
492630
491360
493509
508201
492588
492240
499110
493199
494450
528239
511645
519383
494273
491085
491106
519144
492883
492510
496207
491087
501552
492638
494540
492458
492318
499104
515254
495524
492697
494939
491270
503496
494576
495069
494617
492376
493624
494705
492861
492153
495526
495705
500507
492141
491906
496036
493309
498007
508907
492569
491314
493329
494788
497161
491329
492686
494482
492055
500904
490751
491026
492617
492726
493538
502881
491024
493222
492717
490909
497368
493284
502247
492483
493603
497638
493186
492169
492842
492389
493451
503573
490417
492870
492162
492333
493131
492787
490919
491234
494052
491370
501305
493333
501207
494565
493107
503310
492413
492165
492444
493469
492985
502003
492431
493084
491662
499543
514403
493552
491701
491872
494459
493871
493992
491541
496637
503589
493080
513409
492356
494244
492399
492341
514200
493053
492957
491790
492017
494518
492830
491082
492876
494861
491894
499131
492403
493937
494032
498529
491719
491590
492454
491209
494974
492527
521769
490929
518358
522363
491878
514022
492169
490867
492987
493166
506170
492054
494369
492143
491933
491569
529264
492078
492097
492421
491625
503937
493437
492077
494306
492723
491768
492151
492808
490969
492477
492907
503152
493808
494161
492445
490965
506020
501476
491752
492645
493327
492229
497973
492105
499467
491865
491765
493117
494657
491421
491262
492682
492659
495252
491173
492801
490950
492286
497071
490920
507483
491803
514208
525349
491543
491271
491955
490931
491000
497837
491199
491785
490042
491609
491573
491662
490094
491583
491634
491466
503567
490617
500441
489753
491618
497097
491518
491417
491766
491435
490275
504458
491252
491472
491260
491536
502343
490717
491560
489832
491224
492949
491773
491065
489848
506849
492181
522885
491746
490063
491508
490766
492082
490221
491744
491403
490067
491985
519430
491447
491339
492132
491418
497250
491232
491909
490834
508693
506402
491188
491603
491567
490447
491481
498072
491648
491293
508635
490788
506803
492400
530669
512973
497275
491630
518215
490232
491020
492592
491966
510002
491227
491332
490883
491995
496842
492081
490180
492872
491677
491333
519828
491126
490388
491642
491376
491797
491216
491639
495604
492133
490620
515950
507163
491562
492189
491937
502719
491500
491378
492070
491700
492471
490896
491827
491872
491753
491886
518943
496667
491315
490380
491409
502215
491640
498836
491374
491231
491909
515239
491401
492168
491804
490409
495977
491963
490198
491799
491927
491374
503088
491362
490492
491873
491716
495833
491536
491336
507036
491072
491409
490531
492128
491139
491473
492278
521588
492328
491344
491372
491137
498277
492278
491951
491240
491552
491615
497488
491458
491853
491509
502649
501499
492083
491597
491860
491816
491679
495093
491518
491643
491769
491494
510755
490839
492387
492004
491639
503332
491891
492227
490849
490816
496332
498146
490235
491432
491446
491367
491917
492438
491236
491760
491711
491500
552399
490980
491878
491716
503812
513603
490459
520358
519162
498220
500799
507610
490704
491321
491348
491416
523075
491838
491097
491956
491580
502760
491404
491643
490869
490078
491937
503698
492019
491999
490229
492134
522160
495956
492265
491527
490599
491212
490840
490590
490755
491557
490443
498004
491507
491708
492337
491304
490769
492577
491102
490264
490433
491265
498387
490459
507641
491534
489823
506235
490695
490263
491825
490149
491713
492292
490438
491755
491256
490038
496901
491295
489635
490014
491711
491415
490907
490369
490305
498270
491567
503256
491962
491871
491297
491295
496169
491753
490661
491969
492122
492106
498675
491513
490711
491593
491544
502595
490577
491012
492511
497880
490370
490392
491354
489885
490638
491386
497205
491721
491792
490112
491757
496870
491465
490108
491459
491393
492287
496092
491410
491562
491615
490490
507644
491861
490609
492083
491664
492007
504724
492001
492368
492265
490935
495661
490766
491959
492106
514524
492691
495552
490813
513128
514676
516757
520325
492082
490659
492009
492328
502350
491890
491614
490442
492026
490612
503424
490798
492064
491353
491462
519678
491356
491191
492502
492117
495411
492886
507562
491357
492327
490407
537917
492766
490856
491878
491886
503580
490918
490618
490387
491852
492309
493300
489582
489967
491568
491394
500128
492594
494206
491708
490401
492518
492619
491018
491416
490734
491039
498018
492257
508076
492250
491738
493320
492243
491967
490584
491885
490865
504866
491724
492206
506975
491899
496014
492212
492147
491203
492248
491759
501751
491621
490683
490710
491040
521843
491535
490069
491673
491725
492173
491705
491305
491893
491588
507429
496406
491805
491339
500353
491862
503027
492838
490704
491625
492086
491819
514311
491195
491321
491465
506332
497900
492440
491866
490616
490319
497070
491468
490743
491603
490042
492386
497728
490694
491150
490333
490183
491369
490533
491512
490734
491893
491671
523124
492493
510268
492447
494907
529910
516412
492564
491923
490816
500203
536928
537758
537014
535615
537840
537551
537373
535050
537000
544282
492374
491679
490426
490437
490291
515499
492174
491007
491762
490940
501809
492111
490338
491476
490391
491021
496694
491947
490374
491564
490783
508623
491429
491846
490398
490318
491714
492044
490916
500942
492362
490712
514232
492606
492326
491386
491727
490943
490643
491472
491849
491842
492235
504655
492196
491603
490980
492102
497142
490649
490312
490911
508390
491163
496824
491891
491582
491448
492001
517332
492371
490607
491633
490859
499381
518544
490430
491533
491653
491713
513118
492154
490546
490680
497491
494732
490753
491761
490568
491051
492253
512889
492182
492309
490562
490874
509302
492367
492095
492397
491654
503183
491314
490302
491067
490521
491261
513504
490349
491071
490366
491534
494999
490654
490305
490079
490247
491060
502941
490820
491658
491614
491079
498512
489775
491509
491894
489663
493851
511527
449783
437961
441923
476161
452622
465313
437094
437035
438851
438614
436971
459860
438775
437415
437527
438438
438756
443774
439241
438375
438277
438289
437218
438350
467858
438308
453591
437674
438827
438213
444798
439071
438014
438085
438105
438541
438848
437229
438943
437717
438307
439259
438768
450537
438835
436172
438480
436766
437568
443889
438867
437304
445468
438558
437232
442678
439352
438318
436942
438574
439179
437365
451772
437190
438728
438448
437014
438150
444127
438966
437413
438656
438405
438885
438571
439024
438344
438514
438747
454046
437942
449861
438200
438663
438169
438933
438180
454880
438420
438432
438972
438693
436977
439572
437776
438838
437095
438694
437794
437815
464548
437714
437238
439494
437398
444946
443644
458972
438248
437362
437353
437864
439183
438488
437124
437362
437305
437166
437441
468718
437685
436123
437753
437191
436851
443943
438290
436462
437891
437722
436582
439268
452669
438490
438539
437871
438721
438278
453228
439008
438290
438684
438459
437523
443429
438379
437386
437097
436082
437384
437502
447219
437000
437873
438158
436959
437649
450512
439187
438039
441369
438630
437166
442798
466730
472553
441206
438770
437646
444122
438061
438665
436700
437531
437224
437294
467833
437392
438728
438265
436731
438308
458938
438374
438045
442776
438540
437665
445974
438113
437476
436439
437472
437549
436251
450455
437202
437046
437091
437562
437700
443287
436509
436684
436675
436536
436378
436607
436458
437895
437191
451598
435670
437798
467683
436024
437395
437384
436303
437290
441909
437248
436759
437541
437475
437243
437877
435894
437645
436372
436611
435875
435909
449545
437426
435990
437280
435708
453576
437370
437506
435914
436374
435990
436739
437573
461377
437992
437433
437319
435309
437312
448952
437366
436935
436021
437478
435395
443033
435936
435760
436847
436106
435774
443122
442612
435675
437380
437781
437216
436561
448113
437567
437720
437389
436377
435722
436006
451276
436326
435973
435114
437644
437345
443240
437801
436761
437896
438368
436869
437482
453588
437223
438235
437589
436711
437607
443032
436170
437224
436434
437919
438181
443130
436481
437365
436627
437798
437893
453953
438792
437019
436003
436476
435664
435877
442956
442656
436527
437026
437782
437485
442134
445800
438344
436265
436783
447969
474627
448132
449399
435869
436608
436586
436151
459906
437319
436311
436245
437173
436189
457165
436381
435945
452483
437509
435989
456233
437352
436362
435647
437779
435659
436699
443636
437489
437897
435855
442157
436589
440767
436041
437057
436992
434471
435513
436084
438781
436819
436583
438778
437375
436507
459227
436753
435726
437596
436898
436946
436824
437260
437441
436501
437040
437200
435561
447856
438050
436641
437150
436972
436127
444324
437124
437451
437170
435844
453436
437842
436213
435446
435476
436973
435383
437815
467600
436258
436715
436643
436468
436733
450732
436172
435594
437431
435581
435998
441457
435997
437075
437105
436951
435537
435262
458831
437258
437634
435448
435900
437238
436595
437029
435892
436689
436495
436748
436520
455617
436511
437407
436933
436367
436923
448291
436847
436108
436369
436967
437593
440727
444206
436799
436322
436706
436575
436368
442672
437240
438886
435521
435969
437198
449335
436462
436995
436875
437728
437459
443096
444041
435814
436815
435413
435176
437176
443228
437084
453049
436244
436782
436161
448957
439062
437057
436257
435253
454018
437132
436131
466487
463777
437045
437377
436439
458796
436792
437474
435463
436173
436294
461149
436138
437343
446746
437144
436237
442897
437143
437089
436757
435744
437240
436947
458127
437365
437238
435833
436174
437123
467661
436167
436504
435757
436812
435671
435790
436596
436599
435453
436438
453003
436541
457759
435859
436972
435741
437128
437357
436033
438000
436728
436059
436801
437141
436843
444268
435327
435960
437916
436894
435463
443097
434970
435720
437251
437184
443101
439013
435884
436436
436737
436458
437274
435988
460971
437090
436910
437103
435279
436892
441279
435952
435441
437094
435536
435888
436331
437455
437381
435580
436852
436812
436775
458558
436797
437172
435667
435374
436123
437591
436409
436821
435819
435515
437123
437512
468472
437314
436108
436780
436840
436880
442504
435635
437646
436730
435833
436618
441935
440550
441650
437560
436920
437061
436202
448694
438058
436565
437303
435672
436831
443131
436142
436960
436685
436882
436112
436943
448265
435183
436657
437164
435655
437001
449075
436117
452250
438118
435891
437218
461259
436086
435626
436792
437071
437327
437558
436167
436635
452853
435684
437015
468260
473120
449013
436883
435969
436916
437545
445769
437482
437577
438569
439677
437191
437223
445103
435807
437911
435389
436244
436707
463645
436378
437437
436505
437083
436305
438132
436807
437199
436341
437217
436947
435770
442866
437352
437325
436680
453624
437187
465076
436451
437233
435972
435813
435623
437870
437886
436269
437803
437348
437106
436512
442747
434519
437316
436007
437321
435336
447130
437691
437290
437077
436037
435823
451580
436907
436569
436368
437209
437562
437131
461477
436844
436398
436166
436098
435454
440451
436573
461044
435391
437413
436842
436315
445276
436995
437350
456099
436591
437155
471041
437146
435066
436874
436791
434807
458892
436055
435841
436056
437159
436956
437221
449263
435695
437053
436708
436623
437695
450390
435217
435813
435639
435580
435786
436318
437382
453948
436014
436026
437307
435537
441382
436086
435740
436742
437736
435667
442947
437083
436820
437660
436840
436525
453493
441365
435883
436124
437126
436849
435988
443836
435959
439713
437188
437168
437256
442831
436266
436059
436087
435606
437149
436639
436214
438550
436070
436043
436887
436418
459422
437809
464752
451988
436127
437323
450033
436210
436868
435850
452493
437154
437007
441599
436813
436298
435151
435265
435577
457874
437050
437967
436368
436576
437041
441907
437334
436618
435786
436426
436503
436790
436320
436930
435357
437298
440022
437732
459807
435841
436626
436973
437286
436722
437747
437368
435807
435956
437948
435884
436321
449805
437548
435491
437856
437055
435923
442828
436424
437525
437254
437236
435842
458223
436463
436194
435445
436277
436950
435910
467823
436789
437177
437353
435991
437407
441337
435753
437113
437351
436178
437652
437266
436071
436882
437459
437076
437341
437087
454011
437690
456744
436058
437288
435693
436320
436980
436446
436175
437053
436778
436862
462076
436059
436562
436815
436104
436884
449129
437816
436115
437159
437191
445379
436143
436686
452885
437030
437553
437145
436793
443026
437035
435705
437160
435900
436857
454664
435740
437182
437296
438659
436169
435956
446013
436921
437237
436553
436167
437033
444367
436924
436818
446303
436442
437046
437204
437313
435989
436187
435725
437389
435787
440698
436095
436534
436844
436861
435517
440804
435494
437357
436187
435454
434759
439078
436398
436211
448160
442874
458555
458832
463626
436275
436128
435840
434919
435557
459246
435951
435794
436882
435849
436964
454656
477165
476320
475187
475277
475348
483357
477058
473991
436675
436165
451261
445722
435783
436349
435220
435479
436860
437371
660601
436990
442718
437331
436143
435772
440773
437278
436448
436173
436595
439933
443123
436757
436075
435678
436574
436806
455574
437303
437652
436199
521647
437233
436922
452499
436281
437305
437231
435783
437245
460172
436395
519714
436803
436201
435896
449899
434942
435549
438108
436324
435969
437887
445072
436735
437320
436479
436815
437575
442900
436081
437938
437514
437232
437090
455578
436468
437055
435821
436079
435667
435109
443623
436901
436189
437117
436449
436217
442543
435872
453203
435497
436748
437488
436557
436965
436740
437400
437346
435741
435178
472976
437165
435444
436827
435888
435248
450567
437315
437431
436988
436772
437030
435459
437704
437341
435671
441415
435785
436507
442953
436148
437140
437663
437152
437417
437400
436995
436453
435239
437259
436523
435807
448489
434952
438112
436518
435613
436268
454130
452815
436919
437325
447962
462631
459371
464378
446511
437070
435630
435371
452258
447528
437610
436376
436896
435267
436138
460364
437256
437076
437133
437026
436194
443167
437095
436960
436603
435815
441487
436356
464516
436292
437206
435861
436589
435058
441693
437690
437085
436539
436408
437313
441543
437292
436777
437110
434627
437131
435394
448143
435653
437380
436006
436027
435909
456532
436538
436835
435999
437095
437611
437801
447984
435482
435469
435629
444767
437098
448274
435987
436644
436911
436515
436869
436850
437833
435767
436389
436996
436905
437341
442472
452301
437576
437037
435886
437244
448375
436983
434787
436151
436962
435735
443759
440585
437632
437457
436032
436676
437168
442359
436845
435465
435583
436239
434945
447409
436264
444412
437700
435881
436439
435429
436133
436333
435457
436170
437014
435788
442469
437367
435827
436961
437498
435641
455758
436407
437671
435735
436595
436980
435849
443267
435675
438224
452932
437378
436622
442653
437214
434977
436697
437390
436126
436916
435800
436417
436850
435949
436636
436742
443516
435824
435373
437197
436304
436613
440085
435770
436920
435844
436450
460294
436967
436165
437760
436996
437409
436638
435283
444222
437136
436207
436883
437184
436407
445497
436245
435438
436799
436312
436603
435545
457841
452688
463119
446589
436136
450795
460886
436643
437175
437216
435823
436975
439730
437414
436103
435356
435671
436914
435935
462896
436873
436862
435902
437369
437373
457950
437042
436905
436439
435895
435505
442482
441468
436906
436691
435630
436440
435696
468777
437339
435721
435273
437184
436843
455263
435744
437319
436207
436573
437665
438270
438134
435262
436452
435478
489151
631945
657958
593859
632834
635099
650927
581430
819075
969503
802686
728543
753315
753513
810847
753398
815972
764759
820317
528782
506427
478651
436613
436820
436402
473586
442195
435113
437060
435347
436425
437636
463022
436146
435744
436528
435633
436676
441395
436240
437117
436380
456187
436315
436542
435937
436431
437358
435712
435504
436295
442474
436512
436728
436841
436293
436302
436087
435240
436856
435071
436402
436442
436572
468400
435605
436624
435857
442810
436041
442890
437007
442122
437211
436235
440550
475506
462838
436879
437021
437005
435579
448485
442843
436853
435798
435679
436417
436492
457177
435869
435658
436585
435247
436944
452689
437020
438787
436324
436762
437369
435260
437924
436981
436814
436752
437061
437113
442511
435803
436506
435877
436875
436607
437900
437029
435779
437647
435407
436284
435691
455481
436007
436723
436831
435275
435272
450674
437906
437248
436797
436793
435113
441337
435656
436770
452541
437730
435589
436477
466223
438251
435981
436560
437509
435491
452879
437648
452042
435602
436896
436373
435770
442853
435341
436962
436802
437253
436062
468487
437240
435500
435470
436559
437020
436090
436123
436209
436593
437036
435727
435806
443268
437111
440779
435062
435471
437138
449623
437872
435761
436116
435503
437369
437785
437844
437106
435984
436941
437458
435733
462149
437593
437531
436746
437355
436545
448565
437444
436345
436187
453080
436514
437482
436168
436948
436418
435130
436834
436957
442210
436477
437113
435525
435591
435196
438036
435434
436473
436764
436680
435816
435812
460037
435534
473756
435143
437757
436842
441814
435056
436388
436112
436847
435850
450815
435596
436672
464570
462115
454373
436642
443265
436512
437064
435970
435649
436027
458655
436626
436693
435409
436616
437282
456908
437073
436853
436766
436862
435873
435744
445414
435221
436166
437290
436342
438195
443231
435802
436056
436647
436741
435798
447849
436951
436976
437057
436984
437133
435985
448425
437498
437710
436216
437414
435402
452531
435610
435665
437133
436658
436729
437990
442987
434810
435329
436271
437188
436768
443506
437382
436849
435378
435380
434900
442529
436635
452589
452994
436766
436640
437126
436116
436457
436884
436422
436684
436566
462897
436858
437200
436541
436075
436986
437120
436408
436403
437152
436372
435373
436789
446815
436865
435142
446443
436777
435740
441738
436076
437098
436039
436636
437364
441512
615356
485462
479119
437646
436429
445910
437176
435573
435918
436882
437205
436511
441998
435192
435674
435929
451203
435458
442363
437407
435070
436584
436540
437048
437223
436889
436164
436095
435166
435813
435645
443677
436712
436704
435678
435114
436299
449758
437010
435400
435375
435420
440307
436970
435975
436296
436610
435239
436514
436421
442958
436024
436705
442051
441635
435209
471093
466626
441919
435934
435181
501844
455736
437770
437273
436661
435316
437177
436972
464084
436528
438805
437206
437196
435912
453139
437104
437083
435882
436748
436409
438149
436727
436878
436880
435291
436584
436518
442187
435494
436626
435192
435378
436622
437274
444595
435495
436080
436331
437275
436666
465952
435470
436509
437190
437025
435549
441623
436738
436906
435415
435528
436168
442369
436614
436250
436549
435829
434377
435730
448619
436709
452267
436882
441092
478278
444585
435783
435837
436931
435527
435342
448176
440124
435888
436909
436571
437806
437626
448410
437108
436979
437291
436766
435693
441022
436393
436394
444966
435358
436736
436772
435875
434732
435692
434990
436516
437680
448239
437695
435820
437041
435617
435578
441168
436514
436577
438433
435679
435664
436325
442419
437000
436658
436959
450460
435446
449551
436007
436641
435306
437310
436736
442581
435899
436331
435599
436425
436843
435621
442035
435535
436376
436390
434814
436583
457960
437411
436094
435338
436273
435330
447234
437350
436057
435623
435838
436184
435745
442254
437068
435392
435033
435379
437097
447158
441799
436512
437206
443314
455043
457457
447071
437084
436228
435984
435919
435090
464349
436207
435702
436829
435928
436515
444001
437409
438075
435683
437142
436658
435761
457759
435284
434897
435729
437243
436542
442089
437228
436611
437126
437256
435206
449093
437530
450036
437441
437231
437521
435688
461202
436110
435246
436530
436504
436316
450884
436704
435739
436717
436910
436948
436666
435702
436036
434779
436047
436763
435968
441277
436574
442281
436442
435694
435757
436101
435678
435577
436837
435364
435773
436089
467003
435966
435390
435817
437106
436102
442496
436129
436924
437632
436992
436961
442995
437576
436118
436334
451530
435922
435409
448472
437924
435362
437094
436463
437375
441002
437480
436448
435597
435650
436734
437366
448857
436979
437229
436919
437425
436948
449433
437097
435459
436641
442308
436938
437673
435860
437490
437017
436340
436764
436843
442167
435321
435481
435560
435365
435590
447405
436887
436156
435809
436638
435994
448267
442181
436072
437544
435282
436151
451079
441600
435974
435269
438358
437528
436979
448423
437103
436491
436573
437017
435719
437440
446213
435683
435838
435846
443491
435934
441863
460219
464432
443581
437590
435355
462008
440836
436960
436799
435875
435639
446628
441852
437216
435945
437340
435931
437146
458551
436859
436517
436019
436869
436976
457954
437149
436034
437144
436793
437206
435729
437721
452890
436337
436715
436655
436893
460257
435836
437462
435240
435841
436074
436344
436715
436010
436396
436790
436774
435463
441132
437019
436464
435600
436850
436129
443265
435879
437224
452539
436399
435322
436761
435870
435282
435204
436646
436313
436962
461791
436101
436754
436308
437071
436067
441313
436777
435442
436558
435824
436774
435350
436508
436407
436509
443044
435625
435146
442796
436612
436489
435152
436442
436706
441187
436636
435317
436650
435378
436197
437001
468490
437193
436482
435861
435743
436742
442748
437057
435524
437361
435610
452446
436044
436122
436366
437049
436955
437369
436816
448913
437195
435895
437290
435014
437049
440940
436760
436083
436505
435845
435593
436799
459558
436957
436865
436548
435496
435614
455652
436168
436227
435503
436003
436964
441111
436520
435281
435438
435044
435619
434859
441527
437313
435637
436464
437225
435463
447875
435629
443697
437430
437158
436679
459959
471384
442408
435617
436826
435231
436489
457933
436915
436899
436719
436198
435142
459299
437420
436006
439575
474636
436647
452947
436669
434993
435678
435632
436507
436776
441976
441603
436598
436130
436773
437099
461120
435560
435800
435864
436346
436804
447782
440362
436389
437131
451254
436617
434600
456897
435753
435562
447558
435353
435894
459303
437521
435775
452952
436788
436250
441997
437136
437728
437405
436858
436536
435574
462688
436038
436941
436163
435646
435774
450687
437026
434734
437562
437248
435774
436845
437006
437151
437070
436523
441293
436990
441974
436946
435771
436632
436951
436683
435895
436917
437064
435580
436749
436773
435543
463328
437147
435520
435683
435691
436959
442834
437088
436787
435108
435828
446894
447164
437344
436910
436484
437957
436577
436718
442340
435576
436070
436513
437022
435779
442716
436628
436755
435258
435313
435240
435977
450411
435569
435739
438244
435401
436385
458199
436933
435642
436945
437058
435691
436016
437068
437402
437037
435522
436296
436603
449864
436671
435347
435057
436917
437049
441391
436474
436776
435988
435799
435758
453638
441975
436087
436551
436071
436629
440292
471089
464177
437843
435672
437569
436539
458524
436692
436322
435661
436363
437143
436353
438149
436169
435427
437364
435515
435862
449830
434961
451695
435191
436522
436782
452984
436096
437318
436834
437310
437171
436528
435819
437416
436595
436943
435342
437794
450229
436670
436852
436041
437070
435652
437743
437135
436380
442435
452027
435895
436846
435449
435402
437082
436814
437099
437082
468596
437460
437209
436008
435789
437188
442142
436479
437107
436142
437123
435719
446865
443186
436630
435835
435920
452887
436807
449056
436452
435832
435616
436825
437771
446399
436175
437480
435488
436712
437380
436907
461588
436214
435773
437423
435700
435854
448165
437400
434943
436335
436180
435381
442095
437052
435491
436958
436013
436799
435421
442263
437373
437268
436920
436293
436448
436082
435757
436997
435817
436553
435751
435461
460716
437212
437006
435407
436869
436943
452655
437808
435323
435267
436601
435748
449576
437109
437099
435604
437153
435835
437847
474642
463243
436848
435136
436377
435654
441868
437166
437442
437109
437327
436992
472020
441128
445254
437052
453191
436780
462314
506732
492248
851299
850659
933427
901312
506576
437525
485731
436269
436119
435749
435659
435974
459595
436037
445760
436415
436539
435193
441999
436816
435570
435393
436958
435559
434982
468133
437409
435702
436778
436507
436030
443126
436714
435823
436586
435473
435967
436187
435670
436081
435569
450436
437038
435197
449027
437321
437241
436911
435317
435834
455345
435724
435903
435478
436434
435987
436682
436751
436458
435528
437431
436587
435275
448240
435795
435365
436733
440186
436095
436203
435402
434942
435172
435331
435265
436304
491373
437453
436689
434801
435976
437391
472242
436053
435996
437645
436662
435268
436623
435787
436854
435930
436355
437151
451893
440590
436491
436001
437042
436585
437449
449352
436297
437028
436063
436035
436641
436477
435663
436031
436135
437477
435464
436922
461657
435455
437288
435805
437582
436916
449168
437746
437029
435678
435765
435765
435910
436609
435175
435244
436478
435451
436611
441979
436423
435427
435221
436665
435854
437322
436407
435055
436176
436599
436907
435644
461219
446599
436732
436688
436981
436447
441891
451895
435615
434827
435963
450122
470078
473336
455435
435598
435337
435656
435885
446525
435975
436387
436623
436336
437224
460260
437161
437557
437481
435467
436743
440416
435362
436931
436880
435724
435334
437289
442510
437239
436848
435736
435430
435420
442697
435238
435474
435521
435588
436612
437206
436414
436840
436939
452254
435734
435518
441856
437367
435940
436767
435627
437118
450051
437012
436060
435266
436994
435564
436426
437191
436158
435926
436998
435436
436864
442193
435629
437694
436687
436380
451155
437219
435569
436172
435297
435962
436420
436860
448739
437148
436942
435567
437115
436601
454496
435379
437129
436034
435424
436778
461878
435575
436587
436309
436534
435218
439918
449602
435825
437060
435486
435760
435435
443397
435529
435837
435658
435743
438057
436798
437331
437233
435461
435541
437232
436449
468180
435967
436247
437316
436401
436612
437367
451750
436586
435472
435841
435538
435870
442326
437022
435996
436827
436261
436265
456387
436737
437255
436113
436257
437262
436998
437044
437428
435788
436985
436702
435637
461788
438702
437847
437223
436822
435511
447803
436431
437219
436933
435959
446436
437207
448589
470842
436237
437122
437501
435706
459525
435915
436089
437514
436869
437087
458566
437263
436809
451636
436092
437220
439368
443133
437316
437049
437077
437016
434563
460878
437381
437151
437795
437110
436802
448260
435954
436991
435999
436270
436863
437426
436134
435958
436514
438108
450419
437372
442095
437096
435866
435590
435831
437563
443215
436997
436606
436822
435882
441789
448245
438011
435891
436651
437163
437033
435983
442702
437302
469855
449976
436286
451197
438796
435929
435462
436088
435959
437325
435468
436004
436618
436069
436966
437503
437069
460904
435881
436177
436331
435547
436083
439174
436832
436491
437701
435735
436222
439497
448359
437086
437277
435834
436225
437525
441530
435386
435905
437306
435441
436959
436412
436559
435936
436941
436499
437114
436476
460611
436836
437169
437347
436716
435317
437075
447555
436706
436546
436001
436846
437180
435729
435704
436065
437161
436906
436945
460164
436044
437424
436473
437026
436007
442269
436008
436345
436441
436826
437119
436928
466587
435814
450918
436379
437225
437442
442465
436453
436946
436840
435135
436352
437598
436715
435518
454203
435608
463926
456048
463545
436184
436163
436039
436347
435184
455403
435538
436910
447071
435641
435313
439238
436030
436311
436369
436895
435592
435325
464092
436733
435612
436188
436679
466017
452984
436854
436832
436727
434971
435603
438390
439746
436621
435911
435087
449436
437545
464672
437355
436639
435545
435651
436307
454667
437871
436725
436759
437670
436129
435830
435917
436570
435650
435767
437185
436643
448681
436240
436056
437255
436621
445971
437083
437152
437006
437010
437130
435857
436683
441986
437358
436492
436141
435809
435475
461769
437779
435849
437033
436976
436376
441082
435265
436508
435798
436862
435803
437232
459187
436427
436486
436915
435517
435906
450633
435614
435452
435784
435357
436139
435099
436925
437561
436145
437010
436758
435968
460471
436044
437218
436703
437178
435398
437898
440246
436228
435954
436894
437415
437004
441321
436699
435825
436375
435698
437011
442414
435552
435894
436748
436919
436982
449078
437151
436631
436407
435669
435889
437002
461614
437545
452396
436596
436860
435963
441856
435219
435073
434999
435727
436136
436459
437584
435704
436401
435428
436702
435595
460328
435313
436690
458899
472766
457846
451073
437049
436729
442879
436480
435883
451598
443416
435150
436623
435415
435965
435151
460817
436045
435907
436684
436745
435488
448080
436711
436693
436463
436818
436353
436841
437624
437401
436855
435366
451058
450300
442571
435134
436712
435864
436501
436494
440608
435455
436292
434438
436255
435726
435272
447271
436787
436242
437253
435018
435182
442943
436933
436878
436911
436801
435319
454062
435649
435378
435463
436765
435817
435810
449754
436806
436144
436982
436281
436528
452943
437227
437225
436616
435838
437127
435674
436590
436811
435698
435106
436872
436663
454808
436745
436859
435531
436595
436258
437117
437010
437073
436996
435144
436366
435281
442375
436764
435755
435495
435387
436041
457411
437463
435685
435835
435666
437416
442676
437579
452103
435957
436538
435624
436856
442904
435651
436757
435970
436518
436619
437760
436722
437197
436996
436911
437663
435894
441640
437313
435879
435631
437824
435508
463064
437261
441363
436494
437048
436946
447734
435993
436062
436584
435979
436233
435308
442340
435625
436641
436971
436392
435403
442035
435510
435604
437070
453873
437052
437515
435246
455997
471512
463847
464193
441847
456423
436447
437049
436609
437115
436722
459226
436587
436645
435258
435204
436872
440158
437402
436819
435548
435390
436666
435507
458893
436153
436827
435668
439551
437218
442161
436347
435869
436776
435714
435529
438004
441883
435227
436300
435439
434992
435322
443005
437100
438101
435527
435540
435599
440329
436806
437070
436431
436817
435551
452944
436998
436864
436727
435185
436805
437300
442769
436988
437004
437012
435725
436236
441376
436011
435963
437240
435958
437294
435584
449839
435885
436401
436183
437148
437053
442951
451805
434949
435432
436902
436721
438355
436871
436826
435397
435197
436728
437502
448910
437215
435479
435700
435620
435345
444150
435821
435321
435765
435877
435420
435813
440290
439852
436169
435899
436636
435196
449217
436793
437360
436079
436771
436451
437480
437063
435539
437032
435595
436766
435436
443400
436829
437378
436704
435639
436055
455615
438543
435004
452600
435728
436585
442750
436900
436785
435086
435486
436843
435675
442150
436712
436779
437044
435807
436873
437826
437485
436755
435997
435888
435520
435386
442690
453644
436004
438926
440307
462512
469700
460509
435486
436528
436760
435346
441741
436283
435950
435708
436833
436209
435605
448266
437307
435705
436013
437590
435680
458081
436273
436516
436748
436728
451337
437377
436133
437217
435622
435852
436777
437219
462623
436960
436579
437047
435769
436097
442786
435901
435359
436666
436686
436075
437893
437530
436303
437286
435367
437218
435931
448157
435297
436899
436271
436969
437412
442078
436060
437156
436838
437473
436522
435327
450829
437082
437228
435118
435944
436884
442505
437270
437261
436217
436911
437277
436164
446734
437007
436423
435768
435700
435546
448085
437050
435443
435482
436190
436686
443129
436306
435603
435683
435503
435296
442247
442665
437202
437320
436351
436239
437329
448793
437783
451817
436483
436464
436459
442358
437258
437051
436148
436800
436403
437184
447473
437885
437672
435627
437524
435742
448411
436149
436801
436702
437072
436010
444438
435744
435778
438517
436296
435470
436426
441226
437199
435357
437178
435972
436830
447693
437121
435501
436475
435591
436128
437859
437415
435972
436589
435211
436043
435012
443275
435407
435916
437447
451101
447474
458504
438844
458188
453012
447975
437047
444163
435811
436867
437208
437114
436196
435587
458357
437743
436029
436247
437194
435460
463895
437329
436932
436827
437049
442940
448563
435612
435680
436506
436013
435594
435212
459510
436013
437259
437457
436886
437057
449575
437723
436803
435792
436652
435758
436075
435836
436928
437069
437117
435472
437056
458465
436826
437019
435851
435987
437011
436455
436479
436902
435605
435024
436404
436761
460264
435528
436917
434991
436430
434967
443031
436916
435911
435346
436793
435634
438325
437825
435201
437177
436334
436782
435202
443065
436925
435267
435500
436826
436904
441622
435181
435712
438802
441889
435586
435152
446642
436420
436474
436410
437090
436814
443562
435179
451464
436796
436287
436175
435466
435652
435529
435278
436599
435562
437286
447074
436987
436937
435714
436460
436103
442019
435998
435936
435352
437149
436861
444072
440455
436743
436370
452296
436272
436103
448478
437278
435543
437040
436614
437082
442029
436992
436632
437115
435840
436342
434775
514229
436671
437017
434841
435412
435777
449435
435412
436381
435138
447535
435819
453575
435573
436932
449551
437092
474185
460012
437363
435703
436382
437180
436682
442097
464518
437039
436628
449077
436540
436341
458498
437129
437116
437052
437534
442759
441255
435717
435213
436654
436994
435982
435410
467177
437165
435947
436822
435093
436881
450113
435925
436517
435339
435007
437413
441603
501546
438078
436418
436817
435918
435593
452620
436974
435282
436308
435783
435730
442353
436739
435843
435600
438389
436583
507389
435142
436728
436742
436674
435456
435844
446310
435927
436609
438348
436803
435461
443967
440804
435769
435986
434700
436736
442993
435747
436224
438929
436682
435861
436592
464566
436925
435445
435852
436000
436464
450218
436273
435554
435982
436098
436495
435154
436995
434988
453359
436281
435735
435901
449895
435803
437059
437367
438990
436725
437294
435677
436256
437293
437145
436762
436440
441451
437327
435725
437024
437813
435621
466606
437544
436893
437044
442492
436480
441418
436771
437134
436005
436614
437358
435749
441959
435580
436759
437212
435628
436924
448464
437366
436282
437323
435648
436156
437205
437203
437613
435879
436936
444475
437089
459094
436940
435668
436883
436535
436407
454231
437805
438581
462476
460032
437232
447825
437889
436973
436852
436871
435918
435401
457850
436918
436689
452232
436706
435539
468914
437315
437392
435508
437243
435586
435077
447067
437317
436775
437178
436808
435894
443163
436969
436977
436438
436413
435523
442209
469574
437517
436792
436022
436740
436040
460184
435592
436396
435280
436814
436790
458785
436588
436498
436975
435513
436658
445373
436558
436488
437136
436870
436116
435743
458067
437743
437517
437204
435925
436660
442306
436007
446676
437235
437161
435582
446267
436468
437156
435816
437151
435617
435511
443065
436807
435111
435760
436588
436130
453179
437509
435792
435324
436844
436115
435253
436356
435052
443138
437102
435242
436490
442424
437483
435041
436509
436777
435725
442575
477048
476912
477180
476086
475655
489049
477095
475223
474871
476139
476212
481837
435783
436177
435767
452388
436482
436720
436997
436198
435357
435321
436763
437049
449699
436248
435797
436757
435349
435596
444595
435792
435432
435563
435428
436167
436651
437160
436955
436753
435732
441039
437194
465034
436060
435211
436835
435439
435918
452306
435564
436553
435880
453104
436555
437173
467610
456303
439891
437125
435336
437230
464694
435723
436452
437306
434874
437024
465899
435356
437002
435189
436255
435467
437020
446469
435609
436149
436861
436881
437141
464338
437140
435844
435705
437155
436739
436779
436008
436864
437003
436426
435275
436977
580597
436692
437934
435704
435404
436330
475632
436381
435561
435857
437210
440021
459626
436132
437097
435797
435340
434495
435703
435979
436576
436794
483351
437576
435512
448188
438280
437009
435563
436691
436835
442563
436889
484900
435691
435691
435535
435501
436225
435588
435937
436920
437196
436699
466559
437426
436717
435604
436411
435905
443459
436882
435524
450809
436785
437386
437543
437271
436088
440874
435316
436215
436418
448189
437421
437798
435419
436887
436885
442398
437313
436915
437067
435630
435200
437402
448693
437109
436032
436140
446440
436906
448819
435673
436138
435894
435364
436751
436389
436810
436007
437085
437047
436967
435689
441686
436797
435314
437275
436649
436334
447606
437275
437303
437173
437115
438034
438334
437999
437091
434975
435843
436164
436614
443044
436670
435444
435667
436376
436922
448105
439544
437406
435902
436873
466329
463299
452400
435361
435505
435319
436611
435009
466999
437929
437107
436838
436813
436643
459898
436791
435120
437252
435189
436639
441997
439824
435622
436820
435806
436627
436742
443237
436103
436803
435388
435577
435489
436994
441231
436971
437335
437011
435637
435390
435759
435661
436906
437046
437526
436739
460534
435441
435622
435375
435621
436601
447829
436433
436879
435414
436603
436452
435006
441702
435801
452453
435161
435129
436874
440503
435733
435319
437077
437312
436635
435903
436956
436884
435654
435514
435264
437179
460230
436815
435754
436579
436658
435215
436797
435432
437269
440655
441773
436842
435584
446378
437556
436999
435718
435487
435382
456955
437427
436049
435930
436238
436661
436048
436426
436421
437289
435416
436815
436213
467702
437232
435640
437092
452634
435339
443210
435268
435502
437204
436330
436869
436183
436113
437542
437566
437224
435586
437013
448541
437292
434900
436289
436804
436079
435702
436481
437258
436887
436579
436738
452970
458925
435792
436701
436443
437139
436006
465951
436563
435515
436671
436513
436316
437668
435539
436405
437168
435351
445224
436610
443015
436677
445933
469468
443462
462439
472510
437691
436846
437350
436123
437026
441256
437334
435937
436658
435290
441231
446114
446802
436006
436865
436363
437004
435780
465883
437227
437543
436860
434885
436480
436418
435435
445508
436975
436001
435692
436817
442372
436859
435978
435040
435321
436545
460445
437297
436776
436944
435370
435417
437478
436740
435110
437213
436978
436361
435807
444509
436217
443006
436690
437039
436943
447747
436678
435828
436168
436660
436031
436239
437311
435652
435931
436458
435590
436888
459847
435707
436794
435099
435258
435501
437409
436629
436193
436734
451684
436263
435726
442792
436158
435178
435887
435116
435305
459954
437482
436844
436820
436813
437259
446820
436930
437039
436495
435697
435377
435167
462555
435765
436498
436156
443732
435426
441281
434859
435334
435588
435753
437105
436952
437259
437275
436336
436874
435073
435618
443261
436150
435291
435627
435473
435747
441763
436686
435743
435789
435832
437073
451438
465838
435898
435772
435703
436768
437653
443043
437624
436741
437572
437156
435426
437379
437342
460777
436939
435437
437088
435477
464937
437649
453851
437250
436218
466093
470177
441470
437350
435899
436308
435125
444657
436990
435650
436322
435464
435547
436629
464961
436510
437391
436635
437493
436440
454466
436852
434953
435261
435352
436579
437509
438891
451382
436595
436922
436733
436185
449869
437210
436544
437460
435774
436626
449816
435797
437080
436211
436306
436460
436030
436291
436962
435608
435177
436541
436473
449669
435804
437066
445811
435202
436766
435904
436753
436458
435851
436815
437005
437563
442769
436964
435875
437003
435808
435568
459817
436748
436650
465780
437324
435648
443497
437183
435521
436932
447143
436588
435675
442751
437058
436798
437652
437004
436640
448372
436268
437195
437277
437727
437167
435574
436639
435360
436978
436676
437503
436574
461559
436904
436969
435200
437634
453009
438266
436897
436842
436013
436626
436622
435705
440789
436765
436839
436502
437160
442149
443173
437183
435737
436870
436739
437032
447381
435731
435815
436043
435703
437010
443104
458797
436243
435568
435215
435444
436622
451361
436764
435373
435118
435923
434966
435015
437132
436415
437031
437180
435658
435638
442856
435001
437415
436650
436575
436917
454341
459249
435249
436140
435641
436971
437111
466180
453885
456215
454946
458213
460443
454469
435319
435023
436654
435412
436581
457753
437664
436824
436873
437183
434606
440418
437264
444562
436344
435848
436629
435332
458263
436059
438137
437238
435960
435310
453776
436773
436276
435510
435521
435615
437542
436486
435518
436732
435880
435734
436364
441621
435521
435564
451469
436743
436699
440961
437082
436455
435496
436831
435922
436839
445969
436631
436808
436411
436682
436584
459974
436072
436580
436850
435521
435532
440962
436760
435094
435584
443161
435750
436799
448994
436934
435728
436702
436570
436113
442715
436889
436328
436702
437026
436502
437333
437024
435579
436643
436616
436736
436840
466609
436927
436556
436803
435591
451568
436251
436963
436957
435356
435105
436888
435620
443243
435716
437569
436720
436897
435571
448397
437258
437020
435079
435457
436263
442802
437010
436951
436592
436670
437167
436929
468594
436044
436444
436588
435363
436495
449691
437086
435365
437005
435760
436647
436882
437098
436792
436419
435765
436453
436065
442555
434944
437807
435935
436514
435908
437610
442776
435450
436951
436058
435631
436747
473003
437051
436771
435498
435499
436429
457200
436967
436269
435722
435671
441839
483537
437444
436751
436979
435701
436097
436532
457986
435710
452608
435712
436563
435736
458314
436061
437545
436732
436555
435314
455759
438270
435654
435981
436974
435231
437034
443221
436437
435597
435598
436688
435414
442129
435533
436377
443718
437018
436458
437858
436196
435408
437186
436647
436530
437168
442291
436428
437065
436949
435496
436908
444207
436130
435886
435491
436935
437444
434967
436988
435640
436710
435419
452508
435484
442332
436926
436343
437023
437114
435584
441295
437001
436831
436438
436998
434539
436363
449605
436541
435688
435742
434804
435845
450625
437233
435740
435228
436765
436738
441644
437099
436828
435871
436395
436697
435917
447592
437715
437702
436849
435691
436719
437018
436968
436566
435243
437100
435671
436660
441731
435659
435181
435590
436328
435754
460318
437829
435778
436010
435620
436843
443176
437490
435387
436454
436912
436550
435963
443030
436780
436702
436559
434192
436693
448137
436896
435363
437080
435978
437617
436912
437551
452953
437040
435928
435818
436676
461385
452894
436740
435724
464588
471967
457955
437150
437164
437177
435894
436734
445392
440536
435582
437355
437168
435338
435765
459267
437319
445281
436750
436774
437140
458193
436170
434890
436980
436840
437099
436462
448368
435361
435356
435789
435555
435588
442882
435376
436690
436715
435302
435939
437559
435506
436099
436964
451794
437395
437335
442221
435939
436984
436962
436797
435380
443105
436810
436581
436507
435430
436845
453469
441725
436623
435450
436645
435415
436764
443708
435154
434300
435666
445197
435051
442115
437197
436477
435664
435686
436536
436643
446401
436406
435808
435775
436837
435644
442760
437685
437281
436625
436573
437072
441925
436163
436228
436182
436514
436630
452703
446142
435646
436143
436869
436856
436806
442844
435653
436637
435117
435338
437036
440901
436808
435328
435989
437235
435303
435440
449149
436109
436820
435788
435371
435625
447792
443044
435359
435916
437365
436761
436011
436494
435369
436444
436524
435760
435728
449194
436749
436830
436741
437279
435814
435906
436920
435863
436679
436929
435897
437356
443251
443388
436964
436640
436714
437243
461319
436983
436611
435577
437016
437263
441376
437679
437248
435470
435840
437345
438475
442064
436822
435872
435275
435822
436080
447019
436409
435508
453418
435495
436800
437277
436141
437264
447187
435819
437019
437064
469919
451975
464729
440786
436781
436874
459188
436138
437366
437020
437162
436647
447076
442063
435948
437386
446686
437540
435765
458527
438036
437338
435251
436812
436098
454526
437562
435743
436235
437377
436915
435340
447432
435930
436562
435943
436836
436525
442080
436126
437104
436758
436644
452817
437808
436403
435764
437333
437041
436886
436859
440559
438678
436925
435523
436568
437085
443088
436965
436653
437085
436681
437483
440372
437788
435492
435699
434885
435513
441875
443768
436851
437152
435738
435698
437115
440881
437082
436960
437480
435948
437073
438141
436242
436266
438096
436547
435283
436040
442277
435696
436422
436603
435521
435735
445928
450643
436638
436621
436561
436429
437681
465854
435475
436899
436856
436442
436906
443352
436819
437697
453179
438890
437076
440729
436549
436931
436827
438003
437060
436161
464535
444629
436609
438302
435644
435726
461165
437751
437520
435824
436603
437030
444943
437253
436851
454762
436694
435139
441734
474293
463400
438148
435981
435450
435908
459452
437391
436744
452842
435652
436973
448662
435453
436125
435947
435991
435044
436618
452282
436402
436053
436630
436568
436714
442225
436084
437004
435519
436789
435085
437345
436765
435721
435496
444064
437028
435752
449587
435675
436435
435867
436580
436707
443025
435533
437296
436503
435295
436244
443056
443403
436667
434906
435220
436549
435910
448732
437181
435657
437180
437410
451676
442270
436287
437311
436912
435834
435883
435861
436246
436896
435855
435987
436803
436555
447834
437158
436154
435612
436696
436696
450327
436613
435598
436824
435690
437582
440608
446534
437237
436016
435867
436791
436365
450706
436585
436144
435469
435177
435697
441420
436665
436574
435350
435118
435819
436723
442662
435774
436651
436780
436881
435415
442051
447926
437146
435725
436791
437262
436871
436435
436952
435655
437268
437029
435374
442827
436319
436857
436861
435596
436402
436082
436634
437081
434513
437079
437481
436031
441271
436008
458886
435577
435490
436749
451323
435887
435563
436749
435847
436379
448967
437267
437402
436235
436966
435734
436686
443273
444431
435713
436126
437267
443188
442406
437345
459812
462917
452395
436823
455478
436185
436853
435569
436989
436766
436106
463613
437116
437278
437242
436601
435551
450615
435696
435303
435862
435253
435889
437225
444144
436639
435386
435823
452359
437155
442715
435616
435642
435496
437041
436827
437109
436830
437125
436295
436866
436758
436888
464926
437968
436557
437222
436749
435616
442267
437413
435391
436138
435763
441059
442515
437311
435926
435792
435964
435607
436514
483986
437136
437230
437168
436908
435428
443407
436261
436168
436581
435620
435790
447852
441668
435630
435675
436559
435704
436096
464657
437444
436901
436778
435321
437004
441090
437161
437190
436294
436205
435273
436856
436352
437031
437364
435439
437624
437069
447936
436092
435170
436855
435606
435758
450225
441898
436368
435712
435301
436661
435517
460671
437045
436809
437312
435665
437107
447817
437355
435784
436617
436013
436698
441222
435611
436771
436295
436551
436828
436836
444543
435965
452455
438715
437346
437028
456523
437562
438779
435049
435571
436752
436739
437442
436083
436711
436847
435848
452440
442318
436926
437046
441603
436119
436346
486646
465056
436878
437088
438162
437195
437159
442390
463271
436085
435566
436807
435313
462345
435638
436899
436178
436559
435335
466103
435307
435180
437165
437031
437050
437098
435821
436111
437143
435793
451555
437166
441855
437075
436114
436615
436614
435611
448399
436679
436054
435365
435724
435672
437249
449283
436950
435532
435317
437283
436518
442316
437085
436619
437362
437204
436813
441917
437551
435605
435767
435671
437007
435558
442406
436969
435931
435839
436330
435634
442104
437501
437455
435992
437033
437149
441003
440052
435807
435823
435238
435953
437096
455326
435936
436526
434960
435531
435979
443367
436237
436808
436814
435366
435042
436267
437430
435401
435653
437420
436542
437815
447306
437562
436945
436961
435043
436800
443296
437653
451673
436032
437034
435681
435913
448362
436025
436556
436784
436068
436088
442308
435755
435279
436748
437465
436995
437468
437652
437328
435714
435755
436017
436259
450007
438168
440981
436921
435883
436485
450352
437064
436124
437001
436622
437143
437041
437229
436071
435202
436815
436527
436871
449249
437384
436736
436044
437392
436158
437789
440171
436990
436984
451707
464824
460606
464285
451864
435995
435526
437012
436584
467469
437263
435937
436339
436453
437827
452588
436142
436878
435145
435949
435583
435651
441893
436721
435690
435704
442046
435880
464427
435716
437174
437274
436745
435794
441875
436696
435792
435330
435549
435846
436758
459628
436525
436424
435729
434919
436553
448507
436043
446208
437313
435218
435896
452805
437508
435046
435509
436956
436504
436706
452601
437112
435948
437335
437554
437266
448824
435728
436936
435408
435329
436360
445370
444509
436859
437060
438415
437324
436100
447131
437839
436739
436787
435738
437062
448224
436033
436550
436469
436778
437382
436992
437049
437244
436859
435455
436455
437314
442255
436750
438210
436918
437217
437287
454901
437620
451595
436109
435199
436180
435377
458326
437100
435527
437033
436739
435239
443856
437123
435519
436698
436655
435607
436457
437044
436923
437349
435446
436729
436453
442997
436104
437299
447360
436894
436647
449034
436741
435037
438370
436805
443781
447744
437523
435405
435745
435627
435722
436884
442558
435943
436762
436942
435646
436841
436317
435837
437550
436729
443693
452651
436499
443286
462128
445748
436720
436411
437109
462120
436593
436395
435938
435508
435657
439843
439190
436505
437649
436510
435540
436505
450373
435839
436952
437375
436897
444501
457277
435531
435657
438712
435187
435849
438396
436896
434964
435543
437118
435670
436160
465737
436969
436673
435704
436640
435554
441625
436870
437709
436818
434940
436920
446238
435763
436621
435507
436927
437068
437022
467855
437402
435883
435670
437276
435597
440561
435700
435493
435673
436887
435294
435692
448193
435925
435470
435150
435207
436818
449296
452792
436217
436887
435609
437097
437276
435637
436328
435904
436126
436459
435959
442151
437305
438223
435498
436522
435748
447494
435951
436798
435623
435598
435153
436875
441880
442481
436048
436702
435644
436607
442002
435864
435558
435315
435590
435472
447211
435808
435938
436916
462047
437251
437343
443385
436819
435221
434918
435307
435658
457801
435617
435701
452475
436543
437265
442136
436875
437106
437245
435315
435773
435448
448067
436850
435399
435429
436071
436498
442394
435812
435858
436517
437220
435124
438841
435859
436911
435914
437640
443002
436196
442329
435154
453994
436696
436095
436264
451475
457215
460942
462546
461906
450507
453295
436756
436875
435763
436879
435230
437310
444784
435314
436204
436756
435804
452693
458341
437028
435426
435533
436148
435384
444528
436793
437187
435830
437186
435872
435851
459812
436918
436733
435584
436595
435780
442227
436886
436240
436494
435604
437404
453181
435609
434920
436723
437197
437366
436893
441925
436685
436739
436975
435697
436019
442364
435330
437036
437601
437237
436152
435619
446332
435841
434851
435469
436248
437078
441863
452358
435908
435879
435559
437150
435472
436140
435782
436937
436754
436974
436418
446673
436562
436432
435518
435373
437091
441076
435428
436611
437155
435759
438360
448313
442263
437187
447948
435428
436764
437185
465320
437177
435732
437459
437280
436973
441169
436027
435877
436367
435283
436042
435528
438953
436467
435318
436919
436571
437136
449017
436028
437322
463234
436615
436151
442722
437261
437457
436561
435932
436175
437322
436005
437092
437270
436334
435806
435154
449316
437328
437289
436073
435870
437377
436645
437286
436651
435865
436642
452614
437422
443442
437045
467820
443992
435547
435511
479708
436732
437145
436899
449644
463055
483348
462773
436231
436583
436009
435556
437552
442397
437131
437381
436807
435519
452681
463711
437215
437410
437453
435637
435912
451007
435941
435729
436589
435716
435416
436160
446793
437410
435789
435978
435331
435534
448617
435938
435657
435676
435629
435638
437360
443626
437018
435440
437273
436952
436773
442457
437671
436032
435530
437007
436179
448402
436977
436886
436755
436852
435892
444588
440420
436837
435463
436929
435999
436764
441699
445182
437014
437188
435840
435947
448105
436626
435573
435512
435772
435755
435552
435806
436642
436256
435307
436615
437135
441450
435845
436558
435796
436620
435521
454326
437490
437267
451276
435447
435011
435453
442709
435526
435511
436744
435180
435641
443031
435100
435471
436926
437455
436411
447236
435797
436744
436354
435543
435008
436426
442396
436792
437041
440048
437461
436062
450386
435642
436014
434989
436842
435906
435329
437946
435285
436850
436395
435621
436634
444703
436788
437185
436909
435840
435669
440618
435615
436516
436432
436142
451287
435779
450124
436919
435515
435675
436634
435042
452220
435790
435716
435500
453770
435753
440980
435719
460024
452058
456668
451601
437057
464039
435763
435744
436550
435401
443455
457101
436898
435572
435146
435290
435526
444778
436936
435218
436491
435502
436068
435989
467229
437292
436490
436636
436679
437269
442050
437192
435737
435848
434996
436824
437958
451188
435557
435762
435580
437335
435366
449546
435992
436048
435589
435911
436791
436733
435514
436043
436116
436454
435842
435725
458617
435486
437201
436911
435308
435445
447437
435649
447905
436050
435965
435720
441947
436419
435902
435468
435824
436062
436984
442782
435949
436834
435922
435266
435308
447914
437379
435975
435754
436748
436954
436735
445991
436839
440551
436357
437074
435845
460224
437319
436327
437576
437103
435902
446825
436920
435958
435458
435515
435570
437322
437116
435653
437451
436920
450868
453673
442896
436792
436279
435379
452811
437432
441844
437392
435938
437097
435939
437230
436556
440951
435802
434774
435958
435666
435426
442418
437596
436908
437066
436659
436038
447401
435618
435588
436760
436034
444264
437400
443328
436425
435932
435727
435907
435996
454088
436713
437027
437345
437154
436853
435670
441992
441103
435519
435397
435295
436919
443116
436859
435463
471473
460355
435582
465972
436383
436880
437207
435721
435253
436337
441886
437140
437030
435446
437335
436949
461259
437744
438657
437291
435625
438903
451204
436080
437004
435486
435469
435561
436909
454430
436886
435739
436867
436639
436961
469711
437609
436900
435440
436798
435648
436452
435878
437212
437649
436924
435875
435907
465508
435956
435463
436631
435061
436816
442617
437159
452787
436307
437005
436385
436293
436003
436936
436239
436058
435722
437303
448963
436538
438800
435799
437190
437088
442413
437436
437253
435788
437153
436967
435664
445463
436036
436856
437755
436763
437070
449928
435523
435659
436501
436789
435850
443084
437360
437288
436934
436819
436839
436126
435717
435978
435802
437120
435884
436123
449181
436489
436601
435914
447333
437144
441071
435640
435623
437000
435959
436589
436156
442937
435645
435348
434626
435877
435482
446940
435882
435918
436089
436935
437153
435299
436696
436825
437167
437359
436265
452389
441856
435674
435469
436501
436874
435844
445609
437414
436609
434964
435345
436432
435942
441822
436548
435874
435446
438544
437109
442516
435121
461343
452291
460470
451177
455673
437191
437032
436771
435954
437336
436855
446959
437016
436339
436599
435365
436712
459447
436143
436143
435241
435450
434783
441411
437527
435055
436485
436770
435765
436313
442132
451136
436269
442976
435807
434949
442625
436170
436278
435557
436454
435555
438948
435641
437124
435593
435411
435386
435904
460776
437229
435672
436349
435379
435965
443882
435467
440805
436824
435434
435823
436679
437993
435671
436072
437002
435582
436978
443121
437329
436039
435840
437443
437051
437402
435899
435782
435523
436687
435806
435726
467110
437760
437035
451247
436558
435825
456552
436002
435927
435318
436756
436590
436290
436234
435933
435381
456365
453353
436471
464436
437321
437109
437009
436153
435835
455303
436137
436904
436176
439115
436710
444221
437701
437120
437184
436547
436917
437120
466586
435257
435529
436630
437051
435405
443239
436880
435464
436871
435760
437415
436617
435200
435900
435949
436108
435515
452633
448634
437141
436077
437162
436538
436970
446231
435674
435759
435896
435532
435131
437470
442122
436901
435830
438116
436011
436929
447943
436667
444903
436047
436866
435562
457023
469289
459246
451547
436129
436979
435939
444725
436780
436941
435670
435541
435579
467313
437949
436066
435306
436033
437172
444606
435882
436800
455971
435920
435679
437373
437565
453370
436943
437343
437662
437121
449295
437361
437042
436429
436990
436874
437495
437204
436032
437091
435421
435515
435967
460407
436735
436447
437339
436604
435916
448167
437534
442801
436499
436648
435345
441279
437222
437001
437108
435691
437229
437790
443902
437450
435922
436676
436060
436886
447278
436816
438147
436311
435040
435085
436676
448934
436710
435902
452647
436673
435461
443273
435503
435644
437451
435746
436941
437114
436973
437195
435876
436990
435962
436718
445182
437412
437114
436966
435653
436734
442473
436670
436386
435931
450874
453478
442134
438269
435896
437031
436111
435760
437163
443477
435708
437252
435567
435871
436994
442642
435415
453678
436123
437072
435992
436180
437278
436504
436246
435414
436364
440857
457990
436295
436944
436143
435248
437447
443427
436901
436793
435649
435162
437113
436226
437803
437137
436222
437223
435428
437136
443220
436213
435767
436775
436843
437155
456087
453026
437059
459622
473222
439770
436952
446000
435384
437041
435404
435894
438992
459641
436420
437439
437118
437116
436000
443191
437541
435515
435856
436993
435823
438502
463541
444601
436806
436090
435352
475785
471271
474939
474311
475763
476927
475640
483839
475955
445305
436747
437551
434692
470732
477169
475385
475590
476410
477001
482164
475415
475506
475508
476763
475248
483071
476477
476778
476094
476332
476328
478301
475687
475598
476867
476672
481168
475594
475289
474995
477008
476866
477457
475984
478187
475868
477142
475431
488912
477410
475370
476935
443534
435819
454402
477611
477470
476965
476587
476973
483540
477639
477024
475758
471269
435615
469907
477284
476698
475323
475648
475119
482206
475681
476129
477344
436507
436500
468415
475700
476951
475811
477316
476703
489601
477437
476764
453969
435767
437076
471116
475781
475373
475460
476462
476824
514748
476799
461008
437138
435572
436829
482078
476628
476752
477190
477223
475918
483668
475963
476746
474789
437601
435626
478483
477451
475639
475580
475302
476711
477421
475684
475559
455487
448013
436118
483152
477256
475370
475521
475848
477216
476691
475938
476727
476751
477194
487719
477003
476646
478758
476492
476174
484358
475434
475490
475573
476883
476963
483079
475342
477201
476875
476422
477222
488863
478026
477056
475409
475540
476513
495566
477105
485044
549863
456951
475966
476967
484930
477587
478413
476777
488755
476995
474916
477107
475981
477199
481916
475425
476559
476730
475098
502111
482548
476771
476880
476655
476207
474991
489469
476008
476968
508156
483732
477309
481384
455475
435825
436900
435172
436519
468807
477214
477198
475939
475918
475766
490298
477025
475514
477052
475152
475322
482036
478447
477230
481452
476558
476283
475519
478330
475978
437827
437075
436046
447685
436605
435008
436745
437217
435546
443090
438350
436406
436488
437721
436360
437206
435454
437454
436750
437363
435878
437095
459558
436185
437574
437021
436247
437267
455015
435669
437115
437176
436634
435600
443561
435605
435838
435474
438040
437311
435382
448112
436301
437937
435607
435975
436696
441211
442506
436290
436890
435548
436160
435639
436893
453744
435963
437422
464971
472586
470682
437264
436607
435565
437078
436301
450643
437552
435508
436712
436959
435740
436098
443925
437459
445967
435468
435065
435659
465887
437326
436703
435376
437079
437103
442440
435658
436719
435742
437124
437458
436669
458011
437595
437236
435124
436233
437461
447782
437349
436618
445472
435983
436621
436465
436097
437463
435792
435804
435095
435945
443119
438486
436711
436952
436704
435337
448354
436197
435259
435360
436438
437734
435655
446182
437102
436073
436618
451713
436587
458649
436037
437321
436449
436968
435661
446580
436744
435944
435117
437003
436774
435373
435704
436933
437070
437119
436918
436142
442468
436197
435868
435378
437328
443003
454614
437490
437251
436081
437275
435661
448421
442292
435652
436971
436789
435311
437225
443162
436952
437487
437278
435539
437183
438065
436064
435307
435885
435971
436622
435603
458909
436078
435562
436836
436822
435944
443076
438669
435555
436748
435375
436134
436734
436400
435845
437353
438250
437527
435082
442787
435854
436611
436824
437183
436729
437234
437060
449267
435759
437669
436541
437141
449069
437285
435735
435736
436934
443145
456649
435989
436498
458152
462341
451316
466117
444433
437289
437103
435409
437129
435869
450115
437975
452024
435823
437694
436928
460998
437191
436040
436943
436659
435676
445131
436533
436195
434996
436570
435650
438048
465499
436723
437623
435656
437118
436867
441672
437600
436800
437949
438001
435670
441712
436921
435719
436639
437202
437345
436997
449669
439104
437178
437446
435453
436232
443505
436986
434861
437934
435403
435625
436199
447952
436824
437158
437049
447516
436040
449395
436484
437513
436693
437231
437162
435900
435861
437062
437120
436558
437085
453157
446408
435765
436168
435869
435803
436866
464949
436325
437307
435669
437370
437033
456757
436142
437107
436817
437526
436352
435776
459171
435994
436933
435818
437005
436822
448636
437016
435707
435203
435534
436024
436259
436602
437039
436989
436026
435301
435908
451359
437484
436295
435704
437112
437053
458457
436993
436919
436986
435431
437355
435386
437184
435640
435644
436935
437274
436711
442270
437100
436547
434973
436492
436860
436126
442706
453305
435842
435743
435757
437465
442160
436542
435856
437582
435749
435804
453805
436485
440202
470842
435643
436156
448176
459272
467790
453700
436996
437381
437022
444740
435595
446897
453649
437013
435349
459431
435956
435775
435737
436697
435895
441768
435273
435499
435631
436093
435680
435189
451802
435343
437132
435315
435621
436538
442363
437474
436055
437261
452664
435545
437268
436284
436609
435371
435552
436563
436489
442039
435659
435859
435799
436442
435807
443231
436663
437056
436242
435590
435847
436277
444200
435619
437531
435701
440395
436554
458293
436181
437771
437654
435162
435592
441619
435788
435717
437348
435791
436030
436773
437707
436240
436987
435629
435871
436914
442824
436689
435468
435342
435507
459524
460564
436091
435338
435414
436291
435910
436909
450521
437289
436136
437765
435887
435342
442563
437104
436224
436071
437053
436860
437093
435788
435176
436004
435461
436140
435957
450863
436128
436104
436693
435577
435915
450112
435324
435174
435998
436963
435799
435455
437313
435432
435439
436552
436653
436318
449893
437207
435421
435934
437315
435873
438266
436229
448016
435356
435964
436051
436816
442022
436798
435194
436718
436984
435580
459584
436161
436050
435912
437148
436224
451786
437035
441772
463955
461338
435252
435940
457869
435458
435669
443655
437002
435526
465491
436503
436368
435941
436011
437681
439400
437265
436026
437041
435333
435915
437288
460864
437204
436549
435967
436912
435379
449020
436434
437216
436164
452948
435975
441702
435606
437201
435829
435903
438243
436776
441912
436592
436671
435615
435886
435351
436823
436971
437099
437068
437465
436364
437240
456102
435738
436624
436454
435406
451972
442607
437308
435436
438591
435844
437490
447035
435819
435955
435741
435119
436974
437088
442255
437215
436589
435079
436952
437358
441450
437466
436735
435843
436129
436647
441280
442664
436819
436865
435786
435145
436328
443279
436715
436698
435720
437327
436535
436592
435929
435421
436923
435014
435569
436899
446311
437734
435741
435681
435616
437483
442246
453672
436400
435713
436056
437131
447687
437841
437555
435699
437192
436559
435737
448464
437791
437084
435402
435905
438448
446844
477717
437159
436893
435403
435823
444040
436890
441782
437308
435621
436948
435692
450001
435965
435339
436984
436041
437345
454374
436847
435689
437875
436441
436881
440112
436709
435330
437273
446669
436844
436729
450352
472959
452927
472486
442567
435613
457034
436203
437004
436832
437069
437053
448708
436360
437210
435923
436987
436102
435694
466736
437404
436713
436195
435733
435737
450104
436611
434981
436033
440492
437876
446524
437560
436162
435419
437305
436396
436027
450268
436907
435919
437623
437162
437362
442474
435672
437126
437386
435964
436429
435959
451044
435711
436076
437205
435817
453502
464929
436333
435628
435483
437667
437063
438685
435880
437618
436064
435984
435755
435302
441588
436121
435391
435470
435702
436160
447012
435708
437129
436190
437319
437168
441361
447061
437543
436500
436819
437144
435908
441924
435569
436621
437319
435370
436501
448013
437091
436694
435950
438368
435700
437629
437638
436224
437535
435648
437518
437562
443131
443756
437286
437222
436440
437088
454497
436582
435573
436825
435262
435434
434932
443240
437030
436278
435734
437392
436537
440576
435546
436952
435427
435964
435127
436467
435701
436414
452546
435954
435046
436748
442677
435247
435490
435677
435451
435460
440894
436988
435367
435254
436914
435527
435120
446518
435968
435594
436284
436961
435429
441313
454150
436873
445243
469724
444053
447805
435768
436932
435932
436913
436375
437104
446752
435774
436688
436063
435545
435155
463676
436915
435408
435240
436787
436118
440869
435967
436470
435444
435920
452638
437009
447635
436659
435277
436724
436447
435416
441989
436227
436835
435499
436586
436363
441259
435104
435502
436622
435927
435488
437173
466511
435457
437160
435779
436353
442904
443285
437527
436671
437998
436474
436636
435083
435736
435454
435305
436631
435274
437000
448237
435871
436356
435624
435929
435218
440618
436234
436340
435711
435950
436793
436171
476009
435677
435483
436772
436576
435978
448146
437300
436020
436644
436461
437467
437760
436277
436987
436969
436410
436877
436121
441716
436079
435424
435328
436808
436577
437233
436698
452057
436714
437115
435489
438219
452883
436346
436091
435057
435690
434675
442828
437501
437025
436420
436368
435543
447404
435755
436464
436070
436949
435188
435342
443635
436956
440291
436091
435278
435503
442936
435960
436573
437445
435750
436773
436701
449163
436863
436879
436722
435907
435726
442275
437234
436434
436841
435483
435469
436955
436781
435799
437536
452557
449097
436497
446692
437317
435632
456805
449014
442695
464443
447156
437150
435408
436981
436776
448505
435710
436654
436820
437031
437364
435259
446450
436173
435981
437475
441007
437064
459697
437135
436807
436812
435077
435716
437856
436628
436365
437081
437130
437098
436715
447154
437344
437167
436499
436651
435773
460548
436136
436098
435639
436375
437274
460776
436436
435854
436143
435987
437808
436470
451402
436581
436474
448082
435446
437813
445099
450822
436022
437261
435795
436790
444875
436962
435492
436602
436128
435035
435563
480509
437039
435487
435251
436587
437061
459041
435854
436740
435075
436238
437139
446072
440534
435662
435979
435292
436746
436354
448997
436765
437158
435532
436388
435388
435989
435397
451507
435744
435380
435042
437225
454418
436771
437041
436871
435641
436834
448725
436373
434912
436373
435919
435405
442309
435845
435629
437044
436850
437062
435382
441574
437171
436549
445582
436054
436668
447009
435892
435304
436513
435663
435659
435221
446098
435460
435506
435524
436307
437409
442494
435439
437352
436813
437152
435855
437650
436081
437331
436587
444034
437684
435991
437210
436814
454132
437110
436742
440889
464946
466232
464610
436150
435263
435770
459757
436267
436785
435567
436980
436837
435597
443986
435230
435076
436454
435417
444549
459026
436566
437007
435507
435502
435380
438267
436523
436703
436629
437285
436896
435827
440087
435834
435975
437008
437216
435909
456774
436319
435848
436334
481157
437627
452317
436183
437014
437017
435119
437289
436333
443073
435974
435197
437088
436309
436411
441875
436072
436422
437481
435912
435512
447875
437585
435339
437034
436113
434782
442244
466465
452808
436969
435355
436831
436016
442198
435614
435830
435516
435995
436648
436032
436288
435283
452870
437284
435618
435630
442987
435657
437138
437046
437374
436866
443879
436043
442924
435613
436683
436912
436696
466461
436905
436483
436576
435103
435681
443142
435011
436210
436805
436731
435973
440595
436115
435874
437430
435959
436386
436849
448736
437188
436783
452773
437019
437092
442950
436769
435553
437009
434951
436957
435898
448226
435131
435322
436849
436117
436446
448957
436877
435394
435129
437455
437000
445815
435748
436050
435787
442194
437835
435925
478648
436227
435356
435759
435406
436547
466733
436222
464995
465398
436683
436154
449984
437605
437513
437070
436394
435745
435937
447170
435568
436313
435632
436881
450643
465773
435792
435902
437025
435670
435840
440470
436224
435342
436848
436124
435738
435876
436668
435272
436223
436510
435861
436069
467143
437258
436897
436769
436842
435691
448581
435456
435268
436711
435363
436889
437072
442712
435332
435194
435636
437124
436440
446968
436622
436403
435554
435727
435897
437105
435892
436835
436901
437433
436947
435372
460550
453606
436581
436312
437372
435735
448150
437846
436782
436160
435690
