710371
518582
495779
515997
490641
488602
479207
479986
559096
578024
576757
576007
645986
578049
577870
574946
580353
597445
578335
576813
576442
576607
570743
530974
526134
521408
522689
516258
477939
477910
478421
477178
477407
486084
486044
492673
486624
486774
510759
486700
485940
485816
474813
474024
488240
475436
495625
526897
519590
527143
518093
476067
475453
475485
475706
520144
519693
519613
520107
518647
498967
476116
476240
475869
475037
488868
475351
476324
475716
503640
474767
504525
475133
475273
496211
476897
511401
494827
475235
475272
474948
476287
480405
475292
474878
475200
475087
476577
504616
475259
476690
475928
485155
481891
476567
476244
476258
474759
474953
489108
475531
476858
475516
476754
474642
506884
476399
476309
474811
476495
479982
476240
487320
476110
476172
476163
497691
474935
476231
475514
475461
474686
488936
474943
475757
475061
475818
474999
475128
474677
476406
476323
474476
492058
476863
476563
476667
476450
476276
508026
482672
476699
475134
475150
480646
475232
476161
475374
476784
476464
481508
476743
476733
476408
475194
475522
489575
476767
476017
474802
475556
483155
480432
481603
476185
476443
475173
480701
474566
475107
476640
475595
476377
487746
476012
476355
475393
475615
475321
475698
476021
475592
474930
475462
483747
474895
476223
492069
476880
475271
507889
476043
476312
474950
475901
474990
475284
476469
475255
475533
475393
481426
475164
476899
476660
476557
475384
488346
476282
477037
475240
481480
476749
476029
475201
475591
476903
476217
488321
491894
476783
481616
513917
497771
482485
476449
476603
476128
475859
480090
475517
474885
475966
474904
491754
509647
476853
476433
474612
476217
475971
481932
475357
475147
475767
475732
481819
475692
475207
475853
475673
475715
482079
475994
474776
474894
474267
474701
483938
475448
474874
475804
475897
475830
476263
476539
474689
475695
475489
481632
476158
475689
475915
475757
474655
487359
475340
475780
474364
474504
475349
482876
475867
476206
476160
474075
482414
476035
476040
474771
475701
475336
476317
476159
475993
474519
474808
475120
476000
475658
475544
475812
474878
500520
474763
490341
475063
474245
475919
475807
476024
474486
475456
474725
480802
475762
475960
476160
476134
475136
482038
476368
475633
476068
475854
475354
487564
476552
476968
491237
475297
489673
476947
474507
475749
474431
476549
482242
474391
474956
476423
474506
476524
487002
475948
475709
475990
476010
477697
475816
476002
475237
481888
475493
482261
474670
474579
475993
475851
475598
505432
475077
475870
475629
475655
476814
476598
474291
475624
475712
474176
482257
476146
475672
476362
474435
490597
487930
474551
474769
476084
475794
476417
476184
476314
493559
476302
475249
511303
487903
501886
475899
475822
475294
483328
476301
474821
476109
476154
485829
476971
475332
476421
483648
488682
495947
476246
476421
474931
476103
494221
476163
475272
475220
476634
475287
493470
475809
474901
475243
476960
476309
500325
492114
476917
474762
475537
477604
476607
475297
477413
485450
475282
482581
475458
476322
476573
474876
475376
482618
476239
477251
476315
476159
495681
476520
476010
483661
476478
476195
482069
475268
476537
475766
475751
475395
482422
475617
476571
476792
490944
479260
475304
476624
476335
476469
476694
481949
475505
475448
482992
476493
476202
494464
475327
496605
476742
474661
481096
477804
476593
476393
475372
475330
498760
476871
476245
475912
475685
475637
482915
477433
475468
476933
492805
494914
475124
476260
476394
475801
474807
500822
476887
475022
474673
476788
481812
475665
485209
474939
475271
487298
512246
521936
530441
531916
532060
537809
532550
532738
531610
532124
533223
531630
532629
532195
530539
543212
488285
488339
488240
488965
488818
510312
488425
488337
488764
487476
487383
497129
479541
479362
479806
479121
493786
479321
479622
479242
479015
479747
479380
479939
479071
479727
477353
497354
479130
479387
479161
478874
479469
488280
488587
479157
479021
478354
478976
479353
479092
479255
479368
479125
485652
478988
484717
479867
489881
486786
481248
481427
481678
480625
479813
498724
481868
488164
482508
480471
482042
481150
480780
481841
481037
481942
491790
480889
481586
481075
481446
482265
488178
480496
481669
481806
481558
489887
480559
481770
481001
496694
485769
511926
481460
480351
480567
482303
481639
482058
481167
494526
481361
481775
487948
482291
480064
480813
480910
480429
482811
481241
482037
481877
497448
487351
481680
480512
480292
481391
481126
505070
481933
481196
480600
481459
481283
482569
480357
480678
480263
480609
488146
480332
482749
480430
481373
520699
526846
526150
524909
524485
537322
524936
515502
482053
481793
481792
505361
481976
482606
480610
480773
481207
539211
481311
480867
481880
480862
512909
488653
481148
481966
480943
490419
481124
480269
479918
482192
480521
488432
481193
479823
481960
481665
497236
489323
480404
480015
480016
481519
497456
482170
495959
481925
480161
480235
480981
481534
481981
480627
481921
481153
480388
481822
482394
482242
482115
488565
480764
481258
480425
482296
501435
482800
481811
498033
482192
480847
494753
481691
480728
481533
482044
486426
480803
480300
480329
480267
480171
487231
480885
480583
480513
480653
480135
507031
480716
480469
487926
480596
494024
481198
480856
481639
480377
480411
487567
480830
480787
480588
480495
482101
480639
480884
481018
482539
480858
488411
480847
482467
480613
485157
481392
481420
481490
482170
480528
480586
511557
481199
480661
480779
480235
486692
480813
480860
480528
480369
480495
486052
480027
480214
498620
480659
496439
516109
496581
481351
480296
480131
496437
480547
480456
481632
480072
480461
503119
481028
482036
480433
480297
484563
481380
480709
480539
480477
480318
489183
496694
481274
481724
480520
486447
481171
480734
480339
480139
480785
493888
480333
480832
480995
480667
487292
485201
480593
482120
480733
480237
487451
481152
498392
481544
487625
540948
481301
480502
481130
480073
480012
486455
480874
480757
480637
481046
480829
482402
480844
480762
481311
480909
486640
481033
481108
493808
480978
480833
488597
481219
480292
480053
480912
485768
480817
481584
481172
480317
480050
494195
480537
480608
480325
480849
486487
480896
480915
481174
489302
481155
498693
480668
482080
480430
480797
481045
481463
480880
480637
480006
480605
480709
481112
480664
481975
480833
480487
488244
480727
481106
480612
480936
500212
481058
480547
481091
480723
480040
505335
481155
481112
480846
480541
485572
480851
480763
481758
480418
480924
492749
480743
481156
481405
480925
480078
514897
480347
481074
480670
487068
513935
511710
494172
531988
526751
533963
532198
526634
526259
524352
533174
525169
524214
526017
525880
531159
480875
490529
481841
480892
480412
493978
481090
482309
481007
481041
480798
481048
480966
480572
481300
480578
497408
481685
480697
480510
481290
480628
512388
481357
496961
481371
481615
481412
481231
480967
480717
480990
480585
488536
480695
480549
480489
480601
499717
481070
480729
480653
480945
480968
505723
480801
482349
496465
492285
481748
474216
479905
488945
489991
489998
501972
488493
489752
490489
488251
494977
489746
488303
489409
487844
490034
496608
488625
489639
488462
505745
509229
489473
490564
488948
487936
488502
496651
488600
487851
489269
489513
489063
490068
488288
488143
489486
489184
500483
489681
489174
490058
489860
510827
489760
489923
489607
489316
489251
503573
490656
488580
484994
476970
487539
477689
476462
476496
477951
476867
484742
476082
476018
477895
478268
478970
492698
478754
480849
481093
478476
500337
502197
500626
477505
478609
483229
484004
476937
477740
477942
476830
493923
477985
476740
476738
476572
477474
507224
485165
476312
477396
477029
490650
476315
478413
476236
476434
477116
485191
478747
477577
477358
478225
476324
506607
478254
478790
477514
476443
481358
476230
478789
492761
476794
478478
482918
478340
477456
479086
477268
478541
477547
475756
475375
476017
478670
476369
476902
476109
477094
476022
475742
501419
476595
477157
482266
477254
479770
477615
476821
476732
477788
476418
482252
477865
477350
476085
477327
475582
484378
477817
475493
476610
475305
488354
476005
477224
477918
477586
493275
492964
476832
477323
477462
501021
475839
499028
478077
475839
476600
476000
499495
476545
476412
476938
476606
475801
498173
476718
477052
475499
494000
487283
486143
477817
476005
476129
477756
481884
478960
477921
476583
478406
477176
483924
477219
476673
479814
493876
481803
478086
476171
481175
476839
477649
487789
493037
482512
484063
476086
483340
490678
493480
476117
475611
492123
508499
498998
477077
475722
476051
477140
504621
482746
482998
475109
475204
478889
474892
487992
475940
475463
475712
493437
476791
474601
476345
475852
475338
490188
478944
476543
475549
475654
481610
477112
476784
477542
476927
478048
503529
478033
475128
487367
475913
475915
475413
474924
474376
475318
475976
475576
476604
474586
476243
477684
477801
483246
476220
476359
477192
477133
478208
505418
477501
475844
482406
476849
477219
477830
477984
478179
478030
477399
482972
477316
477423
477363
476333
477548
478343
477552
476953
476008
476605
476178
477448
476442
475879
477711
491945
500845
476894
477650
477241
475882
485746
477679
475551
476808
492919
476724
495409
475443
476858
476404
474893
476781
482249
476815
476215
475945
475108
482811
476186
475910
475423
475830
476993
488323
476825
474495
476102
476121
475683
482516
476156
475433
474318
475691
477124
475245
474033
475777
476405
475301
480637
488762
476329
476942
475598
476322
482843
475363
475128
477418
476859
510842
476862
474891
474991
475467
500928
497792
478412
474943
476453
477115
508267
489110
518848
512897
491562
475927
495588
475346
476868
475593
478095
477013
500466
477987
476537
476030
476237
490509
476609
477471
477359
477576
476226
504836
476618
476773
491944
475811
476583
482067
476476
475304
476488
475960
475120
474465
474454
476513
476924
476217
488455
476164
475164
476141
476434
475712
500096
474926
475533
475811
481506
481469
475105
475038
475455
475897
475213
488163
475570
475143
473903
474730
475441
483489
476033
475430
474267
475432
480410
475539
475615
475975
474803
482833
500313
474318
475668
476220
474704
476076
481132
474216
474899
475117
475925
476037
473820
474358
475561
474706
474412
486438
475038
475718
475862
475341
475393
514864
474760
474345
473912
473734
481508
476617
476018
475361
475912
475552
487633
474473
475002
475543
476445
475707
481180
476033
474988
475670
476109
476930
475706
485280
475539
476381
476291
485381
475956
475890
475127
476278
475764
501197
474185
475442
492238
474866
475816
512488
505100
495202
475199
475839
503233
475095
492661
475152
474790
475756
483977
476359
476176
475163
475785
482772
475942
475470
475828
476222
474324
506407
475079
474729
476227
475077
476922
482908
475985
475908
486878
473461
557108
544428
504730
476083
473856
476115
475128
475059
474305
475611
478997
481383
475705
474719
475030
475474
475439
501367
476001
475946
564657
490648
476608
476973
475616
475751
475643
475779
481986
475786
561189
475140
475651
474678
475396
477599
476347
475812
476461
476776
476178
475861
475666
476042
483769
521229
477243
476668
474462
476248
480170
475149
480022
474759
474908
476067
487388
476636
476077
475106
475437
476362
482456
475079
475569
476049
476228
477267
491360
476215
475982
474627
476101
497485
476325
476034
477373
476500
474777
482983
476368
474197
475364
476309
475274
476811
474825
476536
476117
474965
495799
478867
476924
475516
474813
475686
482019
476291
474720
475133
475709
484888
475630
476143
475915
476505
475759
486875
494179
476006
475870
475087
476292
481987
474971
484201
506329
508753
494708
474762
474250
475185
474800
474618
504567
476097
476206
474514
474728
475474
486100
476366
475654
476718
475937
479460
476885
476321
477016
481610
475179
489022
475750
476008
475362
475976
476146
474919
475832
474973
475763
475428
475180
476415
475007
475858
475531
475879
506205
475169
476513
476072
477577
481650
477056
476253
474621
476148
475873
476167
475859
476117
475848
475787
475646
487746
476599
476216
475602
476888
475226
476843
474134
475599
474993
476393
499595
476271
474387
476672
476684
475333
487029
476522
475870
475025
475924
476214
474995
474924
476618
476397
475190
476136
474692
476441
474933
476085
475189
488956
481689
476435
476257
476140
475973
491511
474284
474385
474879
475885
475070
475978
475655
476090
474666
474740
488138
476196
476315
474892
476133
476151
476720
485855
476517
475456
474680
476889
476180
476178
474665
476096
474605
506071
477023
475756
474832
474708
475817
475661
475014
474368
475006
487000
474838
475845
486435
495043
502058
476378
504757
533071
475413
474571
476571
480776
476576
476355
475879
475624
475016
497308
475075
476070
476334
475904
476072
485350
475408
476573
483472
476196
475072
475584
475400
486231
475724
475783
482347
475150
475817
475110
476225
475729
477950
476143
475136
476285
475820
480514
476251
474886
475510
474301
491067
578967
476999
474840
475733
475602
487822
474793
473896
475184
475796
475287
481747
475440
475780
474306
484415
474623
482362
474794
476164
476168
474575
499406
474740
475317
475832
475548
505113
497115
474747
474858
476168
475982
475960
490066
474407
476620
476247
475857
499402
476509
475540
475721
475954
475686
498801
492249
474583
476508
475641
475941
484353
474361
475879
475724
475314
476759
476046
475628
475575
475800
474104
481596
475893
475817
475795
474451
475733
476467
482770
477117
475682
475766
476175
476173
475825
476332
474745
475507
503489
528750
618767
608770
476968
482690
474871
476573
475725
476466
475152
476983
484570
482919
476718
476261
506762
508984
519979
520083
518451
526162
519439
519444
520051
518493
520783
520787
520052
520508
519037
519464
499678
476529
475615
475751
480197
476665
475481
475248
476816
474918
476357
489106
475577
476228
475024
475715
476194
484487
476150
476884
475156
476597
481487
477084
476507
476210
476348
484809
488999
475655
476742
476522
475836
476561
481633
476404
476772
475562
475102
481293
476587
476751
475253
475043
476388
502813
475568
475607
474916
475334
492246
500426
476424
476102
475137
476143
480403
474643
476765
474860
486729
476441
488150
476134
476702
474642
476729
475317
476902
476339
474550
476555
476236
480501
482458
476712
475858
476183
476196
505455
477196
474804
474586
476585
476087
475828
474787
475536
474647
475681
474928
476204
474921
475200
475068
475044
516205
477120
491714
476012
476563
481057
475488
474855
476688
475772
476159
479146
476159
475995
475891
474651
474771
488261
474937
476442
476669
476441
480901
474826
475779
476124
485266
475691
500123
485053
512731
474904
474844
476721
505004
475306
474745
474831
474941
482414
475439
475414
476565
475106
475146
500166
475480
476218
475316
488174
477074
499833
475465
474864
476201
475875
481810
475620
476034
474812
474686
474603
482838
476113
474477
474963
474553
474885
505180
476434
476071
474773
475399
496641
476573
476089
474961
475996
474537
481943
474967
474686
476279
476203
474910
487101
475090
476157
474769
475148
481981
475476
476759
476041
476692
475501
507083
475131
476135
475696
476529
476539
475640
474959
475173
476462
474519
476172
474687
476666
475587
476518
476826
481437
475448
475399
476939
476840
476035
475859
492371
476368
476049
476562
481969
475586
474592
475561
475260
475027
482058
475655
476853
474922
476056
474579
475795
476802
476428
474312
474561
475337
475055
476292
484516
474881
480574
483131
476581
476020
475958
474990
476576
486564
475236
476407
475032
476417
477384
476635
476231
474753
474418
475419
481538
476503
474773
478325
476571
476275
475543
474965
477995
475381
474514
515556
502566
476227
474892
473913
475381
499835
476359
474946
475881
475701
480196
475004
474605
474255
476116
492048
494702
475049
476280
475575
475576
474644
482049
475956
475913
475497
476182
486071
475033
475866
476014
476100
474858
493140
475026
475044
474988
476431
483209
481773
476205
475347
475697
475568
486548
475392
475020
475801
476601
475433
481139
475031
476204
476281
475550
476141
482069
474699
476032
476284
477112
493122
490938
477418
475474
474972
474976
481416
474793
476300
476261
474521
475827
481818
475346
475179
475662
474527
476982
474939
475298
474783
475882
476389
482591
474484
483918
475061
474816
475802
499653
476552
476716
474460
476089
486663
475830
475205
475055
475399
474920
481544
475942
476230
476415
476561
476470
489565
476680
482827
475961
475777
487067
476561
476309
475183
476364
476503
500213
476254
476332
475679
474412
474920
476886
475823
476115
476205
474616
487097
476690
475073
476017
491889
475913
482763
474768
476044
475726
473815
474501
485050
475880
475911
481848
503086
511957
476254
474809
475990
475411
475869
499345
476336
474796
476044
480344
484448
475012
475832
476445
476156
475738
504669
475907
474528
476262
474708
475935
482060
476747
476476
474812
475982
486778
475715
476268
475824
475708
493264
503463
476507
476112
474934
476106
476172
476935
474870
476733
474647
474525
481475
476815
475738
474506
474789
475159
488034
476330
475946
475645
476032
474749
498991
475769
476658
474417
476477
477163
476098
475345
476218
476063
475609
488452
474366
477070
475262
476569
476544
475302
475878
476081
476164
476644
475749
476717
487874
475471
474799
474534
505907
475494
476261
476316
476546
475062
476926
476216
475854
474755
475309
476412
476546
475441
474697
476123
475771
488694
475549
485143
492188
476332
475915
476520
474404
475215
476006
476002
479829
476411
476180
475667
475193
476353
488316
476668
476389
475043
476075
476531
475320
474865
476174
487784
476884
476317
476171
475756
475691
475857
475006
487892
476520
476699
475343
493291
478132
511844
484615
475123
476383
476491
493311
476845
474880
476645
476056
492299
501235
476986
474946
474820
476189
485885
476485
474562
476656
475685
476135
498265
474932
474638
476071
474800
476019
489753
476427
475886
474027
475660
484895
474963
475261
476390
475972
475768
482599
476114
476123
474795
474627
476270
476275
475983
476388
475859
476004
476070
474837
476586
475278
474643
475879
501231
491896
474916
474765
476394
482131
487730
476394
475010
474902
475336
479570
476307
474566
476065
475097
474490
499185
492806
495155
475901
475778
484591
477472
484408
475373
474651
476081
493694
476714
475046
475906
474821
474279
482547
475617
476107
474324
475465
486749
476803
475887
475640
475059
475404
482588
476494
473827
488026
475943
475736
481940
475884
476034
475855
475768
487265
475290
475707
475443
476783
476236
481518
476261
475824
474165
474413
474367
481730
475150
475365
475797
491101
487208
475572
475108
474843
475331
475449
482121
474578
475887
476433
474766
474147
500060
482721
476110
475990
496301
500357
498112
476563
476709
475966
485498
498784
476374
474376
476366
475702
478670
476862
476062
474495
475363
475191
494902
475433
476118
474894
476134
476419
501981
476428
475509
476381
476194
476182
491323
476768
475673
475798
475062
487838
476146
476913
474820
476166
475143
480960
474975
474859
476338
474755
480781
476216
475001
474614
476185
476202
499781
481228
476340
475528
475666
475642
481710
476668
475825
476054
475858
489927
476918
476401
476385
476105
474801
487318
475558
475569
474824
475588
475563
481984
475484
490265
476582
474875
481325
474996
474295
476200
475623
475838
486909
476725
476759
476325
474976
475978
481738
475690
475048
474483
474563
476303
476103
475199
474519
485783
475967
487501
475274
475671
476122
474549
474353
500135
476285
474245
475815
475944
480617
475377
475242
476300
475511
476037
487804
475178
474658
475037
480798
474906
481379
476868
475344
474650
474662
476249
476366
475882
475924
476183
476235
500559
475390
474598
474403
474099
482789
481372
484636
507450
491548
474896
493643
474371
475449
474614
475515
474575
504308
476828
475366
474866
474776
485615
478944
476076
475366
474466
474610
487375
476410
474781
476119
474035
476435
495529
475425
474546
474775
475906
476098
475071
474493
474300
476065
475185
481510
476414
476363
474404
475822
474233
488335
475917
474892
475652
476243
481313
484375
490943
474825
474851
476143
481730
474935
474568
474573
474893
474926
488069
474961
475011
475837
474415
475429
475354
476083
474200
474808
476298
475407
475012
475728
491093
476462
474471
506821
474809
475543
473965
474636
474742
475063
475044
474661
474015
475695
474422
474471
474486
474195
474490
475369
488510
474494
476053
479342
474754
479293
474993
475599
474661
474810
474450
479458
475642
475406
475379
475525
475204
488030
475306
475264
476629
476323
476424
489811
474205
474749
475658
490461
480732
474290
476329
474628
476195
474741
487097
474742
475796
476078
474488
484979
482030
475267
474956
474365
474567
485440
476365
475457
487644
475032
496554
526074
475372
475343
475380
475495
488129
475817
474859
474634
474943
475465
496109
474710
474965
474875
474643
476129
505655
475469
474916
476473
474791
480794
487387
474949
474708
475690
475017
482657
474891
476539
475656
475126
474669
476027
476233
474810
474612
475662
476511
474947
474254
475060
476073
475196
500586
475522
489770
474613
474666
476563
475397
473882
475362
474446
476147
480094
474549
475806
474515
474579
474321
482094
474899
475618
474891
474672
475337
487201
474617
479457
476858
474363
485296
475244
475152
475919
474919
474880
481200
475257
475109
475077
475092
475166
487230
474963
475416
476333
474590
495384
476248
475070
476669
490386
475502
482139
474859
474620
475252
475148
474990
488010
474886
474132
474436
474889
474517
475998
475538
474724
474801
475649
482677
474502
474053
474271
474196
491245
475851
474330
474904
475402
474426
474790
474514
474490
475914
475922
475189
500699
475192
475032
476204
475424
474683
485327
475648
475680
474559
474746
485865
491954
474855
474629
496047
506133
507643
475846
474865
474883
475835
490688
476129
475740
474827
474149
475981
488310
474981
476115
475782
474421
474264
497676
492265
475553
474415
475479
487048
475101
476059
474366
474463
476202
479612
474406
473620
474664
473976
474830
482038
474582
476264
474799
476136
478026
478414
483243
474520
474875
473926
479790
474069
474442
474936
474919
474847
481717
474334
474287
474356
475116
476112
474690
474588
474856
474572
474207
480893
474762
475490
481337
474246
475136
501018
475732
476058
474452
474449
475198
475112
474860
474581
474849
476196
479848
474393
474348
474382
474794
474944
482161
474334
476076
476076
491563
478732
475062
474092
475772
474614
474618
494877
474982
475128
475127
475775
475909
481886
475491
474773
476654
475395
487040
474474
475139
476195
474450
483497
480806
474828
475731
474718
474462
474955
482264
475047
475175
474770
474971
491108
479489
474590
474676
474320
474884
491967
475607
476163
475114
474754
475906
498119
475455
475959
496261
492273
475951
475366
493461
496398
484376
474772
498028
475048
476306
475674
476488
474253
489950
475141
475555
474647
474301
479143
482877
475333
474620
474709
475047
497723
474555
474848
474505
474859
474565
474968
474403
474605
474358
475301
475063
474626
475445
474014
475625
475454
498078
474673
484775
476112
474877
474697
485180
475965
474912
475723
475217
495385
475658
474495
474646
474820
475801
496755
475055
474966
475028
474693
485475
475696
474154
474496
490919
474521
497826
475278
475573
475944
474568
475808
482785
474681
474753
474724
474550
477130
475014
474698
474780
474616
474509
486056
474926
474617
474661
485923
474884
482350
475302
473613
475898
474647
481799
478814
476520
474736
474905
474802
487717
475054
475702
474839
475103
475068
482385
474976
475084
474294
474194
496766
474650
474734
476331
474829
475250
487056
475221
474138
475770
474619
475589
499730
475224
474737
474863
474184
474811
475050
475401
475006
474682
475138
485989
486260
474549
475261
474525
475800
481438
475177
485929
473992
474346
505780
501762
499936
491292
474659
474731
507468
476025
474609
475666
474620
474836
483669
490083
476268
474390
475977
482032
475031
475735
474184
476045
475970
487883
475167
474649
475225
475358
476027
481688
476087
474692
474352
474370
496505
476646
475305
485572
475750
474930
488831
475440
474601
475710
476256
476368
486408
476905
474337
475059
475752
481326
474713
474553
474872
474437
474269
487373
475033
474923
483663
476368
480928
477506
474592
474906
475984
475908
482487
474270
475743
474356
475825
476195
487687
476106
476207
474897
474926
482396
518827
518377
518829
518046
518457
525866
516672
475480
476427
474989
493787
475159
476559
475421
476123
474509
482609
474351
475864
475122
475540
475854
476277
476486
475614
475717
475838
502912
474840
475168
476087
475964
475662
482718
474406
476017
474791
475846
479723
480722
476006
474663
476367
474350
497069
474774
474066
475811
476121
474956
484061
475257
474017
474342
474360
481405
476444
474704
476337
475935
474516
487481
475339
476541
476342
479026
476123
496538
513318
489218
475589
476166
484900
476975
490556
476661
474369
475493
503529
476282
474354
476005
474628
474734
485115
476222
475989
475598
474630
489237
476539
476521
474936
476157
474463
506242
475891
475749
482027
475183
476307
476046
474650
474613
474605
474635
476056
476070
475017
474842
475578
476428
489076
475306
475936
476191
474123
475722
476663
476540
474252
482013
474426
480355
475831
474663
475980
475787
474718
487088
474586
476071
476410
474577
498834
475709
474465
475222
476472
475815
475885
474316
476163
475809
475956
491440
488717
475243
476743
476255
474913
480943
483482
476954
474843
475896
475858
479795
484964
475759
475388
474900
475441
487375
475791
475893
475683
474940
476801
476586
476006
475759
475786
475812
480657
476027
474847
475786
475098
475997
506451
476001
475879
475543
480787
475098
474110
474430
474207
475484
475647
480270
484291
474863
476365
475849
474219
487421
475922
476685
475903
475110
480611
483679
475639
485059
474775
475920
492601
475178
502655
497613
498461
491111
481852
481476
476785
476168
473953
477972
474676
476551
475520
474069
475645
496631
476320
475475
475915
474612
475020
480592
474064
474821
474958
474162
490732
475864
475692
487383
475568
475875
481022
474640
475422
473845
474186
475460
475123
475988
473988
475131
476391
480475
475791
475806
475847
474139
475708
480551
474199
474930
475904
491642
478851
479065
474620
476331
476143
475896
482205
474897
476010
476007
474747
475123
482592
474897
475922
475953
474645
479522
477131
475712
474626
476375
479327
480031
476468
474661
475509
474275
474947
499770
474604
475698
475073
475982
488338
475173
474459
475016
475670
474262
480041
474005
475943
474317
475933
475935
496289
474562
474562
474569
476345
489726
474446
474920
475654
475816
475144
490674
474937
476443
474421
474071
476062
499842
475062
474755
475949
475882
486962
475330
487861
475680
474740
476556
481098
474797
474329
475494
475897
475846
482229
474778
475041
474844
475290
478041
495019
475551
476288
475447
516711
521330
476073
485218
476157
476344
474805
483106
475114
474846
476277
475723
483558
475310
474652
474968
474475
476320
497415
475380
475522
476078
474618
475708
482667
476177
475769
490982
474609
487857
475220
476066
474438
475696
474850
482323
474828
475348
474983
476590
475823
475224
474952
474725
474492
474319
476185
474057
474241
474354
486115
474436
497467
474577
474935
475140
475432
476980
475125
474408
475527
475907
474133
475879
474241
475032
474505
476300
474470
480977
475191
480962
476206
476274
490712
476232
474628
474637
474942
474265
483310
475635
474595
475966
474345
474502
481917
475645
474293
474774
474679
481731
474431
474407
474382
474914
474041
477018
485035
475283
475170
475053
474481
481100
475143
476187
475886
473964
475359
482878
475727
475991
475911
475868
486733
475487
475754
475222
474664
474632
480806
479902
476319
476256
475879
477091
475882
475663
475101
476301
476482
487537
476839
476094
476296
476153
475194
500350
474714
474138
474493
492593
481755
478677
502649
508435
476207
474606
504236
476152
475868
475656
474046
475580
496533
474888
476078
474549
474435
484456
476255
475948
474896
475368
474455
507844
476288
475916
487595
475982
475172
475419
483210
478553
474656
474511
480372
476327
475957
474538
474404
474224
504403
475413
475797
475156
474558
474262
482473
477025
475001
474325
489973
481445
474674
474855
475222
475466
474867
487788
474355
474857
474073
506759
479890
474505
475947
473954
474786
474459
474419
476379
475444
475448
474138
474564
494902
474909
474908
474499
473864
474696
482760
474681
474975
474709
474322
475791
474709
474648
475692
474262
475076
488207
475035
475783
474181
473997
474638
478514
474816
474760
474265
474136
475461
473887
475470
474564
474105
473939
504660
475474
474622
475960
474355
474259
484835
475380
474156
474379
473883
474455
474441
491005
474527
475406
475764
487772
474723
474203
474787
474756
475120
475222
475138
473875
474286
475518
490881
475823
474636
474180
474263
474862
487278
474186
491786
481236
474805
474881
474709
514465
501464
474818
474709
489661
474702
474299
475805
474311
474554
503948
475250
474647
474431
474272
477784
474461
474048
474149
489084
473799
490707
474954
475485
474107
474086
473953
488636
497090
475823
474345
474472
483397
474254
474867
473680
475435
494146
481024
474040
475605
475779
475339
489717
504453
474630
475563
474318
473961
484295
474351
473825
474561
474427
474041
479977
474411
474117
473926
474330
473819
488920
475351
475447
474140
474445
491858
474752
474692
476027
473481
474854
489270
474507
473806
474608
475049
473963
488075
479429
474175
474032
475450
474932
474910
475721
476328
474377
474896
479978
489600
474274
473663
473900
475820
488954
474301
474482
474148
475754
484033
482317
473908
475552
474414
475537
479520
475075
474694
474471
474843
475580
487044
474956
491451
474096
474154
480213
474907
474979
474168
474139
475612
476160
474156
474114
474748
474149
476189
505978
475003
473905
473538
473777
473764
474796
473738
481572
474615
473865
491288
475184
509429
483299
473634
474770
504929
475335
474673
474265
474219
485612
474006
474092
474338
474393
475129
487906
474474
474093
475426
490015
474282
504000
474950
475408
474731
474330
474727
473510
475744
478284
526041
487898
482687
474174
475957
474409
474386
520399
476072
473827
475198
474386
477929
480241
473970
474703
475269
475064
475546
481903
474363
474057
473854
475647
475083
475643
474491
474581
474183
475757
474681
475829
474324
474359
474240
473786
489109
474414
476217
474412
475455
476191
488328
475592
475450
475284
474295
474650
476074
473311
473633
475250
474027
481932
474909
474039
474767
475560
474254
486755
490234
475249
474408
474410
481161
474213
474339
474982
474546
475408
496548
474774
473687
474007
474347
475279
504493
474917
474223
476580
474794
480103
474213
478074
476227
474208
474050
479644
474223
475854
473699
473975
474038
487771
474435
474383
474510
475418
484258
474763
476463
474028
473762
475197
481192
473723
474809
480927
474379
474661
486784
475098
475612
487063
480302
510247
478451
474166
475277
475129
474544
497094
474620
475957
475435
474585
475241
488611
474991
474583
474531
489147
478512
474100
473563
474826
474323
473972
481473
473598
474158
475341
474387
474695
475059
473817
475453
475098
473788
530216
572487
494165
484949
473546
492107
482463
474252
474504
475647
479013
476540
475794
475299
474129
475408
475792
481533
474117
474775
556819
475441
482793
474793
473506
474255
475125
473344
491343
479935
560929
474429
473843
475026
499796
474839
474459
475350
475736
480289
475881
473850
474444
476069
475045
488548
474563
474377
475289
474249
474016
481778
485987
478401
473716
475900
477091
474458
475428
475243
475374
474580
499615
475952
474717
474613
473803
475867
481952
475970
474334
475040
474298
481912
474604
474505
491587
476339
473962
488103
476516
474628
475155
474427
474613
481081
475025
475734
474414
474533
482749
476041
475851
474026
473842
474124
486583
474607
475379
479316
474150
474742
482587
474900
474824
475651
475263
479080
487773
476105
475166
474786
474252
486914
475942
474709
474325
491652
499523
525083
487640
475988
475553
491002
483369
474463
475672
475433
475536
475452
503825
474900
474004
474827
473848
475667
484049
474461
476175
474376
474267
475634
474734
474677
474024
474281
474030
510736
475075
475560
475847
474836
474068
474767
475371
474627
475259
475641
474759
476087
474246
474688
474676
474758
487958
474583
475548
475578
475435
476155
478553
474991
474048
475744
475092
490499
474286
474502
475797
474357
474210
487578
474539
474625
475016
475498
474095
475612
475718
475978
474488
474449
480427
474795
491127
475899
475858
474363
487532
475313
474077
475751
475053
475226
499518
476217
474505
474636
476433
489416
476530
474139
475278
474966
520741
489312
474056
480937
494099
476556
475211
474393
474737
474534
475667
475889
474548
475918
475300
475751
474589
475632
507532
475384
474086
475329
474700
486332
475952
474484
475277
484834
476308
480211
475093
474271
475093
476261
474807
487173
475073
476317
475994
492182
482492
500509
512587
476181
474763
475785
492094
476361
475656
475582
475738
483225
504821
474956
481635
478589
475066
487925
475854
474237
474340
474224
475723
498311
476076
476053
474373
476253
474270
487747
474269
475762
474867
474532
490457
474841
474743
476049
474488
476199
481864
475973
475869
474175
475612
473281
476979
476126
474673
474601
474421
476144
476018
475784
474501
475969
474069
481738
491413
475867
476168
475516
475858
504409
474950
476143
474543
474275
475045
475689
475932
474843
474524
475869
482254
474775
475030
474645
474271
475949
486883
475782
476960
476034
475438
479232
474639
473738
474458
474231
475600
495911
476063
474570
474561
476306
474769
485455
474410
475381
476193
474289
474200
475033
476030
481377
475856
476433
482377
476150
474559
475128
474578
474714
488708
475303
474806
474859
475288
480002
476620
474421
475529
475170
484041
504488
475187
475446
474662
491548
474089
486856
475209
476361
474207
475536
476635
475010
475595
476002
473886
475319
497183
476353
491286
475374
508814
496507
492507
475731
474039
473979
480429
490261
474747
475401
474029
474172
475215
498631
474928
489070
474338
474561
493385
476674
475130
474655
474304
474650
481967
474816
474232
476296
474742
475482
501413
474915
475903
474272
474254
488433
475165
474478
475923
474566
473966
480117
474920
475512
474100
474504
475650
520047
476054
474358
475535
476024
476347
476868
478340
475778
476148
474183
490191
475746
473921
474497
474347
475309
481705
475749
474696
476129
475449
474932
474909
475616
474900
475249
475218
479534
474664
480321
474321
473658
473581
481683
475647
475367
474429
475650
492642
479382
475139
474855
473773
473811
491693
474481
475538
474149
474644
474037
481686
474375
475410
491579
474847
475485
474106
473966
474015
474053
475259
481492
474858
475148
474775
474460
473341
500273
474161
474356
473331
475246
477346
476806
475973
474813
474887
482563
481330
475047
474883
475220
474769
474604
482766
474675
475161
474423
474785
475120
494427
475014
474591
474402
473772
504906
494977
503031
477021
474958
491194
496173
476175
475580
474183
475430
483610
474493
475722
474006
474093
474719
497172
474087
474525
475984
474555
475224
487327
474887
474351
474892
474156
500311
483502
474746
474663
475191
474209
480742
474215
475240
475355
474039
475412
476057
474379
474628
473572
473700
474544
474867
474186
476231
475565
475537
480623
483275
475026
474084
475142
473801
499222
475542
474121
476359
475984
474959
475547
475167
475346
475874
475377
482227
476496
474132
475025
474553
475552
482476
474836
491482
474634
476481
488137
474915
473983
474097
475027
475269
496258
476040
474293
475532
475884
474719
480744
474519
474622
473683
473472
475388
474789
474303
474417
489936
474587
482202
475422
475704
474814
474435
475694
481402
474907
474786
474333
474908
478857
474860
474924
474264
476071
474632
481914
473819
474682
474689
485482
475005
482148
474461
475953
475754
474119
488046
476937
475675
474782
474104
474915
480316
474621
475580
475101
475278
475085
500719
476168
475804
488232
475851
493708
476507
475979
512036
480055
481391
511749
492662
475989
476307
474230
483468
479956
476059
474304
475996
474926
491901
474779
473580
474787
474854
473957
506576
476041
475332
475283
474278
479637
476212
474571
475202
475342
474427
488551
475895
475132
474929
475194
476002
491294
475132
475827
474035
475347
475179
473604
490782
475631
475749
473975
494467
475894
475407
475916
475078
474309
482087
475855
475889
474866
476260
476951
474478
474395
475110
474589
473744
475216
475475
475286
490174
474306
475209
480099
474708
473368
474689
473934
474590
484971
475798
474261
474239
474219
484341
474995
473697
475130
474315
475005
481079
474701
475147
482556
475707
474876
474872
475108
474134
474383
473544
476462
474637
474828
475484
475524
475868
501544
475850
475394
474956
474795
489899
475417
474990
475224
474736
484900
475273
476082
476072
475555
476216
474689
481356
474348
474647
476039
475194
475412
474773
474507
475352
474129
473764
495079
474993
474964
474162
475025
474709
497627
482332
474761
500682
488249
486184
477206
475221
473790
475054
475490
494111
475569
475130
474372
474669
473869
497687
474171
474026
473748
474748
481442
486228
476219
474418
474699
475750
486189
475011
476236
475332
474336
474084
481726
474491
474327
475083
474588
480745
475822
474024
491313
473903
474250
486882
475433
491595
474289
476095
474244
499816
475597
475447
474117
474755
476067
474795
473964
475399
475045
473987
485043
474083
474345
474219
473877
476638
480419
476185
474376
487034
475536
479990
474378
474690
474432
474066
474468
482395
475567
476072
475044
475574
474762
481882
476557
476416
476148
475342
474829
476173
474527
474914
482615
474185
476595
474809
474947
475641
474737
475664
482417
475114
475696
475035
476439
474978
485983
476344
475831
475200
474327
474968
474881
474678
475893
474408
490396
481374
475950
476391
476146
474315
476005
475728
476441
476087
474651
475699
476428
476396
475947
475952
475307
475574
501020
474979
474154
474247
476609
474498
484221
474992
476199
486934
480956
495822
475936
483856
513418
478566
494296
492050
476563
475738
475290
474109
484095
474994
474180
474831
476001
474334
506119
491406
475055
475603
474289
474510
475949
473684
475043
475111
475851
475619
475411
474686
475619
474508
475695
487744
476268
474487
475867
474272
475537
479431
476014
492242
516337
477220
481055
475119
475794
474891
474423
475051
487541
474800
476307
474551
474869
476053
476470
476485
475932
474788
475648
474781
474575
475425
479069
475299
475910
488066
475078
475854
475822
474988
474701
486887
476420
474646
474885
474925
482746
476410
475974
474554
475449
475133
488309
476611
475816
475813
490254
476684
475417
474956
474383
475536
474881
475243
474789
475590
475908
474243
474450
506255
475393
476409
474554
475613
479641
476094
475930
474971
474879
477521
475297
476342
475745
475715
476033
475826
488322
476568
476093
474851
476375
475484
476011
474472
474679
473798
475480
483365
475964
475614
475642
476035
475738
496370
476520
475835
474583
474362
480942
476149
481771
488205
486349
510346
496655
476486
474537
474632
474824
474461
504327
475146
476011
475467
474784
494346
474753
482775
474694
475863
476093
497909
476128
474326
474756
476294
474353
476087
474430
474604
476034
474312
479681
474321
474809
475112
474427
474760
484197
474526
480573
474612
475222
473966
490347
475619
475903
475567
474287
474425
475407
475049
474763
474849
474360
481408
474920
476345
475217
474893
474436
477059
474951
476138
491159
476155
475539
474939
476278
475580
474432
475193
499932
475356
474947
475719
476174
475779
475673
475470
476396
473904
475892
481321
474586
475568
476043
477224
475082
482117
476031
475614
474059
474409
474560
477491
474790
475762
475666
474452
486624
475709
474177
475828
475471
474322
483094
476308
475358
475786
474684
480022
475409
475209
475902
475450
474825
474522
475749
474840
474655
473869
474501
481611
474348
475790
474354
475010
475629
506158
475532
474231
474725
474688
479414
491960
474610
474093
474655
474271
480847
474719
474940
474587
474284
485401
487187
511593
491106
475744
475805
482416
475717
474669
476101
474834
474869
501191
481550
476011
475335
474751
480237
476953
476306
476381
474355
474828
490179
474852
476122
475157
474542
476125
482840
475094
474917
474724
475377
487479
474716
476291
491526
474978
475856
492481
475037
476006
474119
474770
474070
481219
474865
475867
474854
475978
475668
474828
475760
474086
475360
473808
480081
474579
475216
475035
487123
474832
500071
475227
476395
475956
474372
493037
476447
475317
474313
475643
475875
490308
476253
475914
475961
474414
475138
482350
476001
475284
474532
481783
488743
475103
475858
474786
474569
475898
481528
474862
475892
474671
475845
476159
500130
475970
475171
475764
474594
475380
475411
474939
474900
474930
475311
496531
474820
475801
475716
475797
474845
481743
475297
475593
474315
476147
485576
476396
476005
474068
474497
474307
488417
474891
474598
476180
475527
475747
485817
479518
474865
475742
476048
487435
475411
474156
474843
474916
475954
480958
475860
475652
491392
474597
496193
517826
475180
476199
475226
474208
497180
475223
491355
475274
474287
475567
497743
475085
475537
474395
474455
475284
484801
476659
475260
474449
475959
483824
476422
475770
475073
474007
474817
482181
474668
474265
484388
475244
475859
484405
475977
473792
473988
473916
476714
475127
475581
474509
474562
474235
481680
475868
473914
475639
475735
474732
475156
475953
475637
483009
475872
475421
474704
474355
475718
475886
474349
499786
475153
474159
474526
473939
474957
476695
475868
475542
474347
475837
474469
475062
474117
475078
474474
490937
480919
475741
476423
474867
476101
475787
474929
475610
475069
474369
474249
500029
474918
474663
474411
474699
475820
481089
475070
474518
474597
475882
474144
485232
474769
475829
475461
474243
475397
476712
475800
476272
474208
474290
481944
474445
474050
474619
475750
474556
493434
475703
474440
474674
476121
486756
483620
476273
476306
474004
475804
482727
474973
474830
474386
474882
474458
474966
474345
475902
474744
474396
475622
492539
476124
476217
474525
475002
516202
475559
497274
474173
491406
485047
476442
475749
474528
475881
474479
492625
477274
475210
475864
476654
476395
498510
476797
476308
474367
474783
482098
475477
474417
482585
476046
475777
497107
476643
476090
475130
474697
475657
481737
474781
475523
475401
474010
475994
474625
474991
474294
473741
474578
485407
476107
476207
475487
487519
475121
482526
476374
474188
474314
475733
487163
475910
475868
475741
474390
475323
495800
475777
475901
474441
476017
476542
483249
475345
474792
495015
476470
496865
474778
475838
476063
475641
476178
488496
475045
476050
475507
475812
474865
499017
475969
475714
475731
474870
485924
476127
474395
474505
474661
475697
497119
475671
474773
476142
475155
475497
482234
476349
475823
474955
474577
480379
475093
475301
475976
475019
474293
497674
476521
474821
474699
475862
476003
482881
490872
475782
476138
486598
485162
475026
476310
476111
474434
474722
504109
476246
475904
475402
474174
475371
490194
474663
476143
476038
489115
480311
480703
515937
507516
476765
476147
529018
520793
520048
519775
518868
526235
518872
520168
518171
518417
516178
476325
476034
474945
475937
475957
503199
475260
474576
490122
476279
483874
476099
474574
474922
476267
474481
481637
476702
475524
474751
474678
474708
487964
476891
476466
475646
476217
480479
474590
476441
476087
479550
486072
482130
474799
474561
476278
475515
475343
506091
475255
474883
474799
475345
477349
474394
475163
476410
474794
476466
480642
475879
474296
475193
474701
483058
489016
474698
488558
474434
475823
475847
474398
476129
474925
475985
474779
491329
474985
475812
475652
476073
475608
487476
474882
476116
475091
475210
474901
491005
476155
474208
474318
476139
483346
474578
474713
474949
474552
474562
502934
474861
474898
474479
476176
484431
487489
476647
475975
474645
474631
481620
479083
476919
476037
475422
474366
486661
474706
475718
483973
476650
474470
475284
475222
475716
474918
474375
481470
476346
474762
475540
475184
475026
505570
484203
490546
475115
475761
474368
500668
508608
504037
492053
474446
497410
474946
474768
474216
475184
480760
519257
519612
519333
519385
518493
519606
513756
474706
489444
474887
494092
475150
476212
475476
474502
475519
503913
476608
476169
476002
475699
476480
476275
476253
474538
476721
476216
482124
474201
476028
476273
482461
475136
487453
475213
475240
476404
474216
487012
475550
475017
475644
475153
475439
499227
476097
477003
475960
476159
476177
487310
474887
476370
475702
474842
496566
475536
476052
474643
475103
476425
482826
475081
474811
474580
476123
475211
504927
475126
475894
475847
474982
475095
475693
476109
475070
474286
476398
482565
490769
475718
474791
474741
475968
486590
475090
474969
477036
474639
484751
475316
476492
474826
474232
474450
500510
474968
475223
474605
474726
475230
475459
483982
476202
475974
475974
474280
474585
475718
474451
474884
474805
480394
474976
474618
475832
474244
474350
486206
475076
476249
475230
476332
495102
475028
475320
490324
474856
479116
483064
475042
475842
517459
510341
508981
475841
475500
474422
474178
475095
490127
475537
475897
474450
475751
475305
498197
474845
475650
483813
475143
499764
476311
474195
474854
476042
474263
481662
474390
475396
476399
474310
474910
482553
476012
475095
475871
475018
475046
475696
475881
475899
474589
489783
481639
474891
474402
475990
475163
475309
500441
476419
474315
474596
474507
477626
476643
476261
474610
475055
475653
482132
476283
476231
476516
474930
474850
497868
475189
476469
476337
476031
477158
475181
474693
475426
474928
476261
494332
475149
476739
476761
476406
475920
481770
479933
474200
476150
474503
475852
482288
476635
476019
474677
475807
482825
474935
475699
476386
474706
475211
481325
475213
474946
474907
476548
487816
475463
517394
476127
475812
474241
481048
474240
490953
476259
474678
475212
474892
474731
476596
475304
474718
476548
475309
476735
475709
476302
474414
480919
476168
476235
474846
474821
474839
487354
475897
480820
476591
474781
476011
476665
476081
486358
476485
494423
507061
491312
476123
474921
475695
484328
474965
476049
476367
474722
474901
500659
476318
475698
476426
491260
477064
499385
475754
475778
475969
476029
476799
476128
476060
475094
476355
475030
488045
475340
474743
475036
474682
475471
481991
476345
475300
475050
481344
484111
475159
474928
475933
476368
476499
505771
476236
474600
476202
474714
476371
489422
474952
476395
475695
476554
475549
476203
474673
474189
475081
476020
495955
477041
475048
475074
476105
474779
475263
476228
475026
475708
475064
489245
475161
475265
475976
476202
497426
487328
476777
475821
473857
474222
475702
474450
491557
475308
474535
474645
475843
475916
475298
475164
474268
474858
487418
476500
475731
475402
475532
475653
488457
474579
476516
475412
475730
475907
475634
482963
474625
475314
475565
487117
475773
475912
476116
474155
474673
475754
473926
476001
475732
476231
480803
475555
475429
475409
474429
474697
504615
475414
476045
486529
474965
475159
474886
474142
476149
474446
475040
479123
493001
475804
473656
474028
475496
486217
498582
505284
499821
474432
476668
474875
475681
474330
473989
482697
489384
476048
474402
475949
475713
474288
504694
476057
476856
474369
475242
483309
474755
474198
475210
475481
474392
479732
474092
474009
474209
475562
478830
486948
476221
475599
474059
475992
482909
476347
475457
475295
475018
473636
480337
476422
475619
475560
475275
475638
488460
474851
475945
474330
474486
479762
491180
475848
474102
475779
475937
479895
475491
473959
475075
475410
475109
507269
475189
476023
475213
475670
476119
475017
475340
475885
474551
474694
481122
476416
481603
475395
474224
474491
488694
474641
475648
474826
474830
474812
475679
475771
476196
474814
475345
485217
475688
476189
474730
475909
474548
487404
476097
478974
475884
475677
480734
484607
475711
474779
475917
475968
487340
475085
476169
475685
474388
475434
504583
474901
476028
474833
475715
478981
475636
476035
475965
491275
475502
491048
475158
475237
475194
476670
499200
488421
476157
476084
476043
493812
485172
500714
487222
475833
476535
474536
497190
474412
474563
474269
483500
474611
484061
474897
475382
474061
474838
480575
475747
475494
475570
474445
474551
498174
474772
474902
474405
474365
474788
475442
475265
474585
475541
475417
491614
475721
474801
474691
474062
475949
499425
475318
474377
475822
474694
474192
483804
474728
475367
475141
474155
475363
474280
475427
474304
474433
474630
482634
479874
474775
474549
473940
475671
475841
474185
475183
475625
474515
480715
474875
475715
475270
475643
475476
481032
475958
476438
475725
476340
475815
475292
480084
475831
473870
475428
476334
474726
474158
474301
474453
475649
480341
474796
475210
475735
475824
475558
488645
475374
475057
474849
475225
475677
475222
474577
491451
475121
474932
480876
474668
473919
473492
483949
474313
475324
475009
474389
474365
475991
475609
474120
474073
473739
474940
473780
499755
474710
474378
475884
481920
475477
475460
475243
474119
474089
474594
480678
475661
475663
475714
475436
473920
480841
474231
492104
473858
496909
496010
496389
476085
476094
474313
487212
488085
475457
475948
475265
475719
475815
496110
476507
474173
476442
475573
478696
475622
474188
475108
474249
475599
480336
475416
474665
474161
475900
475289
496165
474281
473950
474232
476364
495044
476328
474722
475367
475193
475739
480187
475504
475406
474892
475661
475472
481786
474626
475851
473690
475656
475964
479143
475215
474381
475189
475154
481071
476038
476223
475436
474354
476368
500453
476130
474169
475339
475983
475068
474649
474617
475091
475267
474282
481399
474767
490842
474270
474057
475382
481644
475187
474554
473924
474247
473902
475111
474425
474272
474230
474562
480221
475343
475063
474815
475888
475871
481900
474828
475581
491293
475049
476170
475263
475541
474775
475289
475985
474296
476106
476220
474537
475559
473866
480949
475090
475543
476082
475241
473928
488114
476479
474357
478329
475019
474335
474137
475410
473909
475179
474190
482283
475326
474390
473893
473691
475364
475461
474568
474588
474172
473507
498134
474131
475393
491956
500664
499949
504640
475546
473908
473874
475246
492199
475326
474640
474033
474444
474686
486649
474788
474688
474133
474627
474482
496716
474889
474310
475697
475297
485890
484651
474604
473931
474979
475012
490878
475903
474783
474555
475216
474283
500024
475565
473950
474878
474143
486767
475444
474148
475329
473861
474161
480849
479408
474190
475752
475540
474554
482388
474278
476082
474620
475655
477145
480154
474062
475556
474499
475669
480937
475003
475833
475445
473853
474108
482632
474000
490243
475620
475403
487311
474536
474595
475879
474638
473896
474539
475464
475013
474169
474849
475269
500363
474220
475410
475393
473867
474862
475491
474241
474252
489925
474554
474770
475684
474454
474747
475653
475800
480628
474190
475576
475702
474584
475823
475606
476474
480505
511361
474993
482223
474743
475326
474086
483030
475744
481757
474600
473988
474057
474335
475208
475188
474738
475298
473368
474315
479522
474874
474637
475381
476241
475537
481045
474763
474823
492984
474467
510049
514128
496211
474589
473882
475917
493128
474615
474879
474300
473953
474950
498555
474613
475764
474344
474480
484320
474580
475733
473508
474101
474509
504760
475054
474362
473999
473934
475443
499555
475256
475302
474965
474454
499470
581949
513039
483846
475324
475202
474322
473709
474866
473961
478551
474327
474459
485332
473836
475326
475455
487819
474210
475090
546689
476340
481452
478546
474254
474424
476088
474512
479052
475660
560678
474350
473996
473990
487641
475724
487286
474729
475239
475253
475120
476066
474855
474012
473788
479844
475250
475313
474364
473676
474008
507432
475973
478753
475538
475232
476897
474567
475307
474162
490196
475229
481290
474579
474361
473682
475673
473617
488074
475702
475536
475101
473917
475588
474457
475648
474259
473667
475383
491360
474797
473722
475258
477016
475487
488003
474312
473558
474292
473679
479405
474060
474987
474086
475496
474031
480579
473999
475145
474307
474623
475306
486969
474531
473947
474348
473347
480551
491280
475195
475445
473965
475065
474459
475317
474291
473944
473895
501807
504852
506343
482308
475097
491630
482852
473733
475138
475302
473582
474877
495617
481923
473597
474111
474381
475088
505662
476153
475060
474084
473693
492366
475851
474575
474213
476113
474149
482304
474348
474131
485615
473945
474314
486750
482910
474440
475553
473961
476733
474668
474005
473900
475356
475036
494838
474051
474550
473300
473590
475550
488115
474592
474011
475352
475736
479227
474588
475817
489925
474072
473486
481033
473740
474691
474290
473592
475617
488330
475818
475784
475593
473853
488914
475978
475382
475214
475164
475066
480920
475766
474479
475307
485773
473793
488580
496366
474185
475693
473985
493320
476198
473843
473756
473950
473794
491862
474401
475270
474591
473718
473997
507624
474559
474684
474202
481777
482909
474220
474674
473739
474355
473633
482431
474326
475541
475014
475093
473650
487352
474510
475563
474128
475747
480314
475739
475773
475496
475559
476303
502658
474799
475959
475400
486365
473832
489156
475334
475454
473755
475439
475375
474053
475563
475929
474521
475118
479511
475721
475288
476063
475861
474609
486954
483499
475034
474982
475655
487150
476169
474482
475793
474127
475611
480678
476059
474124
474291
474328
474040
514242
514610
496739
475671
475612
480329
475414
484963
475335
475092
473892
496759
476276
475676
475720
475706
476158
487420
476461
475531
475404
475671
478338
474681
475653
474065
473582
473981
481724
475757
474835
491596
475832
473935
475432
475060
475782
475139
475027
484158
475923
475229
474301
474396
473850
499520
483712
474361
473695
475540
475175
475255
474630
475642
485683
476341
476008
476123
475716
474286
474836
474640
493658
474758
475326
475481
474589
475771
475154
473919
473802
474236
474970
480638
475173
475026
475547
475617
490116
481481
475785
474295
475645
475870
474763
474658
474743
475980
475704
475363
486960
512938
474621
475874
475729
475873
482666
474996
475625
474658
475770
475872
485771
476062
475903
475962
475393
480262
475312
475683
475847
474359
474393
482130
484943
475251
475619
480901
513705
507785
474533
474831
475729
474408
491631
484791
475536
474864
475800
474127
499679
476271
475003
475574
474171
483159
474935
474164
475575
475036
475996
482157
475302
474121
475695
474500
476815
485002
474405
490794
475603
474567
475551
474820
474416
476069
475460
475567
493079
476309
474597
474646
475852
476141
481871
475918
476077
474715
474004
474477
474331
473820
479774
475688
475179
481853
475592
475580
475506
474439
474558
506089
474232
474665
474973
475246
480959
475326
474972
474181
474311
474343
482367
474405
475973
474504
485398
474406
481949
474480
474519
475848
474388
486232
474684
475500
475288
475476
475849
480350
474717
474594
474331
475537
474950
500019
475872
475218
474364
475147
499976
474368
475959
474677
476250
476131
480788
474052
475903
475901
475851
474851
481894
475311
475903
474090
475493
487014
474243
475560
473991
474870
475215
496442
476155
474275
475532
474267
474154
481997
474786
476352
475936
473584
493055
476470
492461
507225
486291
475241
495149
475513
475055
474023
474400
475710
497287
491299
475415
473984
475996
500520
474697
475728
473839
475275
475370
496857
474242
475831
473545
475474
475641
480915
475417
473957
475526
473920
484935
473915
476360
485081
475528
476063
481824
473672
474557
475522
474483
474155
506902
474670
475271
475892
476208
486684
474684
475851
474760
476156
474278
482145
475450
474833
484343
474372
474296
480155
476317
475438
475630
475674
484964
474377
475638
474330
474307
475298
495491
474286
474780
474120
476632
475016
481811
474419
476235
473793
489606
476651
473789
474060
474483
474626
475579
482259
474592
484265
475319
475648
475650
480850
475567
474819
476143
474959
482582
476661
474519
474520
475711
476583
492460
476056
476622
476278
475938
474305
482471
475082
475903
476374
474665
478307
477001
475911
476332
474406
474345
481317
475331
474885
475710
474239
475878
506471
474587
475502
484976
476040
476808
475209
475616
476242
474927
476187
481429
475985
475665
492888
476449
475026
475002
490780
508082
505993
490118
497210
474885
484559
474886
474720
475891
498706
476335
474851
476097
475590
484813
476224
476386
474620
475957
476276
504482
475013
475115
474509
475687
476208
482075
476400
481851
476136
474292
481783
475376
474689
475694
475818
476009
502340
475875
476065
475200
475349
493486
475542
475802
475001
475043
474586
476199
476398
475187
476273
491941
476098
488506
475533
474881
474782
475875
475081
475103
476367
474995
476507
476002
484529
475276
474680
474991
474727
476068
487797
476501
475159
474650
479238
477061
474764
474579
475918
474315
475870
479679
474832
475636
474559
474947
473925
487334
474908
475485
474896
474980
476431
499380
475504
476350
475900
475843
485443
475457
474760
476589
476528
474246
490144
474603
474590
476079
474407
474566
475228
474826
484053
475164
475889
475145
476145
476301
475680
475891
474644
506421
490429
476162
475842
474803
474458
475471
474774
475435
474608
475941
474913
475240
474637
475084
475776
474665
488295
482793
476133
478236
516872
523676
475868
484390
475594
475812
475605
492010
474848
475647
475284
475548
475168
508008
476243
475039
476027
476133
484538
475201
476308
476078
476442
476834
482089
476443
474769
492959
476512
476480
475817
476950
476054
476050
475968
487587
474894
474724
474946
475006
475895
481398
476175
476288
475580
474835
474144
476101
474750
475826
485807
474846
481169
475791
475101
474340
474894
474551
482182
475491
474773
474413
474415
474868
505148
475386
476038
474872
474137
474760
476189
475999
475053
474899
489135
482776
474867
498670
474433
474679
475768
484432
476579
476032
475633
474842
480533
473960
475108
474567
474893
475958
499353
475029
476315
474596
475508
475777
485440
475028
475640
475748
474198
475105
474035
475601
476145
474615
474904
481886
475874
474652
474390
474385
475042
476918
476126
476622
475778
473740
485086
479674
474908
475616
475604
474307
482202
474566
474555
474120
474626
522007
476524
474955
475094
475120
474357
480922
475091
474419
475302
481326
475102
495252
495139
508249
474831
474877
485085
474789
475690
475802
476403
476279
496980
476639
474720
475839
475812
476008
496799
475087
474709
476431
474880
486278
475766
474175
483766
475654
475944
498170
475836
476236
475364
475791
475935
487461
475078
475446
474933
476404
477243
474432
476148
475153
476419
474967
481409
476255
474874
475526
492116
475055
475028
475198
476129
474575
475365
475651
476262
475596
474477
474342
476331
499067
475677
476278
475645
476289
476200
475334
476250
474729
476573
474901
483053
474815
474286
475439
474063
474646
485758
479238
476017
475562
476208
476116
476616
475643
475340
475943
476053
485416
475629
476683
475867
475212
476288
487619
476137
473826
475530
473825
475516
474834
476077
474661
475097
476186
477002
476496
475192
476538
476960
475615
481197
476218
476163
475952
475445
475491
489719
492223
476140
474834
474617
476008
476358
474540
474994
476042
475954
481515
476900
474251
474789
475766
474831
475519
476481
475909
475873
474968
486411
476107
494306
475240
474734
475996
500204
474620
476176
480485
507678
514385
509396
492923
485970
486015
476035
502527
475201
474534
475888
474881
474999
482624
475843
476272
490501
474651
479140
476354
474877
475583
475192
474865
506939
475915
476346
474459
475892
476738
476744
475732
476127
474523
476256
475835
474914
475278
474707
479723
475831
489145
476099
476171
475717
474843
477612
474926
476053
473881
475986
475463
484496
476293
474568
475877
476442
474646
489986
476370
476890
474642
476455
497151
476667
476091
476831
475087
474438
480608
475008
474546
474562
475628
474362
489003
475645
475484
476113
476104
485058
482570
476168
474577
476814
475931
481322
491325
475128
476522
475940
475165
488635
476546
475538
475962
475627
481779
474665
474409
476489
475018
475935
480952
476539
474016
476815
476275
475404
506609
485367
474588
475968
474663
481842
476376
476141
476069
475006
476394
480670
475115
474992
475926
476337
475176
490064
475557
476656
475852
476090
477721
475216
475724
492256
476066
475481
500953
475853
481267
476519
493159
500573
521751
505523
493221
475581
475008
488617
475707
475733
476043
476412
476728
498741
475327
475086
479983
475950
494941
475674
474377
475665
475905
476343
490735
476489
474287
476510
476222
474743
483216
475285
476458
476466
477014
487657
476929
476017
475906
474681
490610
481910
476687
474796
476298
476220
475957
482727
475385
475629
475821
474791
495975
475619
476250
475985
476079
476069
481292
476167
474717
476193
476369
476803
482923
475986
474586
475660
476828
489153
476403
474706
474250
475686
475468
481988
474625
476240
476363
476405
474798
500734
476260
475475
475541
475882
475371
484119
474944
476407
474720
475840
482092
476654
475941
476095
475114
474917
509865
476001
475644
475286
475714
486685
475050
475829
476280
474559
474429
496270
474645
491468
476342
475363
476139
480358
475833
476184
474594
475843
476899
475901
475798
475961
475819
474885
482317
476283
476705
476084
475804
475892
481012
474812
487718
476467
476271
485706
475130
476092
485873
476589
474646
482042
495368
515185
495168
498740
481348
475724
474521
476892
476318
475462
499865
474783
475934
474702
490314
474944
497376
475246
474457
474871
475406
481504
476738
475971
476546
474924
476301
489158
476594
476425
475756
475875
476037
480966
474559
476147
475888
487871
476940
476402
476270
475953
475832
475767
488803
475298
476395
476644
474683
474677
500068
475381
475610
475140
475228
476614
474920
475366
475327
474526
475907
504161
476025
475028
475648
474707
474526
479579
475455
476206
476511
474938
476428
475141
475074
475808
474832
475603
506089
476299
474584
474733
474686
476463
479724
486343
474734
475914
477008
481444
475009
476488
476264
476039
476173
488124
474666
475669
475012
474400
475216
481027
475906
476191
475904
476327
488732
475399
483625
477007
476266
475789
487990
474951
475368
476475
475501
476083
475273
476596
474929
475081
475951
481908
521510
475144
474769
474992
488893
475824
474870
485881
475731
476375
499854
475009
474339
476105
475873
488006
481489
475766
495610
497991
476027
504208
476277
475849
484979
474971
475173
486022
474675
474942
478211
481181
480311
476333
475167
474933
474678
476303
507168
475791
475576
475629
475787
474469
475715
517901
475785
475325
475871
481262
474628
474441
473895
474306
491507
489494
474916
475845
475910
476102
546131
476943
476559
476417
474817
476252
495793
476942
476071
475094
476080
475260
486645
474584
481617
475485
475831
481573
479146
475835
492181
474806
475321
504178
475219
475596
475944
475775
475941
483953
474771
474751
474338
475922
480813
476037
474500
476449
474131
475986
497522
488206
476000
474416
474669
484163
475550
474316
474742
474966
474860
474891
475906
476072
475002
476447
476371
482726
476072
476725
476469
475192
476059
486560
476097
491466
475827
474779
480232
476674
476222
475785
474878
475290
504383
532410
474448
475641
474201
475793
476187
474316
474213
474206
474712
480834
474066
473797
483270
476315
473669
499697
475496
473431
475258
475186
475342
475629
473813
473570
480755
474565
481159
475373
493922
509734
498613
475443
489329
475484
476237
475442
490115
480718
475971
475577
474445
474366
474188
500166
474377
475721
475068
473756
475131
485564
474346
473927
474956
474080
475194
474484
474623
473628
474612
478749
481115
474398
474563
473998
474777
474383
493558
474436
474730
474168
474315
495812
474762
495912
502561
474813
474302
497269
474401
473789
473989
474437
474198
498124
474589
475081
473781
474345
481189
478668
482749
474200
474387
475861
497671
475043
474619
482871
491019
525885
519174
519953
481012
474670
475534
508307
484034
523113
517952
518063
520594
474311
474316
475437
474476
474238
523813
518708
517956
517800
519095
532926
518866
484419
476324
474571
482386
474493
474214
506838
475515
474072
492294
473897
474289
475256
474799
474237
504587
475130
473897
474026
475434
483471
474813
474338
475555
473739
473368
481461
473680
474011
476639
475015
474501
504973
475577
475517
474442
475228
479847
475028
474683
474068
474836
474533
480721
474324
492828
474809
475495
507357
517730
499542
475260
476000
490051
480391
474577
474786
476181
474783
475973
500370
474768
476088
475723
474747
475830
480927
475662
474725
475419
473761
481218
475649
474387
476220
475884
474214
488918
474362
475469
474712
474411
474287
497215
476222
474031
474119
474929
483862
474398
474743
474721
474338
474413
481288
474931
474103
475182
473697
474450
478564
474590
474521
475244
474133
475157
475780
475407
474421
475427
474702
481967
474182
474221
475638
475254
475975
486930
474835
474566
474274
473781
475945
474625
491804
474434
475403
481988
480922
474982
475032
475736
474317
475451
474710
474442
475320
474415
475169
474751
474726
474710
475905
474586
473926
499110
474288
475643
484704
474401
474405
475676
484769
474337
474182
474171
474453
476422
474699
476146
475767
474694
481085
475008
474799
475388
474780
475029
485008
475376
475840
482544
476163
485224
475384
476283
474641
484529
476999
482695
475264
475059
474751
474603
474768
475768
474543
476309
474664
475587
492456
475022
475426
476014
474809
489746
482193
474855
474596
475580
475766
474114
488839
475980
475287
473741
474404
474706
474138
474676
474513
475562
474315
481079
474055
475563
473703
474009
474394
482640
475456
474531
474553
475102
481411
475341
474292
473893
474914
476238
499694
475471
475652
474919
474887
476454
476727
476008
474394
475313
475410
479839
480965
474804
474663
474685
474705
492748
525455
526399
521868
521538
560905
521328
523714
522642
526624
520188
522790
521293
521849
519605
520040
520720
519512
518372
519683
520801
522579
519812
519219
518790
524045
539965
520182
521065
519674
520340
537722
520197
521970
520390
520147
557943
519279
519126
518561
521103
534229
521203
520802
520180
534573
542344
591836
645900
566990
553921
635602
620180
561276
564724
577854
540636
526606
523814
523819
538113
522857
524676
524107
525331
560069
521508
521592
522557
520964
519644
521413
519417
520135
520851
520987
520552
519802
519180
519958
520683
559093
521535
519562
519779
520621
538893
519763
520283
520709
521042
532300
521283
519090
519891
521556
522584
522369
519800
522330
527579
525807
796386
609795
580908
558069
551828
557692
540600
546559
553071
500385
474907
475115
474507
474261
484688
474811
475478
475065
474609
476470
478343
481824
474787
475052
475183
490309
474477
474318
475655
474167
474129
480838
474287
476082
475719
474998
491221
475045
475866
474919
474007
475906
487507
476203
481617
474997
476194
474092
481270
474650
475662
475850
475080
475877
477212
475901
489885
474573
474944
488403
474856
475364
475762
474803
474311
499063
476169
474521
490553
476449
480569
476388
476031
475967
476374
475277
488747
476375
474554
474332
474382
474827
482766
475224
474845
476163
475172
480212
475690
475785
474743
480302
476272
504630
476294
475942
475291
475455
475765
475137
474717
474298
474668
474383
480610
474357
473872
475343
474357
474068
486607
474834
476030
475794
475838
484707
486079
477307
481466
499014
496614
491960
476385
476420
476263
475370
476186
505094
476003
474826
475889
475301
477797
476437
475959
476370
475379
476043
494250
476410
476040
475764
476092
475779
487308
475962
476081
475843
475649
480055
476441
476012
475231
475778
475774
481694
476545
475848
476318
476083
475794
487533
485299
475764
475821
484600
489400
476445
476065
476195
475436
476575
498215
476067
475463
475677
475670
475286
504017
476578
475919
475043
476247
492407
475822
475559
487414
475561
491078
483652
475224
475661
475477
475612
476052
475574
476260
475473
474696
476349
475934
475975
475897
475660
475885
476098
499768
475795
476062
478847
475694
475909
476242
475952
475004
475578
475514
475721
475609
476212
475901
476248
475628
482089
475970
475574
474914
475327
475400
476540
475801
475515
475243
492737
482553
476018
475147
475460
475827
475791
499687
476323
475711
475919
475724
477499
476245
475658
475685
475716
475655
480836
475779
475397
475767
475417
477238
486276
475557
475115
475853
494106
480907
476164
497025
489043
476123
475850
498257
476009
475904
475609
475935
475259
498299
476060
475966
475881
475657
483707
490535
476348
477021
476085
475989
498726
475940
476184
476119
475626
476129
488562
476204
475521
475826
475843
476494
476127
476362
476086
475544
476210
481915
480873
479809
476161
475745
476106
476663
483186
476759
475948
475991
477185
476261
475910
475961
476080
476306
500357
475909
476155
476305
475732
475923
475832
475448
484802
476841
475033
487255
476238
476106
476175
476202
476574
482124
476524
475781
475845
476208
476732
476495
476407
475416
475959
476326
496707
476747
476110
475616
491339
475876
482094
475384
475970
475707
475902
476558
476358
476009
476288
475526
476078
488228
475602
475816
475844
475859
476144
481926
475808
476316
475447
480102
478292
476833
475687
475089
476424
476162
487425
476045
476469
476254
476112
475631
482247
475469
475403
475688
475788
476047
475686
475470
476161
475898
475291
503343
476255
475856
476238
475903
476332
500577
476628
489023
483352
508608
491968
476137
474318
475391
475667
474934
504843
476949
474971
476019
476004
475871
492685
476634
475567
476168
475863
484194
475909
476035
476292
475828
475562
506231
476902
474522
475859
475379
475519
476788
475775
475823
475669
475662
476038
476570
486510
477043
475138
475778
488860
476434
474257
476175
475798
475835
476304
475886
475963
475347
475501
484602
476367
476047
475641
475247
475857
488817
476496
475593
491530
476021
481716
475558
475832
475490
475926
475892
475771
475818
475859
475895
476132
475731
488507
476769
476383
475716
476453
479653
485203
476472
476288
481836
476373
481121
476083
476714
476071
476252
475906
489226
476235
475795
475523
475639
476561
476310
476308
476601
476146
476024
481115
476199
476471
477014
476113
492203
505457
476610
475930
475893
475603
478167
