568572
553129
534398
532279
534654
533386
532699
533214
513594
507145
443532
443213
454060
730884
984118
938894
643479
582649
1018526
974823
1003201
1004890
1001482
934045
445366
442915
443405
530658
1005328
839646
835398
840153
582685
443707
442773
443529
456920
444432
443213
442537
447499
442870
523187
443690
460146
444861
442281
443615
444064
466918
442864
442039
444339
443368
442789
443819
444111
442738
442680
442709
517290
463722
493285
444010
441701
441889
442957
442339
443579
441577
455839
444425
443172
442853
441364
448209
443515
442833
519953
442493
442157
442756
443242
446811
444623
498131
442264
442752
445558
442715
443494
444730
448186
443368
443560
444856
529550
443146
445538
442516
442957
443364
444297
442794
444296
488476
442878
442582
443978
443995
444341
443444
443261
444561
532126
443297
443221
443133
451136
443307
457065
466169
467839
442872
443582
449297
448364
443405
443842
442626
442349
448676
527078
444260
444544
478864
442881
442391
444363
442526
442477
442563
443880
450416
443636
443860
443157
444345
500087
444408
527115
443087
442976
443365
443577
444044
443055
443011
441872
442747
442774
457326
443420
442995
442658
442493
443423
443169
529243
443999
445471
443506
441438
443777
444732
453732
444532
444668
451013
442706
443463
444210
442267
442980
444201
442251
527637
444520
442962
444003
444201
494024
443903
445136
444517
443493
444923
456463
443974
457850
442776
443136
443385
444267
530992
444219
444132
443637
444504
443847
443491
444094
497364
444681
442554
444915
444606
450009
443788
456895
444251
444196
491201
443186
444295
444782
443221
444174
505519
442751
508800
444664
442927
442902
507013
443612
442939
444406
446327
447588
442144
442516
449449
441546
442351
442447
442196
459430
443474
443496
443875
456603
441271
443724
443671
443838
444101
447302
442097
544819
448657
441845
441823
442372
457943
446610
445279
444296
444661
442531
443744
442498
444589
443591
442140
442802
442884
451571
443145
442078
443188
447746
443777
444977
443797
442958
444236
442861
443288
444648
445341
441863
442395
444854
451417
443418
441879
442465
445475
444550
442739
442244
444752
444485
442787
444009
444015
450031
443813
441892
445263
444590
442611
443295
444396
456017
444151
444450
442240
443090
490374
444063
442110
442998
443899
444257
442667
443890
457458
443699
441805
442783
443492
448715
442257
442380
441991
443053
507653
443725
510943
449073
445547
442738
441933
457716
443415
523742
442020
442853
467805
444816
441584
441488
445591
442888
445416
444158
443085
444350
443450
442248
444274
495661
444280
532277
443427
456780
442458
530034
445913
444713
443163
443052
442339
443773
443276
444928
443408
444423
457581
443623
443079
530304
489680
444183
443292
442637
444819
443872
442204
444491
444460
456265
442381
445228
442759
449594
442524
442507
442414
531888
442965
444858
443089
443830
444805
443768
441846
443120
448259
442588
443891
444431
442608
444994
445070
441983
441560
530811
443321
441930
443223
448604
442383
443182
440922
444284
442794
441256
442123
443482
442019
442953
441571
442661
448659
529510
443872
442963
443681
442856
441520
443058
445439
442855
442079
442506
505609
572609
444274
444573
443070
452941
443670
453730
442685
443841
444348
444119
442616
443519
488332
467426
444380
443811
449879
444440
442591
443295
445913
444532
479257
443736
448569
443222
463851
470049
442847
443204
442593
444313
443910
455510
448175
447069
442613
443033
444454
443698
480576
444327
445101
443932
443630
442117
457301
442418
443654
444022
444475
442802
448194
442245
443827
444407
443695
444010
485100
457784
441439
442912
441430
444079
443142
441824
442303
450200
441148
442732
442184
441921
455819
443299
443196
443156
483651
444504
442839
443830
442283
442956
473176
443538
444268
514545
443866
442727
443448
455433
444193
443902
444570
442331
489055
444327
442968
444971
443536
444439
443501
444911
448521
444262
443370
442987
443999
444413
509250
511320
467747
445046
443826
443553
443217
453859
445262
442703
443440
465676
443453
443438
443717
447028
443733
442447
444186
444560
444657
444523
444780
443931
449595
444852
443408
442425
444361
443287
444260
444557
448465
443296
443716
442098
442940
449038
441625
442593
444211
445304
443493
441773
442744
447288
441860
443395
442968
443503
449373
442927
443275
442943
441997
442238
442810
442307
443791
443239
442897
443743
442774
499575
444442
444547
444976
444099
444408
443441
443584
449088
442289
443299
444586
444441
450699
444741
442898
443374
459118
444769
444848
443310
443240
444019
443231
443313
444102
443539
443621
443914
443877
455833
444780
443060
443392
443501
442481
442331
443090
443963
443667
443601
444259
444695
495549
444862
444327
444642
444804
508103
576807
443441
444353
444733
443684
443346
459064
445218
443739
444677
442830
467247
442481
443180
441766
443050
441972
442284
527278
458520
442407
442818
442000
442104
448299
442116
442173
442268
442711
443147
443649
442228
447748
442695
442244
442779
520530
499783
443614
444015
442803
448983
444460
451174
443095
443006
444912
442169
444621
445720
449930
442833
444495
443433
533647
443504
443106
444370
445680
445104
443158
444584
444562
445297
442434
442998
444170
448804
444510
444435
443271
442954
531124
445013
444871
449335
444641
444074
442534
444325
490853
444670
443203
443001
443868
442471
443796
442700
449303
443618
528941
443920
443004
450173
442752
443114
443403
444606
444027
442701
442491
446226
443195
443262
443807
441300
453661
443009
540063
445937
473704
442539
441966
443135
444051
443409
443796
442845
444903
443973
443614
443050
442972
511959
442936
441836
529278
452324
442717
442302
442818
448605
443362
444568
443138
444092
458303
444238
443493
442769
443982
443324
443283
444622
531183
444056
443360
443473
443147
446527
443730
442993
444052
450119
443291
443425
444389
443329
444272
443362
443218
443327
543382
444145
445614
443031
498154
444031
443507
444178
442481
444727
442740
444328
444616
443088
442906
444326
443329
454953
533325
443112
442501
444650
444156
442428
443504
445920
444480
444538
443871
441652
448566
443739
442566
442088
442422
442847
531893
442510
442883
444124
443578
443826
442265
450138
443669
442922
443294
442982
442337
443454
442590
454224
441735
444074
530922
443055
445572
455384
496086
445144
466956
444846
444265
443214
460966
444735
443751
444061
449519
444670
444142
488701
458949
444964
443747
442981
443399
464971
443260
443076
443292
444211
444212
444158
442275
443574
443018
443265
443191
491896
506356
443579
443826
444404
442555
444159
442480
442815
449347
443685
444429
442967
444350
456254
443393
443180
442789
519583
443532
442639
442171
447570
444418
443840
444524
442529
443956
444217
443506
442013
448805
441647
442950
441969
442489
490461
442604
442415
442614
442500
443678
441049
443451
488966
443343
443246
443949
497478
444038
442020
442487
444382
443752
444412
443181
449371
444634
442480
442988
443643
450672
443648
444620
443220
443894
443341
444509
444356
444218
444556
444406
443425
443110
450159
443230
441682
445114
498202
445252
443275
459003
439743
437569
438654
439689
439357
450122
439238
440678
530018
480851
452797
438784
438840
439568
439857
438571
439909
444566
440502
441626
440955
439931
454097
437425
439255
440302
486398
440826
438568
438994
446497
439657
445607
440931
439469
453335
438513
439116
438359
439573
440266
439574
440000
439568
440128
437604
439440
438644
453392
438320
438285
438979
438213
438981
439668
438571
439704
444124
438976
439341
440552
438766
445633
439857
441348
440766
439672
441082
473685
440908
462596
438574
437884
439371
440241
440980
439366
437911
440764
438252
479443
438942
439039
444635
438163
438939
437502
438620
437598
438326
440026
440087
457654
439789
438514
440337
503534
489873
527755
440212
478057
441502
440445
441541
438981
438707
480617
514455
457356
440632
440606
440482
440660
476721
439214
439496
439041
439612
439457
438370
439817
459549
436913
439090
438318
437861
468321
440230
437738
438990
437407
438969
437278
437089
493920
438464
436934
437225
436961
467708
437849
438711
437877
438349
438626
438288
438078
437008
445386
436402
437584
439374
450647
443185
438828
437331
439434
480631
439094
438880
447368
438893
438037
439007
437398
467520
439646
439060
439318
438041
439005
444686
438725
454294
437829
438410
438554
438572
491532
437194
438419
438692
438413
438253
438245
438757
437081
444894
438695
524843
437770
468047
439544
438385
438028
438722
438183
437218
438002
437736
450432
438854
437949
437862
459023
438618
438362
522793
442155
439190
439939
436044
437914
436679
437850
437395
438013
538956
500732
438708
437821
438044
440659
438223
437467
541648
437625
438831
437320
438756
466177
437567
437253
438994
438966
438714
437985
439051
444078
442590
439009
437667
439372
527113
438097
438303
437833
439322
439368
438422
452335
437403
445751
438364
438097
437746
458738
437859
437725
437458
443279
439442
439023
438765
439298
447416
438916
438208
440095
449890
438036
437076
462809
445335
439937
437255
438772
439391
459823
441646
438180
438446
459961
438380
438168
439388
445656
439205
439150
438439
438044
443713
443860
438747
438090
438133
437464
482103
440146
442583
436660
436948
437283
436602
458974
437103
435978
438142
437214
438242
436080
437920
455730
438360
436182
477568
438058
442307
437923
436785
436896
439461
438736
437059
437860
453844
437975
439404
437599
439498
473350
502752
439520
482050
468413
437393
437954
438574
444519
440147
438182
437853
437762
459023
437451
437052
437023
439375
438700
439439
437472
487213
444985
438217
438090
438054
460921
438422
437888
436855
455474
437665
438692
437087
448079
437638
437905
436639
437806
444478
522865
437605
439371
438145
438753
437733
437926
439769
437589
437375
437355
437625
453756
437327
437087
436736
436990
439604
517642
436717
453463
438799
437304
437982
437655
486008
438018
436761
435938
438003
438729
437170
436344
436436
437499
438384
437198
437146
468572
436765
436050
436231
440071
437050
439276
437720
437088
499482
439075
437548
438217
442700
436793
438843
438443
447861
436264
437392
437394
456841
458679
438743
437059
438304
438014
438847
437349
438332
491218
438740
439332
453572
481185
438924
438680
436717
437248
466476
438531
437464
437686
441701
437702
439293
438507
436844
453240
438045
438154
438720
564306
438863
439099
438165
439661
438743
437558
437369
436722
455098
438452
438619
437013
442944
437545
437902
438982
446057
437881
441906
437953
435269
503941
436520
436364
435375
437808
437666
437180
436755
439782
437321
436996
435242
437419
465996
437935
520569
438136
436791
437487
436987
436971
494011
438317
437911
436800
437983
445029
437218
437543
438021
438549
438161
438356
521153
440966
438554
437226
437532
436647
460460
437114
436850
436179
437664
438325
438874
437594
437103
453145
438412
438347
437677
459974
438415
438526
437272
439608
437613
437155
436577
439095
448332
436897
437863
436563
438943
436884
437449
454130
493420
497312
437696
455479
444682
439242
437863
438144
437920
468501
438217
439035
436925
442083
438016
438375
436356
510113
513869
437619
436433
435621
459890
436558
437762
437090
437375
437900
436688
437815
456324
437722
437392
436672
437337
460539
437605
437429
437537
438304
437672
438494
437433
444855
439251
438685
438933
438084
443462
439212
436470
436870
444299
439142
478526
437267
438609
440905
438915
449986
442708
496187
439542
436953
436485
438863
436803
437926
438748
437695
445340
438072
485143
437632
461733
436994
439456
437057
437306
439017
436515
438702
438548
447395
437748
437109
437227
452929
438044
437526
438543
443750
438358
438790
438838
436790
438013
436191
438083
437935
446466
439058
438459
436858
446551
438809
437765
437988
436272
489835
437457
481361
438867
459873
437990
437251
436112
437967
437452
437392
436514
437401
443168
437187
437944
437046
496898
524024
437638
439243
439450
438485
437525
438430
437134
448385
437688
438136
436965
452162
436964
436570
438227
445979
436286
525604
438535
437218
439274
439051
437255
438699
461889
439241
438534
437933
438716
439554
437603
436534
438692
463944
438721
512867
438725
442678
438061
436297
437143
454805
437627
437572
439653
438513
465324
438603
437768
437463
438697
437097
437954
439632
443283
438828
436501
438331
437925
468040
438320
437529
437226
437864
436785
436403
436355
443826
436982
437373
435784
509322
467477
437942
437345
436008
436311
436177
438972
438203
437164
447063
438346
436744
436990
492232
438143
438532
436940
482486
438872
437953
437877
492267
443200
437862
506839
438600
477748
439665
436679
438114
457458
437401
439194
438337
495922
438566
439314
436667
438311
446829
436517
437002
446635
459540
438313
438515
436842
448338
437836
437678
438548
438190
452041
484375
437741
438458
497783
438338
438215
436749
442963
438471
438557
436972
438185
467249
438448
438477
436805
438410
438665
438564
443977
446175
438191
437730
437749
437043
505805
438299
438291
438213
436483
437468
436317
436808
436876
435823
436409
436197
525729
471847
438740
437599
438391
438066
438427
437965
436702
436455
439630
436720
437978
436437
449931
438503
436349
438254
520539
438971
437953
438342
438450
446090
438601
438183
438767
458112
438701
438500
437961
475397
439661
438476
437514
437342
467839
438655
438626
438552
457600
437055
437400
437486
452234
437826
438606
439279
438199
459545
438077
438007
437830
439388
439503
437621
437921
448311
438103
437324
436655
439393
470056
440184
438533
438007
468617
437412
438458
438716
444753
438428
437514
438343
438526
438540
438054
437395
438107
474465
437657
437138
456412
441062
437923
437688
436336
437854
466430
438426
440142
454089
465442
438143
437191
436105
442272
438010
437450
436404
437545
438651
436968
437276
437765
437604
438481
436471
482077
442111
438832
438321
437213
437411
461648
438760
438154
436618
438566
439576
438737
436812
448731
438492
436308
437314
437241
461159
437990
436421
437678
437296
439224
436852
436856
443503
438050
436955
436874
437505
509442
438164
436997
438563
438232
523984
440172
438489
448492
438893
437096
437120
436587
443872
439832
568734
438539
454567
438365
437337
437952
452407
438372
490379
439044
451801
439526
440838
437935
435828
468806
435821
437326
437981
438588
438922
435789
438947
437074
450468
438151
560444
437340
509831
437663
438195
435882
435624
438151
436835
436532
437751
437817
437049
451959
439068
456192
438876
437933
482858
445168
436949
437352
437878
438209
494996
438907
438701
437286
463616
1615089
1070565
437974
438321
466349
438179
437463
437517
438406
439214
437305
438944
438772
441517
435579
437465
437783
451662
438633
437983
438519
443992
438798
439016
437199
435626
444202
436125
437930
438601
439075
439484
438900
436822
446848
439857
438842
438119
437824
500605
437692
437001
437463
436990
437615
439200
438466
447023
437980
434539
435460
531483
448494
533092
440588
436298
460862
443049
437540
436332
437031
438908
436598
437006
444262
437048
436598
435831
436490
460127
437509
437858
438695
442649
438346
481698
438653
442687
436309
437112
436618
437946
468426
481350
439988
438477
438281
439311
436597
436320
443811
437782
437842
477235
438212
460485
437097
436160
469651
442766
439831
438179
438391
443595
438919
437792
438354
437849
470122
438601
437269
437462
438360
437274
436677
436679
457803
438615
437018
438898
438932
465770
437333
436488
437583
438819
437923
438403
437687
437701
522829
438010
437447
445458
460666
437867
436851
437204
437691
437732
436045
436740
437359
444697
437445
436089
437621
438102
470165
438251
436592
438050
437518
436155
438105
436771
443057
437175
437659
437931
436226
438002
504036
437173
447099
487947
589065
438369
438851
438844
438008
438400
439118
467922
449021
438526
438741
439117
438510
437445
439178
437692
453306
435749
437273
436172
487225
490149
438377
435941
438052
438199
439429
436251
439047
439382
439363
437254
438630
439142
437605
436385
438902
436002
438051
436650
437291
438390
486884
436675
437191
438196
438432
439083
525919
440287
437497
437523
437175
437125
442171
439705
444420
438571
437697
441908
437325
437684
437538
487347
438971
436138
436441
438155
444715
437198
437632
436407
479825
438755
438584
437011
452239
438830
437737
436979
437580
444466
438863
437234
437530
437755
439229
437221
437553
436916
437039
525080
436319
438142
445319
436657
437853
438113
437974
438433
438549
438239
438015
493747
437638
436724
438090
512262
568983
521897
439786
437390
438304
437686
438920
455092
438468
438460
438955
438342
459793
438064
436883
436965
439002
437531
436627
522534
439074
438713
437082
438428
438973
444412
437999
437897
438207
439917
440314
437029
437551
436875
441274
437613
436573
514017
443867
435916
437543
437378
437729
437017
437277
437510
437847
451262
444688
436886
436835
436514
437085
436572
436536
442551
437781
437694
437577
436131
449530
436418
436432
436560
438819
437892
436751
438425
443157
437259
437127
437739
436954
469205
437910
438022
436972
443801
437673
438265
437260
438443
438598
437067
436874
436447
440085
438330
436905
438482
438138
438270
483329
437430
437418
445397
437386
438697
438408
538749
437740
438251
436007
437937
437758
437954
439179
438337
496017
439251
521348
438335
541826
439386
438109
437264
438653
438214
438814
437788
454710
439309
437982
437643
439352
469530
439140
437160
443243
438812
438209
437135
436152
443768
438319
436145
436804
435750
450740
437946
436519
436645
437011
438200
437175
437171
522188
437034
438020
437151
436915
501623
438169
438661
438729
436040
437874
437307
438586
437060
443168
438498
438155
437219
476738
437660
435791
438219
444287
437830
437181
438360
438413
485475
437542
437973
437955
437001
436960
437995
436113
442921
439021
438206
437269
437917
444353
436551
438222
437273
438098
437698
436625
437438
438400
440057
437707
437950
438024
443330
487082
437922
436399
437913
438454
437252
437882
437336
442536
436171
437451
438177
439093
437973
439599
436980
486397
438816
435718
446913
437566
494779
437652
437444
436000
494247
492065
435935
435804
437167
436117
435328
437823
436816
443069
435866
436472
527125
438727
563083
495142
437938
437428
437483
436569
437036
452655
437345
436335
436966
437575
459560
437468
436861
437028
444955
437674
437818
437968
444946
437566
437599
437186
437185
444081
438801
437414
438042
438607
437848
437091
436925
437308
535716
437173
437877
436865
442776
436423
438897
438215
439921
437623
438597
436989
437951
444162
436932
437292
439176
437239
477931
437793
438664
439101
438959
436974
438249
438933
443945
437867
437352
438585
436990
436525
436953
436536
437750
437599
437917
439159
436934
462355
436025
437096
436200
436289
437482
437082
438234
435861
449942
436285
436049
437263
437685
438462
477575
437178
444090
437923
437633
438228
524183
445499
438079
438789
438291
461040
437801
435350
437904
445497
437833
437800
479281
436573
480550
452733
437184
437915
465851
443294
485790
662577
643120
441206
438964
468122
439023
436058
450939
487806
460582
437852
438546
438024
439717
452875
437150
436423
462058
439298
437802
438404
437135
458444
437837
437640
438439
460586
437888
439553
439199
436824
437925
438234
438895
438151
486649
439354
457580
437229
437682
437476
437088
436207
436549
439485
465046
437847
438005
444086
436623
437729
436287
437139
437850
437820
435421
437016
492470
437332
437701
435955
438336
436657
461972
436967
439346
438304
438639
438342
438018
451202
438714
437964
438512
436071
438933
438156
437562
438410
489498
438210
438223
438807
438675
436474
437840
437886
437246
438983
474122
436648
503324
498168
437460
437394
438416
460573
437463
438910
439208
439213
440019
437972
438835
438036
444204
438944
437877
438012
458936
438841
437943
438729
442949
437493
439053
437665
482769
438972
437612
437545
436589
482118
438370
437436
437625
445144
437233
437415
436762
437746
443897
435758
436601
437760
437540
518738
438408
436601
443955
436109
437016
437305
437239
485656
436793
436126
436229
437292
439087
437510
437669
437923
444814
519901
439242
438201
444556
437685
437466
437686
438327
438623
436719
438300
437002
486778
437830
437197
438501
436090
436875
439263
437762
439214
438008
438202
436978
437434
444454
436646
438595
437622
437954
438629
439030
437697
438991
439545
436897
441626
438684
443417
438477
437072
438109
438780
455698
436760
436886
478658
449610
437946
438173
438582
460000
437176
437957
446143
440269
438448
437039
437122
446537
438753
437198
436968
438452
460390
436126
436690
437145
437454
437812
437507
436152
488416
437370
437278
437212
437080
483045
436492
437524
436800
437222
437518
436627
437849
437013
449947
437299
438510
438857
436795
524568
438916
438821
437037
438442
437907
438048
438108
491999
437403
437583
437287
437340
437856
437899
437417
443387
437017
519728
438685
437970
450983
437690
436907
438200
438796
437906
435537
437604
438036
440251
437805
437944
437406
448432
437970
436733
437048
437557
435747
437024
436281
438010
444486
437610
438200
438218
438891
437962
436028
437426
441670
437156
438029
483530
438209
442937
437484
436748
435895
438325
437231
437438
437762
444342
437119
436118
491735
438624
457011
571348
438784
481921
500471
437475
437247
437380
450528
438112
437711
436023
437707
459332
437036
437675
438887
444811
438657
437760
437225
482066
439249
438223
437120
438571
484166
439527
438102
439306
438835
437463
438834
438398
441835
438276
439217
437278
437205
444726
521528
438298
436089
438697
438632
438678
438940
438068
438670
436760
439188
437766
443571
438694
439109
435868
438668
438026
521732
438126
437002
435476
437224
438750
437613
441156
437834
436767
437191
488076
437999
439675
436973
438059
445305
438292
436918
437941
438350
437169
437914
438069
450633
437214
437327
435429
436616
443350
437431
437583
437893
438713
437292
436809
445351
441179
437103
435696
437328
438064
443858
435757
436585
437055
437513
437559
436710
436847
437871
499413
437514
544380
568645
472112
437696
436793
436630
445399
438526
438242
439407
459369
436513
437286
438202
437420
466102
437523
437787
439185
479942
439505
436923
438668
446635
440019
436233
436933
436426
717421
438765
437776
436809
445686
437648
436881
436473
437600
442903
438780
437112
437263
437351
437444
437118
437385
482798
438946
438091
438539
436581
437316
437101
436243
438564
443299
481870
436914
437383
436117
436516
438786
435867
439148
437513
436297
437568
436529
486557
436861
436140
437400
435498
438364
437843
526764
447620
438113
436851
435525
435658
442326
436399
437653
439736
438164
438089
438308
437494
437999
497855
436279
438217
513070
444608
435252
438732
438094
437993
436156
436880
435844
437142
451029
437042
435789
438046
438774
438156
436149
454810
454356
463443
499076
438657
449019
438461
438687
438385
436601
470367
438658
437053
437653
439095
438556
437422
438654
437135
518857
438200
437036
436681
504398
448338
437315
437360
438522
437785
438343
438372
457586
439206
438853
438501
437842
444400
439080
437091
437468
437131
436668
435339
436280
437150
458690
437935
437801
434494
444210
498988
512693
439149
438670
437073
437573
437992
439827
437020
436929
436589
438133
447773
438330
438199
441449
441629
439644
439184
436923
438564
436991
437075
441490
437641
444892
437367
437198
438710
437124
436724
437362
437121
438542
449867
437372
437521
438033
438933
438146
438398
480448
437302
438595
437533
438714
437893
451208
437817
437909
436774
436787
437810
438673
437513
442829
438540
435552
438784
436583
576789
437643
437711
436799
437444
438838
568470
437604
437825
439220
437041
437159
439984
445130
438035
436469
435222
460609
438053
437487
437211
437777
436872
437496
437648
438558
444071
437440
437461
438180
458538
437975
436951
435461
436054
436831
523881
438034
438403
448753
437287
439014
437113
439001
439186
438817
437733
442832
438407
437300
438578
438240
450516
438251
514781
436502
437578
437638
437828
438560
438484
437202
437314
435774
437765
488470
438688
439573
437643
439322
437501
438389
439749
437478
439001
438657
437535
436019
448977
438160
437656
436123
444092
438362
437033
437327
436685
491444
437163
438308
483975
450329
437465
437658
436858
439146
439686
443997
437105
436758
444012
438902
438902
437459
436977
437338
437663
437052
437445
443257
437401
437725
435946
504452
438228
565456
438631
459977
448055
438826
437813
445651
436138
436555
436036
435569
503597
436589
438941
437793
500899
438021
438666
437876
441748
436138
437895
438370
438370
444266
439372
438584
437671
439304
438187
445528
438259
437537
437929
438054
438657
436350
487273
437055
437093
438138
437744
439384
436460
436552
438872
436686
436384
522065
437950
445015
437281
436457
438156
437119
438340
438227
437165
437499
438603
437907
437740
436867
443679
438059
436808
439121
438933
438379
438183
438750
437413
441853
437587
437570
437113
437743
438001
437114
437316
449955
438826
436761
437546
441532
444038
436440
436637
436767
437838
437408
437617
437883
450795
437688
438016
437847
438012
442882
435985
438134
435856
480998
439518
438709
436976
438280
438509
436621
439039
437832
518582
553137
438297
437982
455321
437366
437165
436787
442108
439490
437935
438498
435799
491272
438169
437799
436241
445872
437266
437715
439214
450831
439104
436906
437362
439022
444079
456016
437588
439438
437912
436226
438657
438199
438306
438623
438197
439048
437331
442751
438974
438502
436465
438844
438157
437837
483438
437654
438413
439305
436399
437551
438109
438184
437602
438073
441251
436813
437627
435179
438193
451195
437151
437113
438501
437604
437942
436754
435210
437590
435622
435733
436834
437195
450156
436727
434808
436004
484350
438532
439876
437994
448548
444726
436055
438086
435750
436969
438705
435798
436598
444609
438803
437664
436522
439113
443665
438071
436548
439475
436847
444040
438088
439132
436239
438671
438503
438710
436217
444297
448709
478086
479062
439174
437403
437267
436219
447655
444077
517936
438752
437366
495698
438408
438248
438122
436686
438269
439158
437645
438107
438369
438722
437918
437702
445710
438660
524712
437219
438689
436841
437126
439064
436956
439389
437048
435847
437371
443994
437801
436549
436666
437680
437521
438130
438120
436944
443796
437179
437642
435341
437674
436142
437569
436540
498079
437598
435995
436957
439063
443809
437108
436697
444238
438577
443070
438319
437161
449785
438398
438447
438365
438483
442761
438800
438710
435517
439217
438197
437030
439356
478733
436877
436407
438557
438012
444423
438076
436908
448211
442950
437781
438039
438182
436613
449689
438345
438363
438427
438906
524567
437559
438077
439044
438783
437891
438080
437358
451469
439095
438646
439076
485424
550218
439029
438241
441481
437350
444192
437584
496906
438395
462800
438337
437205
461447
436355
438153
435270
437806
438268
435266
438474
435528
444321
437721
521872
437919
463314
434907
437176
437823
438127
438969
437608
435266
436659
439685
438419
435859
437163
437627
438358
438547
520052
439095
438148
436142
438177
439233
450333
435549
437322
437508
438034
438961
437982
439194
442138
438339
438424
438579
439375
451809
437625
436715
438599
437456
436692
438248
438228
437893
438234
437953
437000
439089
493738
437092
438808
437074
480359
439493
439484
437069
437557
438279
437979
437919
438224
437689
439087
438436
437453
443267
438252
436463
438367
439061
492456
442888
437833
437679
439005
438915
436824
436778
438639
437260
436059
437833
437011
442247
481983
438066
548899
439571
437878
443752
436640
452286
438120
436070
435541
437011
458878
437285
437941
436130
437730
437579
437831
436328
443707
438643
437727
524654
438177
444495
437074
437501
437416
439561
438644
438601
438068
443072
436773
438862
437796
437727
444683
437640
436296
509155
437886
437747
438352
436980
438068
437035
435782
436745
436962
446169
436931
438186
438985
438951
437718
437823
437975
439449
443101
436990
437503
437086
436660
439007
438413
437685
464448
438903
437948
437584
437454
492733
438438
438784
438168
519998
438207
437670
437763
436126
437629
441499
437372
436176
443842
436042
435844
437558
435601
436091
436949
438035
437164
495983
444666
435619
438191
444042
436802
435521
435401
441298
470458
440211
438293
436389
452119
437480
438187
438943
502591
508605
439100
438511
439785
438785
437998
438445
457118
437565
437456
438845
436644
458849
438306
436861
437905
443400
438179
439035
526565
438412
438051
435568
438596
439186
483840
438394
436611
437520
437213
436631
437819
435795
438905
450163
437712
436463
486029
439416
438542
437167
436775
444446
438078
437850
438669
437874
491006
438340
437363
438014
437725
435692
436597
436608
438980
438287
437622
437470
437935
449925
437602
435325
437723
437651
437175
437435
437542
437069
489813
438445
437269
437618
444847
438739
437931
437462
436319
437040
436305
437882
437617
443493
437571
438473
436026
437584
437855
436920
437166
437768
439609
522059
438671
437588
445064
436020
437294
438202
438902
438736
437847
438167
437510
449293
438588
437619
437619
438327
437570
537675
438391
439353
438119
437002
436836
491304
552288
438919
436430
438581
459392
436769
437315
437114
437599
437871
437345
465471
455215
438979
436599
437675
437008
511379
438257
437124
438454
437747
438281
437276
438635
442899
437186
437843
437701
523914
443815
436981
436865
435469
437959
437399
436653
436585
437370
438459
436379
437330
437572
443729
438025
436299
436292
436779
436791
438352
438479
438445
443365
436543
436278
437924
436834
438044
436990
437782
499016
437284
456946
449667
439895
446327
438521
438809
437667
443096
435750
436698
437200
452349
438017
438173
436155
436786
444233
436912
437116
438107
436745
485713
438348
436841
450934
439308
438486
438263
437135
443598
438834
436350
437295
437064
437958
438256
437583
437842
447837
439215
527831
439393
505431
438319
551126
438307
462613
1604545
1047526
442161
436472
469123
437974
437653
520528
436764
437769
435988
437622
489697
439780
437782
437995
437099
443588
437886
435519
437849
437246
435717
437098
436871
524264
439003
437247
435100
439412
444724
437978
438426
437914
477251
436197
438137
438094
436822
450763
437587
437839
436575
437096
436960
437884
437793
437316
437376
438298
437037
438009
449737
437095
437016
437095
438244
438471
437263
437766
437427
442853
438840
436754
436431
449377
437583
437649
438357
443294
437646
436047
438027
436523
444804
438516
438700
438422
439637
439751
445631
438317
443471
437703
436874
436559
438165
445989
437920
438311
438905
438130
437467
437368
437408
435717
437028
436575
524921
438760
487358
438530
444404
439957
502836
439089
437307
435658
445599
437691
436734
436982
436975
459699
436827
437165
519874
455120
439219
438964
438387
491102
437738
438513
436521
437200
445032
437818
436986
438248
437358
436402
438065
437388
528373
437060
438442
436553
438885
445298
438783
439074
437413
438667
438119
438548
438234
435290
438588
438252
438750
437094
444061
437119
438260
438994
438755
437492
437755
436004
437292
441641
438332
435705
438342
439625
437788
438489
437963
450110
482402
438168
437731
437282
444148
438514
436834
437379
437381
437985
437084
435381
436825
437641
435806
437452
436749
487357
527085
437945
436875
435563
437615
437414
520094
456054
436275
436996
437678
437093
444280
436342
436726
435717
436540
437077
438712
446292
438636
439182
437082
436215
438417
451770
489685
439438
438892
438905
489315
495880
437502
437685
437642
437721
443843
450148
436712
436551
437088
436914
496339
438021
437734
438901
437815
438596
438568
438623
444954
437651
437069
437258
480964
445148
439099
437781
438426
438390
437486
437688
437330
437270
439087
438330
438326
439307
443510
437376
436039
437771
448973
523390
438250
438794
438997
444105
439137
436888
437575
437018
437265
437227
438288
440110
438637
436904
436503
436051
443816
523685
437853
438838
436450
437191
442523
446419
450570
438404
436618
437185
435994
444329
437485
437141
436923
438673
438900
437964
438218
450983
439772
438138
437362
436915
443125
438586
438594
437396
438198
438380
438691
437820
438196
451580
438606
439164
438759
440593
437917
438074
437277
442972
437562
443260
438005
436701
450865
452924
438709
459751
500302
437479
436888
438070
437941
439554
438163
436895
449678
437989
437892
438617
437863
464241
438146
437474
436259
438878
438421
435530
438012
447647
438409
439091
437488
438271
444189
440544
437321
437141
438914
436872
436741
437694
437488
438126
436633
437348
437310
470002
437138
437781
437603
437155
436526
437269
436906
436632
450371
438184
437124
436447
438593
438158
437672
439146
444260
437862
521299
438863
437743
450865
436192
525560
440253
444169
437341
436829
437509
437436
438056
438167
436980
437814
496520
438087
521445
437723
437054
436485
436468
436215
442377
437251
438085
436477
438042
449197
437241
438053
436905
435916
437246
437057
439242
438720
439898
436517
436949
436615
448765
437846
437389
436272
442730
436769
438650
438168
438790
444896
438191
437329
441781
438220
439278
439786
437810
482292
438316
438685
436453
436736
443446
436623
435126
437688
435948
438539
437260
438121
483133
439188
486338
439165
439306
461032
435146
436980
437039
438454
437907
436265
437237
453335
436991
437227
438278
437858
509512
436260
437624
436385
438134
436723
436355
437781
442421
438478
437154
436719
437345
489673
438755
439210
437543
437402
437598
523667
437846
443974
438029
437434
435376
438051
445106
437956
437614
436600
438049
438645
437912
437930
437349
488623
438192
524261
437474
445783
438069
436247
437693
448801
436909
437161
436568
436302
443177
436948
438276
436443
438693
436839
437793
438647
440764
439307
437752
437538
437053
444016
437510
435593
438306
435329
435410
438139
436995
438051
437960
437612
497207
479304
460985
437617
437305
437874
437739
438856
436275
437257
445942
439169
438269
437304
438308
466676
437618
436423
436883
441899
438810
438072
438821
439430
437704
437410
436726
437155
487156
436970
437893
438536
437860
437784
438612
436306
437150
477240
436734
438748
438906
443612
438046
437088
437258
437414
437583
436892
438000
437277
497477
438532
438690
437706
435865
437426
525355
437940
442316
437812
436978
438004
437385
451464
438638
438587
438400
438104
437280
436242
436854
436515
438046
437491
525212
437755
451236
437303
437089
437135
437649
437700
435655
437407
436649
438138
436170
437283
438090
436078
437524
437939
437245
483450
438430
436030
438200
437914
458045
437627
437736
436924
438063
436273
437005
436198
445016
437098
438010
438849
500415
533607
440140
438641
438269
506612
437537
437026
438340
437338
439085
437716
436201
440916
477111
451653
438127
437339
515951
436264
438058
435957
438613
438569
437155
436527
477890
437783
437247
447969
436833
450739
436617
437490
436866
438462
444260
456401
438180
439405
437598
438294
437234
438709
450606
436934
436619
438254
437918
437881
438470
438212
439259
436580
481931
437823
436797
451340
437701
436742
435993
436267
437599
437658
436848
436219
444280
436831
436426
437872
438244
438769
436932
519328
443071
437765
436782
437757
437003
445015
437794
437801
438363
436891
437773
435354
437182
438577
437049
437233
437665
514730
485221
438926
437776
435697
437778
438534
436937
437430
436435
445019
436671
438493
447762
437591
438697
437690
437875
448545
438478
498533
437352
438521
442851
437549
436950
437460
466744
437244
438380
437970
442403
438304
437739
437923
436206
460278
437081
437565
436655
442322
437655
437573
437381
438015
437637
437436
438809
438024
444350
438003
437425
436967
435698
435834
437575
435664
447972
437385
437042
436655
437259
460441
436862
437537
437225
438860
437977
437481
437159
438185
436560
437106
442287
437321
442301
438562
438424
440046
437439
448475
437374
437067
436731
439252
436899
436767
438770
483691
438813
436750
485979
438040
438432
437155
438907
438828
449114
437166
437173
439031
437233
438419
437542
438708
443192
438187
437717
437603
491883
492341
438736
438256
437776
438171
437909
438049
438925
437996
438116
436833
455670
438784
449009
437905
438184
437017
439415
439159
437273
439566
460801
498416
497898
438838
436973
467738
437921
440720
437218
436690
436440
437394
436945
449545
438798
436266
437822
434882
472801
437847
437674
435448
437494
439305
436488
436822
442080
436289
437770
437317
437174
448930
440783
438128
438184
436353
438349
436704
438412
438075
439340
437110
437436
436331
486358
436206
438128
439327
443404
438779
438215
438691
437927
444913
437632
437048
438020
437907
436941
436460
437031
441742
438032
437518
436356
437959
489413
436948
438209
527038
437054
437228
437615
437714
439281
436663
437362
436672
437363
451834
436194
436487
437858
436473
436987
436493
436094
437746
440514
436886
438259
436708
443101
439142
438321
437127
451368
437082
437591
435097
435810
442902
436437
437581
437659
437992
438695
437888
437298
493425
438616
435410
438972
471768
447312
435603
436251
438804
450081
439038
436522
437330
457626
439026
437612
438347
437806
464543
438687
438493
436875
439399
438157
437308
438465
449832
437691
437882
436107
436644
444483
481751
436781
438142
437193
437083
437693
437251
450830
436856
436423
436349
436785
494640
437910
436628
437501
439424
436325
437241
445419
449331
437389
436213
437820
437205
443278
437081
437228
437892
435911
436394
437592
438503
437875
511928
437847
438850
526424
446778
438598
438306
437735
444916
437588
437759
436161
435786
450268
435821
436286
436288
437358
437457
437509
436298
443155
439356
437808
436746
437320
741190
438351
437809
438258
445082
437760
437041
436710
437140
437757
438731
436232
436981
529507
438822
436633
437146
444520
437163
436446
437210
437675
437989
439047
437624
539282
495367
560215
439095
438405
467994
524218
437592
438507
437819
437848
438267
436555
450706
438513
437811
436442
437293
443650
438585
436001
436799
438805
436417
512669
437617
450277
437841
436468
438338
437595
444789
439746
438050
437013
436763
436408
436430
437783
436602
450127
437000
437065
438938
442260
438320
438789
437457
436543
436405
435804
436082
436608
450857
438617
436725
437788
437243
437919
436833
438346
438131
436355
437026
437837
437700
449807
437936
437343
437398
442548
437699
437271
437806
438435
444708
438584
436465
437299
525583
437600
437305
438926
491580
437907
437992
438697
437262
460713
436864
437897
437619
438813
439380
437459
437278
438357
514645
438120
436364
437245
458067
437153
437877
438222
436369
437564
438295
436200
438490
437095
515466
438036
437682
461498
521070
438467
437989
439205
438063
435602
437379
456039
436328
438010
437985
436604
466174
435946
437347
442859
438572
436318
438456
438153
439710
448000
436889
437827
438322
442749
437283
437304
437201
495373
438641
437910
435925
437466
444471
436742
486941
437087
441815
438174
437921
437339
447045
436011
436632
435554
435695
444309
438139
437285
437470
439731
438767
534677
469606
450517
436391
436585
438373
436599
444936
438612
436308
437319
438159
437263
437699
436868
438365
438631
436821
437952
438553
569605
438370
436651
436105
437370
437711
438789
437528
437328
437950
437692
436867
436748
436964
436375
437401
438113
444564
439150
437344
437247
468270
446941
435671
436549
438650
442939
436849
436539
435979
437724
437946
494691
438511
534271
552388
531125
437483
436980
451751
437178
436919
437213
492735
438383
435205
437204
447048
438027
435829
437099
436006
444751
437752
469503
435435
437281
436321
435658
438094
440225
438394
437626
437940
437538
491393
438212
436356
438474
438676
437133
437786
439056
448288
438432
437977
438053
449704
444420
438133
437969
437052
435777
437288
436573
437228
438518
496352
437713
437227
473790
441874
438131
436424
437386
443345
438116
436643
436598
467149
453529
438497
438154
437969
438333
438426
438582
437050
437622
439199
436427
437872
437130
450251
437630
453418
438330
437063
437281
436259
438770
435577
437939
437824
438737
437687
447870
525856
436648
436559
436457
436630
436676
435889
436395
445348
436362
438680
435906
437126
436083
437174
437891
443382
437616
515933
471731
443802
436834
437949
437364
436296
509558
438707
438503
436629
438664
438677
438558
438186
437582
452183
438140
526346
438628
450946
437791
437435
438802
437735
437193
437845
435487
436761
491241
438232
436738
438476
436585
437746
437220
438625
445026
437186
438420
438173
437106
443868
437714
437422
436438
438324
437267
437497
438397
438473
437170
437552
437917
480761
443473
436840
437771
438567
438293
437808
438719
437845
437614
437741
436366
437179
438360
437543
437060
438013
436313
440412
443783
438224
435335
437516
442915
436449
437580
436083
438161
436630
436296
436859
440133
437535
438055
437220
437487
443307
524623
437006
435920
439036
437401
437689
437936
438059
438518
437243
436832
438031
443760
438001
437862
438049
442104
436333
438194
472615
438184
439025
499451
439628
544415
502994
437060
438083
436335
471177
478300
477077
478286
486387
437810
486193
438301
437525
437485
436743
436861
436982
438832
438347
437339
438582
493634
438135
439231
438429
443037
438238
438542
436495
448852
443350
438104
437249
436526
436833
437196
438402
437694
442532
437474
437553
439252
435870
491618
436783
436499
436126
530381
435876
437620
435905
445353
435114
436782
437144
436713
442807
437120
436411
437474
450063
438210
435802
437844
436122
487778
438224
438256
438826
442490
437057
438544
436973
439946
436873
437807
438007
436998
442473
436866
438561
437420
437080
448971
437840
437639
491155
438376
438138
436342
436548
443902
436357
438003
437722
437302
437764
438432
438670
437996
450464
437278
445409
437571
443397
500084
495357
479658
439817
438270
437366
437608
449837
437647
437612
436538
436155
458749
437052
478314
438814
451137
437334
438300
437055
439095
438072
436675
438266
437377
495012
437673
436626
436707
436647
438351
436621
437428
524067
438532
437696
437154
437377
443556
434722
436897
437748
442829
436143
437949
436227
436100
496005
436766
436097
437361
517532
438426
436115
436463
438776
438218
436749
438153
439038
450047
437334
438191
439120
437217
437051
437371
435138
437275
441636
437788
437439
436332
507247
437791
437269
437026
437863
438015
437695
436859
438118
448980
438775
437647
436831
453864
441492
435954
436856
441268
439040
438089
438227
437133
437866
437342
437725
438255
437973
438135
437760
438281
438368
438529
480638
437114
439024
442978
438239
437857
438028
439145
568870
439383
435628
438357
437847
438219
437460
437801
447453
436885
482825
438165
467309
435963
437735
437620
437873
437981
437521
436620
436597
438787
437310
435921
435201
449806
437479
438374
437892
444633
438393
438033
437955
436340
443465
438169
437939
438554
438213
438027
436692
438459
447011
437205
437233
437429
436860
534031
438261
437695
437415
438964
438974
435548
438458
443753
437151
439008
438152
437978
442639
437611
437838
437468
439094
473746
438259
437181
436421
439825
455157
436960
436996
443111
438002
437240
439096
438412
437965
437557
438216
438166
443382
443045
437726
438533
437597
438199
438015
438251
450301
437532
437326
438237
437388
444121
437050
437304
436722
435661
437617
478723
439017
437171
438489
436367
437223
437815
482162
485708
456363
441324
449297
437362
437255
436531
451390
437821
437882
478700
437710
463390
437747
438341
437672
438289
439057
436969
438020
440962
438443
436595
437509
437269
444943
438413
438362
437747
444551
436690
436572
436610
450530
447971
437378
436208
438003
445110
437957
437805
437339
436683
438431
438210
438494
435717
522720
439141
437386
438609
444238
438772
437955
438340
437895
438656
438200
438737
437742
451135
436937
436836
438184
437713
516711
437117
438173
444492
439792
438498
435848
437689
450427
437929
437232
436316
437991
436816
437161
438820
437807
436920
440203
437857
436232
493060
438177
435837
437617
437564
435920
436062
436117
437521
442139
439517
438370
436561
438228
438917
481882
438441
443432
437885
437466
438605
437147
484207
436477
437854
436344
499103
438589
437797
503454
483866
438598
437064
446740
449428
436239
437798
437675
438110
467127
437284
438126
436254
437103
438924
438294
437706
438135
438568
437823
438369
438167
452048
437757
437951
437989
437917
436824
439361
437686
438210
442948
437854
438118
437736
438964
439432
436682
438058
438424
522730
438627
437970
437374
444896
437888
437997
437352
448879
438056
437620
438016
436724
436384
437001
436191
435856
485019
514841
437495
435584
436648
436263
435012
435913
437135
437774
435739
437171
439639
443204
437382
438158
437152
450446
438742
441527
437074
437031
493709
437256
437988
437626
437913
437739
437215
438890
451407
437283
437482
438798
437812
444285
437262
445957
437042
436884
436947
437280
438347
437674
441191
438148
437128
436957
443805
438182
454990
438850
537970
438808
437329
477452
449959
438540
437947
437075
438873
460178
438780
438167
436693
438809
437613
459649
445610
437133
438239
436883
438816
482244
438572
438876
438124
436680
442030
436689
437078
437393
439773
437551
436252
436489
437098
489528
436364
436676
436834
437879
524805
436896
437529
448945
437354
437130
436649
435969
444534
438836
437589
436462
436182
437872
437049
437725
436975
493216
519508
438075
436598
675230
1497443
768810
439115
438083
450956
437174
436820
438694
437943
437777
437020
438796
443925
437609
438265
436646
437778
449973
437648
438488
438670
437940
437638
438086
436780
437839
445660
437975
479839
438584
448557
436556
437574
436469
443377
437506
436542
438177
436999
443724
439478
438384
438740
439283
497719
498557
439908
452328
439728
437432
437386
438075
469964
437112
435571
437858
436912
436905
436403
437615
452617
438845
435360
437888
438031
533709
436328
437051
436017
436503
436782
435674
436763
443349
436957
437895
437753
438366
442510
437972
437001
437666
437431
438108
438087
438387
437733
438039
438449
437670
438244
437487
439047
437367
436845
448405
437237
438925
438104
437667
444972
441628
439345
438403
436363
495545
438642
437006
458002
438538
436727
436641
435807
460195
437287
437696
437756
436577
437880
479349
438874
437248
455468
438181
438309
438713
443374
438746
436741
437022
438332
436506
438840
437774
436282
450616
438433
436826
523371
436948
436150
437406
437396
438098
435600
437384
436364
436350
451692
436908
434725
438124
437499
436030
437326
436405
438628
437550
437387
437297
465113
525920
436219
437822
437924
438271
439830
438167
438341
451726
438468
437485
436190
438205
507154
451623
438374
436612
436482
435821
438731
437903
440971
438714
438549
437886
439030
495258
438737
438544
438276
437670
438295
439108
438160
438243
437309
437497
437110
439134
451122
437930
438386
438991
438489
436860
438323
439198
437886
438823
438115
437478
438107
452192
437124
439474
438479
437396
437918
437632
438827
436882
444843
439023
437391
436391
437320
437440
475903
437747
481875
436732
436160
437824
436516
443602
437485
437712
437969
435724
438028
436743
435880
435877
436849
436777
436038
528999
442982
436264
436311
437653
439922
438219
436984
438505
437884
438702
437254
437600
437403
436925
437992
438604
438756
521154
437596
522788
476840
439243
438405
437483
436853
437275
502431
438195
437414
439018
439547
438558
437489
435832
438051
539973
439096
436222
437686
445097
460578
437726
437146
438814
438235
437911
438873
438098
490939
439040
438556
436293
438075
436872
438540
436729
438715
435881
436576
438084
436248
444553
437841
438576
438899
438633
438999
437554
437345
486384
437400
444431
437766
435879
444285
438458
449338
437706
437493
437812
436438
435123
437661
436126
436887
435400
437997
442839
436960
437866
443299
439053
439068
439205
437608
436414
439174
438326
437367
437828
443587
438471
438068
438941
442857
435932
437396
438765
522780
451264
439058
438031
438281
440075
439424
437803
437881
443097
437522
438477
436997
437830
451268
438299
438370
437381
480451
438906
437963
438197
458796
439682
438469
438322
438262
511822
438897
438504
437835
439553
439411
438374
437675
506101
515578
436130
438347
437954
441630
435844
437820
438670
458852
437270
440688
438652
437665
438629
437333
434992
437331
448834
519489
437400
437137
442763
436789
436063
437033
444064
438310
435674
435138
436664
451131
435762
438609
436271
436647
438299
436580
437362
438433
437397
438176
437139
438260
450850
437535
436370
437686
437605
438648
436962
437468
435420
444313
438046
443027
437011
438305
437193
438112
438613
439458
436864
438660
438093
438208
443521
437969
436119
438453
438346
436820
436914
437376
529822
438552
438376
438080
438484
486528
436617
438998
436006
438443
438243
437583
437143
438076
442125
436832
438446
438365
518300
440107
438526
438677
448380
437541
438338
497800
437505
492056
498738
438435
438056
459484
437701
438056
437249
438066
524092
438091
434823
452332
437200
435739
437716
437690
464174
438169
436875
435077
438645
439253
437175
438637
437524
437926
515737
437872
437240
444418
438079
438352
437740
437692
437860
437032
438680
437608
439026
438202
436674
437585
438185
438840
438893
438319
437671
437695
436728
437993
438397
443372
437731
436346
438409
438738
437848
438221
437207
439622
438525
435605
478014
437334
485161
439242
437186
437608
437264
439117
436839
438316
438238
438509
436723
437538
438003
444480
436934
437702
438170
526658
438128
436138
437775
437695
491010
437912
437776
438013
436746
437128
437872
436969
437968
436391
436555
436681
436292
536654
450029
439002
437031
436620
437335
437392
437463
476802
440294
438362
507327
436710
446873
438447
438975
437936
458101
526519
438264
438249
438048
437220
436584
439209
438227
450096
437831
435811
437173
488351
439223
436805
438706
437250
438209
517536
437722
436433
449208
438041
437690
438299
437101
436718
437543
436973
438834
436652
437680
436165
437450
490478
437994
437748
437914
437836
471623
438841
438364
443663
438340
438340
438352
436762
467677
437913
437109
438421
437446
437460
438904
514610
484417
439133
437373
437501
437694
449802
436059
436372
437097
437908
437088
435706
437046
438114
444081
437682
437080
437851
457055
437807
438219
435906
478157
437077
436932
437132
436168
444268
437310
436503
438234
437255
437409
437045
437712
442925
524632
437750
438648
437798
444054
436358
437723
439506
439156
439814
437810
464443
470608
437397
438060
437252
437258
469914
522680
438378
438827
439129
437040
436822
437459
452027
482812
455674
438194
437446
488906
436720
436554
437115
438688
437652
470077
438823
438252
437696
436620
452972
437055
444211
436998
437514
439435
438471
441320
467250
437817
437364
438227
437543
439364
439044
445107
437893
438066
435662
437794
438443
437532
435478
437483
436725
438569
438078
437639
440972
435832
436520
516468
438241
437388
437084
436720
436313
442761
437025
437006
436974
436585
437007
437409
438318
440056
439271
438248
438776
437214
446183
437797
438053
437560
438883
437547
437163
436737
437685
438667
437570
437085
438678
443959
438323
436874
437573
438492
527370
439218
437963
438198
468405
437068
437183
438895
437932
437651
438224
436903
442083
436937
489513
495143
441160
442605
527029
438386
438387
469173
440171
437969
438632
438025
439780
438081
436960
437710
440725
437398
436811
437760
464387
439297
525923
436547
437223
437791
436447
436776
436706
437545
436630
436301
437483
440795
436808
436139
436612
484938
438296
437748
437396
436592
447807
437063
436896
435980
437447
436067
438109
437344
444727
437528
438595
438075
436269
450279
437094
439135
483677
438878
438957
438724
437672
438037
437696
438468
436556
436802
451247
436801
438314
438284
435323
437651
435981
438050
438486
444163
438370
436202
438860
490430
437286
437935
435816
443187
436937
438039
438092
438424
444377
438134
435748
438268
438430
524271
438835
436194
444162
436735
438581
438555
435518
489638
439015
437754
438786
438013
437429
438122
438884
486357
438511
512351
436950
437089
442842
447777
568855
437765
465197
436935
436502
435670
439348
438840
436542
436798
436892
449471
436334
524463
437499
461277
438344
434932
438510
436354
453949
437439
437958
437003
445315
437981
435679
437697
439063
439214
436599
482691
445774
437450
436931
437606
437034
443605
438588
437213
436690
437294
438097
436943
437043
437080
437784
436607
436681
443396
490894
437140
437378
437305
437725
437837
438221
436804
438438
442928
437406
437038
437955
437459
437109
437933
437779
450015
437545
437280
438005
436779
487998
437804
436952
437544
438242
437657
436947
437751
436682
478539
522056
439643
437105
444803
443287
436094
437531
437856
436907
438378
437116
441224
437999
435299
438213
436657
443733
437551
436369
436732
437468
437475
523929
437758
441071
439400
497413
495304
437979
450831
437239
438444
438663
445600
436708
437685
438202
458128
437762
437910
525932
436958
459387
436800
438180
438120
436853
436469
437504
438227
451216
437398
437427
437499
438786
487432
439124
438263
524701
439526
437813
438063
438057
512629
437670
437167
438206
438292
439126
437995
437804
437033
443367
438700
439146
436681
524139
437888
436507
438375
438696
444401
436386
437564
438375
437622
437950
436492
436241
438080
434801
436463
437925
436436
443335
437505
436719
436154
437388
438313
437022
437151
436620
437625
437083
436260
436828
441449
437869
435992
437652
440706
486300
438324
438634
436343
450526
437113
436569
437541
438354
438748
436611
438445
438936
436154
437540
437744
438876
451169
438180
442581
436643
437976
501062
437779
588855
440046
437518
436820
436442
435675
447155
437830
437292
436335
454121
437425
488586
437572
437741
437048
437611
437996
436798
438185
437550
437792
438130
443223
438130
435545
438489
444402
437822
437727
437809
484791
449787
439214
485142
439097
450341
438392
438683
438013
453852
438135
438571
437410
437503
451824
436172
436564
435741
524445
514408
436793
437332
436086
444190
437010
436686
434966
449227
435089
436853
436254
436946
436450
436822
439607
438756
524227
438272
438324
437585
494829
438460
438251
438397
438552
438754
437414
438230
442519
436516
437519
438444
437268
449829
437468
438738
437719
437419
438528
435522
457158
438662
439385
439118
438443
437508
449097
438823
437092
436504
444019
436286
440992
438365
436976
444288
437424
436752
497443
449007
436754
573546
436717
440054
439392
531592
435896
456409
437296
437346
438936
438128
467909
437979
438343
438871
439138
437809
436782
436885
441977
436682
437398
436765
435638
491946
436586
437577
440457
438686
436045
437602
436209
442149
436170
435756
435917
436242
448295
437286
436898
435697
442653
437836
438724
437357
437310
487369
437201
436956
436321
438081
436746
437887
437277
443924
436952
437621
436452
439032
444121
437697
438039
435953
437808
526589
438001
438822
481023
436476
438772
436751
437567
443858
437042
437800
438653
437841
438115
437657
437751
436906
445974
439134
438772
437732
448501
437087
438790
438025
443305
438575
437297
437933
437945
445156
436835
438498
438209
437548
436917
437262
438095
437060
438306
440857
446221
437110
443382
437620
437700
435596
488941
438802
435163
437308
457245
438433
437087
439136
437178
468427
437244
437084
437698
437287
439604
440597
437316
464454
437806
438544
438430
438334
485247
437679
439082
476965
444741
437115
460603
437972
448837
437323
437318
439873
437569
445016
437087
438199
438403
439104
438525
437892
438100
437781
441016
438809
438640
437436
445097
436316
437855
436415
437292
438769
438113
437814
437935
448663
437736
437243
436706
436368
525584
439146
438191
478425
438251
436956
437842
439032
451919
436931
438236
438066
438404
438964
438223
436444
438400
438182
438680
439529
437970
451897
436902
437528
437072
438520
438376
435078
438005
436342
436558
436543
436121
436484
447796
436393
437886
436945
436452
436758
437771
435276
436466
443678
436900
437417
438088
500989
611032
438664
437505
439348
437623
437621
438612
451414
439075
437091
438071
438050
467039
438622
438294
437907
438692
437714
436990
438278
437351
438883
437406
439609
487725
452431
437038
436910
549109
440294
437529
438508
437985
438156
437159
436863
437619
436210
454627
436299
437727
436680
487520
439156
438728
438207
444398
438152
437861
438044
437491
448580
439538
436720
438021
438617
438906
438035
439085
439660
446806
526672
437443
437414
438718
436882
437259
437998
442090
437411
434584
437566
436772
442977
435915
436942
436617
437636
436694
518281
436600
437676
436473
437448
436595
436310
487081
439109
438023
438115
438239
437579
437872
438435
438077
442325
437851
439699
439156
444006
439085
438295
437773
441656
438788
437742
438835
436163
490972
440375
439966
437346
555994
495197
437189
474306
438844
438356
437963
437411
451273
438278
438723
437900
439675
463853
438067
435617
437167
439300
438650
438150
437282
440507
439347
438852
437268
436841
442749
437351
438009
436698
436931
436853
437086
438428
439192
443594
439505
438149
436641
449517
438153
436870
437860
436068
436323
436208
437289
436886
443984
436295
436532
436027
437849
437314
434902
436163
436035
437042
525088
435074
437389
486091
436733
436408
437085
437534
437841
437525
438615
438482
439086
437180
439107
437091
442430
439158
522097
439598
437287
438594
436089
437689
438187
496601
438775
438337
436412
436897
437695
437257
437355
437950
439254
436826
447532
478499
489148
478507
477760
478245
485051
477345
478828
476436
531223
478718
478071
477953
491609
496500
478792
488241
449200
438371
436539
437208
437733
438431
439031
437089
447041
437300
438716
438129
435683
503380
437824
438832
435996
519050
436789
437355
493655
462515
437498
438101
437357
437065
459863
437923
436363
436050
437562
438839
437509
436538
436591
438202
439107
436070
437646
443575
437412
436713
436849
437688
436121
437677
438002
435417
440027
439114
438120
438578
442373
478936
438662
437888
438882
438275
436977
436911
438119
450431
437337
438033
436765
437894
438935
437680
437223
442400
436908
437561
443381
438183
451306
438571
437307
437068
436846
438291
439385
437500
444110
438530
438286
438454
438647
449130
438478
439206
527601
438118
437029
438506
438006
438151
437719
437604
438313
438790
436976
440295
438042
436372
438526
436330
437784
437899
589783
573476
478437
477922
492739
438466
437073
437985
438190
465813
437542
436397
437198
439184
437137
435852
437481
436760
443502
436868
438623
436954
443539
439020
436573
438035
443677
438491
437425
438643
436250
451204
437886
436174
438866
439013
524422
437819
437547
438881
438261
438805
437367
437666
450026
436975
436830
438439
437323
436935
436560
438547
435990
437345
439629
438769
439074
489113
437974
436908
436644
438087
437930
438918
436691
438504
442610
436462
437480
438270
437837
438360
480343
438722
449761
440075
437000
438495
437993
491830
436745
438358
437853
438278
438343
436324
435996
435849
437766
436082
437263
444159
444266
436534
436476
457319
437500
437580
436774
437141
437273
439877
437614
436705
436877
443872
437314
436810
436998
523905
437997
500009
436820
507309
458088
552056
437559
436866
469090
437520
438475
437584
439463
439089
437469
437861
495002
436305
438736
436633
436228
438501
438363
438441
438768
438457
437590
438110
436312
437744
437183
437076
437906
438116
488457
524828
437303
437791
437041
436589
438384
437403
438239
436979
437776
439237
438693
444725
438730
438207
437474
438487
437682
509527
438080
439166
439453
438143
438357
437233
445848
438993
438582
437578
448824
435313
437993
435739
437190
441794
437902
435443
437647
438130
436644
436710
437154
439228
437803
437010
437276
437761
443491
435613
436575
438483
437906
438863
438799
481910
450198
438492
436640
436461
437513
442607
438796
437210
438022
446841
439274
436987
438145
437118
450883
436854
437478
436645
528069
438653
437332
437573
438551
514238
438335
437007
438031
444532
438283
437628
436939
495507
437753
436340
438314
438773
445462
436020
437760
435580
444299
437098
438681
435872
453422
439405
437437
435858
437065
438314
436704
436454
438030
493435
526729
436660
437176
443488
437346
438816
437174
445019
437666
438000
437830
438101
451685
435850
436945
435857
437061
437460
436050
438783
481025
436431
437378
437921
437278
450537
437615
436171
436421
436124
437054
437781
438598
435622
442342
438091
445172
438746
449210
437538
438296
436885
442927
438546
437965
441785
439952
438616
437373
438561
443416
450132
437340
435806
478905
439034
438388
435978
438158
438469
445266
436625
437207
438596
438223
437331
437502
437120
444221
438826
438549
435549
438070
452664
437448
436764
438277
436589
437591
437849
439028
473326
497855
437817
466884
439216
439414
438730
437733
435967
824622
1463107
758648
439570
443610
445550
437137
437696
436715
456271
438228
436512
436202
480572
437693
444754
436828
437581
437695
437462
437765
438435
448821
437214
437821
436158
443201
435324
437136
438230
436218
445119
437415
524502
437736
438590
438620
436851
438328
443848
436567
438448
438956
438741
445499
438621
438179
436672
438411
438332
435938
438498
437904
438084
436934
437759
437530
486212
437665
437217
437602
438124
438595
438787
438072
436976
444687
436707
438491
437158
437225
436698
438365
437421
439109
438047
438398
437903
438412
488906
438664
437081
436571
437575
436320
438103
437007
438083
444232
436979
438338
437107
443724
436770
436276
436792
442227
496140
438609
437996
438242
578429
438795
436968
437241
507732
438491
437284
451669
456209
438224
436751
437101
445108
436908
436353
438482
437860
460088
438754
438337
438510
439110
485773
438328
437320
438440
437934
436424
439241
438003
443640
438391
438085
437440
437632
438307
438745
436052
448725
439190
438453
521670
436895
486748
437480
438542
438736
438409
437991
438640
438336
438440
438864
438420
438113
437044
444201
438860
438618
517830
438603
436741
438816
438448
436923
498232
439176
438106
438560
436276
438734
436164
438517
440661
438446
435952
439097
437533
452296
437784
439578
437763
437126
435566
437688
436960
479967
436816
528521
438316
436960
453487
438241
435896
438100
438614
437345
438052
436936
437414
437572
435840
437317
435963
450554
437855
437700
439006
440647
438351
498310
495590
442045
437856
437174
436882
437986
438089
438994
436740
437496
481073
474185
438864
437840
437822
436880
437942
437199
489887
438864
439884
438041
439396
445377
436945
437454
438079
436856
438506
438032
437868
441415
438134
436551
437605
438367
442643
438554
449292
437746
439278
438226
435937
438820
436643
438925
438296
437135
438583
444308
438372
436813
438384
463806
440970
438992
479248
437244
453100
437783
435050
437060
481648
438130
438556
437241
435358
437088
436700
437407
436891
450517
436610
437044
437267
522527
436664
436781
436141
450161
436680
437151
436818
436606
494429
438006
437435
438183
437239
437375
436490
436031
437174
524650
437973
437442
437240
449947
437102
436086
473791
439447
439236
439305
437243
436731
479420
436727
512036
439717
468852
486859
445687
437184
437616
438484
438227
438328
444077
437908
436933
437588
438424
472478
436983
438392
437489
437745
438998
475158
437475
442882
438678
437927
438395
437815
450651
436924
438448
436982
438382
437657
437198
436998
436841
445010
438115
445705
436798
438012
439289
437152
435562
437821
437606
437495
437102
437042
442127
436671
437749
436670
438154
436713
437674
437882
440348
437212
437110
437259
436287
491645
437636
437573
436464
437024
438969
437731
438849
438982
443270
438154
438675
438308
530020
471021
478421
498853
439015
438049
437989
437936
448226
438603
437111
437953
437824
443761
438587
437539
436856
436875
490277
438645
437704
438968
438737
437940
438920
438203
443071
437733
435907
437069
488034
438229
435908
437571
439235
445220
516234
437901
546444
462443
438224
438252
437553
437666
438983
437066
438566
445978
438405
436889
438083
439256
504148
436876
524617
437853
437304
437343
437519
436566
439466
435782
436299
436582
436459
442930
437144
435941
437418
447910
436637
436473
438027
439561
483534
437176
436892
436947
443422
436886
437548
438570
450203
438610
437069
436709
437541
443287
438428
436918
487123
438479
437787
438061
438529
495445
439284
437524
438812
438760
443703
439285
436944
438108
438664
437729
436678
438485
438542
440021
438043
437356
438687
443698
438235
437046
438539
484132
438864
437742
438022
438775
450156
437576
438559
436384
437201
488291
438106
437916
444251
438347
437218
438585
437149
451199
436898
437379
438763
438123
439726
436830
438002
436469
437591
437996
495253
438431
450700
643384
437431
436447
458309
436947
437023
435813
447609
438569
437392
437558
437475
505238
437361
520498
437835
459775
438071
438616
438037
437719
435382
438274
436758
436063
449879
437410
437518
437008
436781
437725
436294
439243
485317
438659
438903
437975
436874
451008
437723
437935
438356
437390
436650
438101
438707
437761
437724
437910
436820
451766
624934
437868
438371
438282
494592
438441
437109
438718
443192
438153
437178
438317
437368
467886
437932
438412
437381
439811
438327
437460
438715
438473
437341
437652
437937
437151
498396
438335
440901
435783
437141
435977
436704
437349
437642
445882
437732
437611
437092
451462
437701
437456
436439
436631
437147
436350
436521
438265
488847
437756
437465
438369
437809
436410
526563
439585
489955
497796
439155
492526
452641
437911
437876
437990
436159
467275
435668
437111
438558
438385
437913
478379
438087
443534
437274
437916
437045
436814
450428
438672
437035
438259
437288
437950
436003
438405
437199
438262
438186
438235
525476
492958
438590
437773
437531
438364
436699
437781
436760
437299
438321
436892
436042
438937
437480
438027
437013
437451
518921
438500
436900
437594
436809
490774
438616
437315
438534
439745
438152
437683
437354
442732
436628
435747
436992
437003
441635
438268
436313
436755
438577
437094
436174
437189
435910
439650
437385
435981
435429
442458
437623
435863
437321
448919
481698
438764
437581
438290
444377
437560
437684
436186
436803
437700
438112
438758
491057
439284
438652
437840
437106
445743
437935
447376
437689
438046
438530
437174
460859
449896
491341
439054
439163
437812
467922
437480
438362
437843
439456
437695
473755
438078
452229
484513
438916
438071
443215
437163
436740
436872
438750
442384
438494
437603
438366
438086
437127
436972
451524
441750
451919
437981
437868
438199
436626
449945
447933
436279
438807
436967
437184
436287
436948
443058
437323
437758
436224
525114
437870
435823
437319
489561
437171
436387
438056
435246
442941
436211
438751
439480
438027
436937
439136
437782
436346
449992
438147
437600
436703
465429
438534
436847
436954
441682
438742
438038
437816
437572
452432
437792
438635
438093
437620
454838
437851
436691
444525
437498
438279
436929
437977
451913
437046
437394
437425
438064
438758
438336
439233
438815
437007
479626
438468
436601
451110
438048
436657
438257
436922
437464
494749
437077
438325
567681
480586
502585
447361
437687
438525
438567
438396
469305
438303
437900
439311
438394
436792
437116
437357
452902
438856
438243
437227
436884
444772
436225
436541
479267
439535
438243
436177
436518
435962
437129
437671
437961
436780
443053
436692
437189
436903
438920
437388
438337
437347
437080
533642
436485
437989
438428
437384
438333
436504
437049
443565
437828
438305
437838
436789
449857
438191
438192
437296
438756
528338
437243
437285
437453
437270
437440
438412
437445
492474
437651
437640
437410
438581
437070
437538
437114
437181
445170
438587
438621
437849
447450
438134
436069
437192
442199
436674
438715
436824
439319
486107
437021
436955
437672
437713
438965
443744
437592
439079
438831
436070
437672
436306
444064
438278
436175
436449
437563
516697
437764
436435
494351
437668
438596
438710
437393
470244
438270
438827
437963
437933
439233
437454
435982
448998
437938
436903
436814
437990
443654
437852
436342
436019
444520
438902
437078
436094
437611
436667
436488
438418
436483
442959
436050
436547
436892
450388
438407
438117
438067
438031
531371
437900
435938
436558
437256
438314
436636
437856
451064
437436
437806
437728
436091
443066
436756
437173
436710
436748
437731
437997
438028
438175
437926
437621
437593
437669
488852
436803
438623
437794
435534
438854
438607
437840
438119
450651
438234
435858
436317
442395
437740
436708
436461
444360
437110
436640
438133
437461
489560
437971
435954
436999
613361
438998
446150
436568
436525
436221
437938
436392
447650
437506
437525
437147
442778
437925
437764
498848
516470
444798
437287
437137
521838
472968
438241
435591
437956
441639
438669
438199
437563
435536
457875
438439
437426
437782
438585
437169
438872
437001
522917
437644
436321
436474
436707
446022
436701
436995
438218
437716
436670
437107
437009
442507
437545
438194
437974
436827
444433
437113
437876
437761
437791
438949
438274
438759
438113
439200
437390
438363
435633
436731
438173
437837
438702
452443
487188
438258
437182
434706
442985
435084
436751
437792
436664
438468
437300
436549
436145
438082
435843
435687
435698
442588
436179
526076
438171
437430
436189
436542
435851
437590
451726
436074
438292
438043
437349
435794
437377
437403
438234
437167
437497
475131
437486
507165
438919
438749
438106
438708
439135
438175
438279
439371
437434
437413
436765
436763
464251
439890
563966
510881
460262
436951
438542
437766
437986
437682
436536
438246
438586
448293
438274
439425
435791
454706
438192
437641
437603
480061
437912
437332
437021
436723
450719
438280
438532
437643
438322
438424
438139
437237
438047
438363
437677
437364
437146
451825
436256
436154
436387
437957
438299
437220
435716
436298
438131
438829
435811
437009
450538
437949
437422
437660
435571
436910
441836
437063
436610
443162
436773
438729
436982
437704
437473
437179
437142
453081
438106
436756
438114
438434
444431
437501
526905
437453
437380
436675
436295
437937
438422
437460
436666
437401
438158
486356
436540
438149
438811
437536
436709
437591
520355
445871
439493
437931
438830
438256
441129
438232
437881
437290
437694
437935
438176
438219
437043
486418
438178
438407
495049
576914
439057
438543
437161
438767
437885
435825
438578
437749
445393
437267
438719
437185
453328
436724
437617
437365
438038
438560
436110
436386
435721
437640
437205
435397
436494
442555
436926
436959
438034
449200
436941
437617
436697
435804
502625
436657
435876
436743
438401
437701
436170
437624
450354
437454
438663
436909
437407
444435
437635
438651
436787
436480
437273
445545
437736
436676
443117
438059
437600
437522
485473
437417
437697
437088
438240
437403
437728
436822
437100
450190
438879
523972
438593
443771
438670
437037
437269
465457
437796
437700
438811
437621
492627
437030
437090
437996
436671
438279
454875
513506
438895
438260
435758
437380
437575
450555
437915
436982
437763
440314
437796
435510
437732
436031
439583
436447
436624
438263
451814
436644
439125
500706
540551
438755
