577532
549042
537431
506654
571353
492315
502259
468884
493701
483058
432846
436524
564948
1301375
964340
502840
532673
643989
620698
635412
613247
689278
737694
835847
772834
744936
737930
715264
675403
612326
638061
679977
730183
750232
624889
632319
661692
631089
631522
672710
633014
633661
640526
618446
684341
648897
668276
765466
635888
622827
628581
603654
651215
525699
669811
542895
660212
483245
470894
526952
589508
473161
471905
529716
476294
547766
482242
502587
484627
529914
477424
682835
644559
486435
490374
487521
487278
484809
564519
563880
488386
479064
490896
479509
477305
481849
530593
710605
504839
512734
486445
488662
494758
532011
488627
484485
480856
570179
498115
486685
487118
489687
688097
633010
546138
489552
523222
510009
490026
594717
490681
483066
479597
539591
477372
522881
476709
536324
575970
431737
427505
426649
473256
499801
469302
490709
473205
501228
476991
494633
441675
469369
439409
428891
542103
603636
503894
427472
428298
479870
428325
427217
426491
432865
427326
426917
427072
440946
460982
449302
426519
425339
612093
478738
426690
425752
508298
453017
431240
427617
429189
426629
426281
426720
425371
462686
427393
424959
497872
467173
590935
433622
428554
427799
426881
436419
431767
427006
431418
490262
432004
428281
453329
455364
427352
426667
431440
474921
575805
439267
429644
427005
428417
426957
426713
450436
428246
433975
440298
439708
427991
519005
428371
427309
432158
473766
573616
433663
426731
426510
427475
426812
440916
427526
426393
426962
452208
426675
426703
430381
426677
445274
460591
486208
568796
463854
427275
427303
435236
428711
426606
427112
426905
434965
449825
426515
443337
429018
425911
426818
425855
433928
605886
435703
490426
429124
427990
433888
426120
426134
425528
426726
425874
426545
426063
464862
427730
425558
426133
433770
641445
451090
430777
436532
454973
432687
433314
428627
429488
427497
427297
426395
426785
449761
427520
426479
426712
451003
623348
433963
427059
427310
426569
426408
426887
426906
448035
430858
514479
429126
438800
427225
426963
427077
440751
427655
605055
444474
439800
429427
428941
427721
428824
444113
428305
427102
426503
441618
434107
521537
452212
427205
482381
430345
620429
465680
429518
427329
427167
444381
461774
427370
427234
427839
450731
426714
426863
426071
442717
491140
504158
496486
573352
431462
426530
426482
426448
448980
426607
425435
425465
440817
427027
425919
425878
425897
453301
425973
425938
478783
598965
441409
461517
428039
427367
426679
427109
428110
427152
427703
426634
426234
427660
456198
427655
427580
426811
501018
576623
431718
427235
458474
427032
433818
464518
428032
453846
426848
426588
426093
434668
467162
465756
465950
467304
467956
573509
532589
431284
427066
427251
426568
426070
450564
427083
450210
428380
427154
427454
427042
435209
426953
437238
506908
545316
428720
438487
427201
426618
428014
427002
444383
428523
427240
429259
427061
425805
447588
431384
450529
427764
436333
427200
426896
425913
425850
426452
427792
447443
426565
426635
425527
488404
570692
427658
427313
428556
430063
430618
448755
430454
433946
426414
426354
427041
427778
435460
427847
504109
448515
458582
427787
445480
430427
433530
429205
427060
426519
438551
429160
426405
449292
427116
456779
427247
426453
427404
428452
428275
428119
426106
427818
433699
433052
427780
426289
426985
428486
426453
426159
427308
432638
427421
436943
452125
426809
426688
426441
426871
425690
439885
427572
426442
426785
426763
455073
426209
426657
434559
440018
439127
425806
426973
427913
427102
425752
433878
428661
468653
469990
475401
469776
467374
465588
468003
474248
477613
426125
425064
426491
426171
426282
426067
446688
426466
434129
425910
426235
450651
429971
426539
433007
426433
426428
427692
435400
441748
426631
448615
442777
426754
426048
430614
427499
426768
426443
427108
465433
427878
427099
452772
437601
427157
427636
426608
426074
444207
427371
427481
427413
427363
435481
427537
426571
427284
433688
427208
426481
426891
433254
426825
426600
426060
466547
477325
427662
426249
427394
427778
426258
426051
425788
426482
427504
447403
432970
425858
426243
426924
425475
425739
425381
425773
426586
425668
429537
426201
426584
426189
425901
433512
426223
425523
425958
426236
431728
444822
433219
426036
440555
426476
426409
427190
427437
435001
426474
428114
429789
465488
428126
425971
427196
443201
442371
435583
427409
427021
427439
426886
443731
425920
427504
433003
426366
426159
428101
427028
427788
425900
427053
436224
475790
427050
426090
427123
426848
443053
437169
451798
445913
427270
434871
426269
428231
469918
430596
444545
426303
440406
428066
434687
456596
426201
499198
426886
462393
438484
429579
428418
427742
427195
432458
439272
433061
426020
425851
426838
426398
426592
426801
427417
427213
425939
466117
430504
476634
425657
425611
425491
428334
426349
425627
425887
426728
443166
425635
425565
428933
427602
440124
430373
426646
425630
440332
426576
435014
435053
426653
428202
426207
426295
426835
433188
432827
429041
426127
433985
427192
426434
426808
426959
426314
426080
426242
426485
426581
426287
426122
448763
426972
427429
427200
426712
426373
426043
426500
442234
426642
426934
438975
426751
426713
426458
427191
428608
426952
426737
432454
426633
426385
430309
426812
466286
427951
426890
434944
427745
427275
426192
426322
426184
442811
468191
435951
425076
432106
425957
426006
425620
426507
457631
425650
427680
456389
428793
427851
426476
427205
444728
433205
426946
427237
425855
426058
436090
428160
425653
434435
432035
428705
426223
426814
449063
426673
426390
434391
441554
426716
428379
426342
427028
434385
427145
426630
426376
436650
427345
444272
426967
427211
449515
426695
427193
426674
426618
426589
427948
426821
438827
469691
427835
426387
427358
427683
427248
427007
428367
426601
433857
435142
426755
427217
427247
428596
426812
427399
426725
440417
426471
426460
426602
461895
428257
426060
425878
427058
427032
447121
439964
432711
428920
426012
438978
427350
425910
426224
425984
425613
425598
425806
426465
427572
427233
433857
442458
426358
432744
426204
432819
426536
426226
425488
431406
439640
437038
425727
458620
459755
426611
426161
426462
435570
427304
426405
426728
437452
520988
428097
426820
426684
427413
427588
426712
427471
427351
434371
427975
445203
426821
426383
427608
426273
427549
426311
444520
426048
426341
427058
434912
427730
425696
427444
427285
428445
427124
426422
426084
426719
427604
433071
427177
432042
454159
427178
428759
426679
432709
427082
430225
426943
427334
451803
426424
426879
427893
433492
427017
426649
433270
433744
425700
442409
427187
426700
440436
425502
425889
426004
434075
425904
425197
425920
426923
488432
428100
425703
426502
426520
426869
433590
426169
426120
432490
426234
431976
428609
427940
426538
426123
427398
427350
440356
427525
427181
427029
428166
455524
427203
427036
427023
426745
429652
427786
427822
429960
427711
428949
427003
445668
433824
453234
426274
428143
442801
428362
426138
426863
536221
436771
428707
426731
426596
467218
422963
422078
422192
425151
422343
422766
432452
429545
454671
423238
423339
422548
423523
423769
422609
421939
422772
485325
458451
422768
422652
423876
432644
424531
422174
422181
429662
425163
496509
440648
421938
434464
422315
421920
422827
424306
423008
422899
423073
423523
431625
424323
422359
422871
424418
422323
422450
422099
422774
427152
439608
423016
435343
422752
438641
422960
423220
423112
423796
423232
423565
422758
471537
439942
424324
424071
423623
423907
424991
440002
425095
422754
423347
422612
431789
423286
422545
421725
422226
422035
426930
422102
421721
421876
421612
422398
440900
429872
422004
436635
423302
424613
423686
422843
423718
423077
423589
423147
429965
425083
427861
423574
443417
468917
422965
423503
423358
424211
430953
429063
422663
437693
423315
422513
422246
421960
427173
421438
421821
421849
444321
421550
421138
421775
421325
438165
421356
420909
423654
420956
421958
440948
422084
421423
422597
422270
421231
424102
426044
423819
422532
422107
423221
434514
439328
432749
423640
422639
422858
422513
423676
423964
462704
433206
448956
422675
422431
422359
421612
422620
422052
427647
430506
421826
423137
436405
423131
422240
423461
421378
436354
421783
422035
421726
421410
422859
430666
434423
422032
429891
421719
428337
422771
421783
422973
421696
422369
422345
448188
422688
422014
422070
421965
422876
421888
421727
421926
471563
423621
442216
422849
421107
421584
447413
421770
422255
429329
421989
421555
422188
431097
421324
422137
422031
422065
449448
424410
450124
422019
436094
421757
447272
468256
466549
423610
424520
425397
424023
428122
422072
422492
422140
421413
442356
422258
422033
421842
430283
423498
421896
422100
421976
422948
422117
429574
434975
428113
421784
422677
422475
421644
423880
423376
421780
423223
421809
431700
422221
422520
421997
422149
422088
422305
422679
422392
421885
422205
429862
422910
428228
421925
422232
422099
421318
424050
422883
422059
421854
441830
422626
421955
421836
423718
424066
422245
421335
422661
468693
422174
420590
437562
423546
422218
421303
422232
421834
430391
423142
421440
421133
421319
430302
420839
420576
421031
437784
421995
419714
421694
461347
421169
420680
422481
455279
433636
423273
422268
421627
422514
423398
421735
422022
421298
428672
444037
422069
422782
422877
422193
421658
421890
440275
476786
422194
421555
430075
427541
422157
422180
422102
421147
443779
421994
422458
422158
443090
422559
431645
422041
422784
431458
422590
422855
422186
471665
422433
423043
421234
437701
438770
422370
421574
421990
422155
422307
422284
422220
421993
432158
429337
421040
421716
448072
422551
421679
437723
430126
468827
421081
421505
421140
422071
421842
420846
421271
420298
435895
428811
421779
420504
427807
421437
420924
420699
420796
426773
421020
420830
420767
420194
422416
420835
424114
421222
421970
421271
421468
422746
421486
431242
422623
421890
422891
422470
422138
421695
421732
421429
426508
422970
422526
447157
423471
421976
422492
421836
437377
433404
421779
421869
420724
421559
426925
421074
421818
422644
430381
423846
421729
421237
421896
422043
422116
422890
454476
487647
428985
421744
469320
448002
422799
422897
423451
422368
431553
447338
422059
421622
422784
422344
421980
422378
422237
444882
422101
421123
425820
422764
422882
420542
421334
421585
421389
421164
420760
422533
420840
427907
421012
422516
420255
432846
422575
420798
421094
420663
421069
420831
421395
431799
468026
422668
421446
421999
430100
429100
422122
422041
422063
444743
428073
422515
421889
422183
422639
421046
422418
421948
435434
422152
422010
421286
449969
423058
422137
422175
421924
430029
421474
421739
437203
421862
422335
447744
423391
423129
429751
422313
422779
422035
422850
422912
421644
422698
431719
487080
422969
423512
422137
438250
422319
421996
422657
423090
430480
422219
440091
421767
422553
422051
422499
425402
424774
428260
421097
420798
422199
435268
427589
421333
421113
432475
457960
449238
421003
421227
427400
421536
424641
420508
428810
443334
423026
421382
420952
423889
423254
420573
427480
422228
492686
422084
421805
422635
428481
423385
421609
422001
421531
436052
422254
421890
421590
422251
421955
422036
421528
421877
428866
427632
422988
422413
425558
443342
421512
422248
421331
429272
421725
422071
421581
428891
422153
421262
429640
421518
433640
426688
421683
422292
428078
421369
421708
422377
421607
474894
429184
421563
422526
434993
421777
422505
421961
438057
427622
422261
422270
445258
428675
423473
428555
422362
419839
422549
423603
420435
421010
420730
429129
421609
420837
420247
438053
421500
420132
421098
420297
422282
420824
421419
438260
425033
421383
420920
420974
420307
430130
423510
421691
421486
422282
426095
422161
422046
422807
451991
427407
427682
437783
421503
422061
423214
431826
422302
428660
421929
421701
421768
422015
427358
422348
421967
427818
422477
446598
422813
423607
422424
422035
422305
423000
422635
422209
422227
422358
422521
422670
422128
421176
422646
422618
423354
421408
421199
421154
422855
422415
453273
423168
422328
422674
421495
422705
421723
422154
421649
421689
433589
441202
427354
420684
421731
419904
421675
420899
420903
420275
420290
468126
428321
420689
420245
420225
421745
420497
421154
436891
427549
420593
421329
426617
446875
421835
420694
420347
421617
429297
422803
421504
422064
423778
422197
433079
423388
421959
453158
443501
424420
421621
422227
421627
423319
421825
422223
443759
421518
422489
421407
444320
423098
424324
421972
422181
473509
422679
427743
422729
427555
434801
422219
423748
422553
435628
427382
426930
429836
444931
422545
422316
422456
423558
445298
422771
422048
421715
486220
422590
422004
455962
423734
446228
422649
424097
421392
422096
421735
427064
421474
421504
435098
421321
426477
420507
428247
420620
420027
422150
422385
463654
420972
420381
444531
432954
421394
421911
424369
421512
427683
421520
420257
436457
422677
440793
424557
422219
422056
434236
421990
422128
423162
463914
422030
421664
429586
422473
427835
422288
421708
421745
439408
422326
422026
421477
422996
423775
440137
422690
422145
422806
422614
421912
421930
423108
422022
421889
421355
425095
421922
428520
421248
422238
422313
422985
422015
421922
421542
421248
434546
430705
421110
421626
421902
421802
421453
420708
421347
488080
421668
421512
433757
423631
423823
432713
422827
423824
430605
420831
430714
421926
441984
421120
420687
421222
420112
454262
421318
420301
420936
421107
421184
420453
420437
435253
443214
420740
420742
420299
421269
421014
420690
420186
422217
430728
423052
423381
421341
421168
421504
422028
421960
421897
471433
423080
420967
423832
489092
422122
421804
423483
422211
429500
421910
421188
438000
421894
421730
439196
422113
423461
428946
423314
421955
421612
421703
421725
421944
422617
430577
436523
422219
421585
421794
438903
422293
422596
421219
421579
428356
433952
441484
421794
422215
421324
421647
421589
421438
461807
422369
422049
421203
432171
429287
421431
427702
420612
433365
420968
420583
420182
427226
420843
421350
436398
421667
426356
420728
420476
421157
420688
424600
423832
422269
420884
421476
421756
420620
421106
420379
420554
422735
422158
421981
422703
425316
424029
437542
436095
429980
428529
421661
421698
421678
422148
421283
422396
421416
455334
423021
420982
421545
422379
421782
421871
421799
421540
422635
421608
425894
421386
422457
421491
422551
421531
421016
482811
422062
421186
421079
422076
453301
422350
422842
421877
435261
421381
421909
427317
422268
424025
421157
421512
423108
428819
422228
422778
420753
422334
428354
422211
422270
421619
431038
442926
421368
420368
436265
421124
421023
420861
420386
435996
420631
421081
426246
424979
420637
420721
421206
421247
462732
422513
421187
419911
422108
440646
421509
420406
421370
428187
422354
421364
421233
422115
421631
421455
421895
432598
421780
422037
421890
421862
421916
430363
437931
422497
421593
424208
430019
426546
422245
450760
423596
421388
421401
422951
429727
422938
421753
422101
448690
449305
438358
422534
421967
481151
421690
421978
421744
429745
422340
421463
422617
421453
436638
422578
433250
423274
443129
422217
422203
422879
422215
436922
423441
421815
422035
423155
422629
425454
423461
420464
434661
422311
430614
420595
421299
421987
420851
421302
424938
421545
428928
422099
421104
428720
422040
439837
420849
420774
421349
420868
421892
420819
421317
421426
421083
447386
422420
438464
422430
422233
421313
421759
427593
421506
422071
421594
426543
422651
421656
422382
422928
470854
421993
422008
422690
422461
439387
428298
431939
422026
429790
421769
423286
421847
422227
421848
420802
421867
422024
446116
422747
422882
421930
421837
421876
431487
421192
421456
434499
423580
429853
422413
421629
422184
421776
421694
422189
428458
422029
422002
423308
435394
440722
427459
421950
421729
481314
447378
460021
460226
461475
460280
459265
448480
445146
421375
420901
421137
421166
442034
421687
420120
436570
433980
436556
421376
420812
420291
467401
421762
426674
420589
428562
423759
421293
428653
422828
427894
422651
422120
422941
451704
421718
422021
421317
422542
429675
434999
421875
421955
421474
421732
423785
423142
421899
422474
422288
421776
422193
426595
422048
421962
421997
422206
421560
423011
421964
421625
422137
442003
423886
422063
421955
422489
421722
422077
421541
421824
433397
421906
429355
437122
421782
422267
421899
422032
422345
430272
422024
422348
421162
426935
426621
422400
424779
422150
493067
420892
420456
420992
421098
420941
420594
420820
452583
429264
429237
421997
420318
421897
421359
420985
420366
421110
427743
421268
421898
420611
426532
422245
420460
422398
447255
457892
441803
423531
431835
426010
423269
421772
421421
421894
445175
423834
422456
438773
422525
422682
437599
422415
422057
463804
422649
422347
422241
421628
422247
422413
423982
428864
435882
422460
422424
421614
432551
421897
423066
421852
421655
428850
423195
427577
421601
421832
422689
423023
422167
422035
429586
422335
422517
421754
432719
422458
421694
421938
422241
435031
423038
422415
421668
429711
423099
431766
420415
421420
462356
421304
420862
420366
423344
429789
420775
420939
420346
450261
421061
421425
421096
422089
421508
420669
421562
421481
421322
420766
422002
420741
420616
422118
422480
422080
423041
423695
421994
422420
422032
427175
446520
421851
423079
423256
422655
422592
422275
421699
423610
427812
421322
425417
421849
422258
422631
422349
439438
449778
429052
422043
422018
422046
429377
428721
421671
422034
422333
450328
422040
421880
437841
422279
422207
422094
443734
422411
423468
421636
421902
421832
434101
422991
421806
421839
422043
433343
421761
421789
422544
437447
423195
422322
422774
423986
434437
420412
420743
445365
420858
421764
420787
421040
421824
429759
421024
420934
421630
421461
431855
421889
420195
421224
428901
421984
421319
421517
420855
421497
421103
422229
435595
470537
423605
422347
421985
421996
427275
422811
421414
421675
429602
429387
422166
422232
421698
421635
422144
421586
421739
428278
440139
452142
430518
426466
422738
421778
422326
422722
454355
422050
421569
423421
424873
421935
452391
421635
435143
444183
422839
421708
421922
428845
422386
422319
432609
439814
469544
422044
421521
422242
424766
421878
422485
422125
421782
451881
432648
421528
422712
421649
424284
430571
421600
437071
428240
420744
422661
432031
432783
430273
442892
421839
421293
467593
459766
460754
459068
467619
461988
421577
420928
431693
423566
420626
420873
421034
444434
420719
423225
421926
439120
422924
421406
422117
421904
453307
423358
422394
421769
421942
439156
428379
422223
422069
428734
422741
422525
422238
422127
422141
422156
441805
432306
463640
422224
422207
422406
421478
421916
430911
421913
421633
436518
422675
450038
421836
421884
423264
422495
422048
433000
444615
423749
421915
421482
426077
423444
426899
421964
422450
444271
422634
422363
422732
428702
422450
421553
449630
422501
453953
445833
422364
420738
424234
421968
420899
421575
421021
489659
421284
420391
420508
427393
422037
421115
422679
435662
453078
446888
428385
459742
452660
421974
420693
420867
439520
432628
423768
422122
421680
444487
497053
479149
422500
422430
422039
440916
421395
426056
439235
422427
421935
456068
422747
422193
421605
506591
421791
431694
422501
448509
422350
423483
443531
464340
423129
428370
422496
423423
421362
422709
421893
438524
422530
429839
426373
422932
423370
422434
422821
422010
423058
425817
422514
423103
427326
426989
422085
421356
422428
421383
428455
421838
422306
427513
422816
423784
443278
422149
422680
422594
420505
421937
435112
422505
420367
420163
421339
422421
425155
420899
420422
426910
421138
420727
420646
421336
421008
420926
421079
445123
428700
421489
422283
421870
421463
422245
421758
430634
433813
503493
422810
421872
423413
422116
421670
422598
422944
421938
429563
431330
440510
451189
421980
421550
421647
422414
421456
445182
422839
421578
422258
443450
423170
421857
421791
422415
452598
422391
421782
421553
422457
422601
429914
422087
423934
444213
422310
421997
429949
462574
460658
461025
461345
462091
461848
461914
460668
466987
461462
460036
460583
460618
464085
423272
456091
460539
466485
459917
459258
459722
459675
460599
459493
459236
460116
459903
459771
460033
459782
459992
450985
423495
421126
427016
421845
427769
420912
421161
421636
419972
423381
423284
445298
423770
422617
421846
421357
431561
421882
438245
421844
437368
423725
441203
422766
422447
423629
422390
431147
422456
428745
423561
423498
422915
421607
421962
422156
422807
428333
476013
422121
421897
422806
421396
422075
422126
423533
423374
435374
422486
422983
435120
432652
422067
423380
422366
431072
459693
447545
430446
422576
423928
422799
422053
421544
422779
446114
422502
425279
440357
422723
428804
421401
430289
421590
464850
420512
420596
421542
420896
421612
422519
420250
420182
462307
442669
420867
421078
420747
420608
421160
421170
421035
427956
437066
421421
430676
421669
423583
422387
422990
422836
435975
422766
422381
422062
422067
422281
440885
422741
421991
429848
422507
438020
421634
422295
422577
422362
422182
428729
429242
422990
422572
422014
427557
422456
421496
421747
421898
489002
423037
439211
421424
426397
423053
422192
422178
422389
428853
422749
421724
423821
444930
425309
421808
434163
424135
427385
423423
422238
428381
422919
423659
430859
421696
421148
433312
422310
421811
423221
428253
422349
420589
421838
420905
442657
421775
420707
438482
423971
423236
426915
452466
447392
456984
421216
422488
421904
427904
422853
421066
422670
421590
449511
421550
422544
425192
428640
454157
422003
422150
421789
430287
422225
422619
423233
424121
422244
421482
437903
423836
427067
422252
421903
421340
429552
423465
437382
421716
422115
440916
427548
422537
422226
429401
424599
422642
421476
421946
422967
422271
422119
437688
423211
422110
425858
422568
422325
421564
422272
422194
423297
421289
429784
422176
422349
424456
422166
422721
422259
422287
423222
422312
423189
433764
433297
422673
424818
420943
420719
420176
422411
420732
420517
420581
422132
421706
421340
421263
421453
429119
421478
421294
423947
423005
421368
420834
427124
431729
427957
421357
422335
421744
421259
422597
422541
422187
421903
436902
445685
421921
421849
421783
422683
422183
430576
451981
465606
422934
421395
433918
422503
421884
421992
421846
421929
455096
422044
422335
421580
422017
446323
422564
422394
421761
437664
421837
421693
421838
421593
438454
421653
429296
443327
428236
422692
422331
421327
422587
422482
435582
422245
421440
428968
429794
422028
422401
422179
422504
421791
421224
421511
471264
422163
422517
422490
440758
421891
423180
420685
421201
428223
421029
420595
421137
421028
422371
426384
420895
421091
427524
420754
420747
420813
427278
421218
421267
428953
420098
443690
423916
420309
420448
423354
421886
421849
421628
421585
427376
421624
457604
422605
449906
422929
421839
422163
422012
478396
421982
421720
422137
436826
421951
421801
421726
422069
451412
422163
421235
421549
436178
422753
422024
442246
421344
436419
422851
422226
426303
464736
422980
422357
421286
421369
442764
421912
421867
422313
432748
422528
421678
421523
422202
444423
438528
432710
422307
423837
422198
422406
421486
421264
463245
422743
422253
424051
422239
443775
420619
420273
422472
427354
421666
433234
420708
420479
421274
421091
428103
428632
422263
421069
420514
420717
422253
421693
421154
426168
421322
420854
444679
430623
421877
422097
422853
421674
421854
421513
422226
422270
425563
430035
421638
422483
421485
422336
422111
422514
424010
423740
425674
421904
427896
445521
421396
421650
422476
423795
421780
421669
421643
435697
422194
421341
429871
422511
422615
423012
422556
422037
469587
424358
422549
422829
422781
431283
421797
422393
421496
427754
422400
422056
422249
423553
424173
421433
421445
452837
435248
422005
421726
422238
422140
422185
420554
420896
420592
428839
432574
420324
420443
432583
441947
420043
446252
421596
442267
438677
420484
428509
425894
421929
420723
420839
420947
484253
422264
420213
420510
429839
422559
438604
421542
422199
429228
422458
430406
421836
429242
458725
421755
421467
433244
469782
460367
460316
460662
502113
460715
459835
460615
472312
460939
460901
459907
459794
461047
461212
460748
460631
460419
460619
460999
473252
422778
421542
421608
421236
473082
422575
422004
429609
430551
421869
427711
421982
421812
434758
423342
421449
422199
428442
421763
423361
421385
422636
445160
422105
421905
421369
428926
421544
421080
420135
420904
421069
420998
426986
420706
419941
421527
421146
421216
422065
422011
422424
420606
420285
420931
455661
420987
420751
420590
421143
421545
420012
422981
421978
453601
442563
446452
421397
422046
421762
421559
422543
421859
442748
437652
421927
422497
427281
423664
421395
420908
421269
478790
421377
421485
421660
421741
421862
431928
422031
421495
434609
421169
437160
421064
421922
420727
422225
423736
421605
446400
422327
421923
421803
422060
422127
421850
422804
421437
448141
423235
423156
421421
422376
422200
421292
422050
422678
437281
422300
421616
420980
421800
447256
423399
421028
421131
468251
420511
421064
432105
421920
422387
420561
426634
421028
428156
422302
420392
420172
427676
421078
420027
420181
420421
436298
442243
423112
420689
424128
421934
422064
421583
421630
429477
422015
421930
432587
423603
422101
421826
423201
421084
432209
421610
422047
422261
421678
428397
435211
420894
421930
422725
422650
421634
421424
421616
421622
421455
428234
439458
433292
447845
422533
422130
430618
421844
437884
421766
421820
434139
431970
421168
420910
424530
421760
421405
421635
421277
442363
422143
421472
429572
424071
421627
420943
437477
421939
427292
421570
421694
421633
424501
421793
443460
423256
421109
421559
420848
420288
420748
421092
422050
420697
420972
432759
420963
422565
421170
420875
421993
427523
420889
422095
421002
420748
420682
444371
421444
422087
492436
423205
422068
463104
470034
483857
502717
428580
445347
422764
422046
423367
421519
431281
421540
423065
422555
422696
422015
428092
441032
421518
430902
423274
421996
421142
421827
421641
421687
421552
426349
427873
422158
421628
421080
422417
422157
439895
422635
420907
432800
421822
438263
422139
422292
422374
421294
421472
421867
454204
422249
421846
422190
427091
431452
422514
431339
444584
438438
421855
443904
422450
435813
420719
426058
446785
442196
421034
420562
420978
420453
432144
421245
420431
421980
420993
441863
422290
436670
420906
421679
421420
420645
421157
420616
421721
421584
430148
421952
421336
421585
421775
421681
422168
432054
430787
421470
438323
421505
438791
420947
421406
421164
428533
421594
421349
421545
423115
421529
422418
428993
422121
429173
422086
420796
421641
437859
421950
421707
420888
422037
435423
440670
421588
422352
421545
421459
421702
435265
421378
446260
422484
420966
425018
444516
423300
422067
422324
422233
446396
422664
422432
422293
430635
422209
433418
421633
422142
452441
424114
420963
420995
421390
428609
420720
421113
425455
427898
421115
420752
420304
425022
421466
421377
420198
420628
426156
421321
435042
420641
421371
427016
422757
426687
422495
423177
430930
455915
421412
450734
432636
422790
422128
421606
453464
421644
421855
421253
445745
421805
426211
438332
421579
443461
422136
420925
421343
423242
421967
422292
421453
428790
456394
422080
420734
421436
428761
421112
421849
421431
437152
427836
422327
430583
422031
422257
422375
421723
421560
421948
421734
423135
422042
421716
428980
444154
421766
422072
421813
437281
421645
421592
421611
421414
422390
421258
443645
421078
420490
421016
420467
420543
420443
434810
420587
420468
420840
429701
426822
420544
420728
420471
427496
420417
420556
420970
420810
421446
419809
432386
420307
427941
421369
423130
421208
422774
421497
426475
422686
422764
451758
422659
421271
422157
432043
421550
421799
422311
421763
427151
421424
421846
432030
424214
422262
429866
421704
443727
438333
421895
421325
421501
434401
434498
421827
421753
422308
444572
421919
421562
420880
429935
425715
421815
433987
421625
427244
422098
421533
421245
434675
423069
422445
421937
421968
421749
444613
421442
420714
421379
422360
421669
423648
428484
426949
422186
420345
425120
421767
422115
420361
421051
421227
420598
421526
421083
420656
421641
453618
446348
420529
421558
431245
420476
421819
430583
421150
427121
420993
420476
442345
424158
422732
423826
422396
422199
428469
421861
421228
422870
429977
446080
421959
421820
421294
435848
422126
421827
422281
421510
422098
458628
465458
466242
465758
464125
465515
464865
501116
463164
462033
461914
478779
464068
461656
463130
477994
460997
481317
463902
496637
462784
462002
469047
463009
461578
461552
461805
462604
462478
461509
462740
462232
462863
466941
466089
462831
464330
462641
462701
465270
481091
430805
449191
427531
465116
421799
420702
420864
440638
422367
421952
421278
420894
438181
429358
426312
420567
435088
421452
421050
422361
421357
426789
421990
420615
421023
438550
420904
420958
424068
421575
433514
422215
421598
422067
422501
431234
424093
422395
421702
427300
422832
422166
422042
421569
422411
422211
421614
426148
422088
421585
422119
421481
421850
422351
421763
421238
422539
422029
436984
447142
422367
422048
427158
421892
421956
421404
423398
421758
421740
422772
422218
435156
423454
421722
422150
421864
422420
439434
421840
421324
446770
428900
422178
421112
422604
423683
422233
422488
421475
429394
422191
421049
421479
431678
422136
421339
437618
420848
434517
422642
421361
430993
426214
427690
453128
434615
435119
443222
420180
421343
421210
428496
420697
420777
427299
422318
451006
422075
422415
421093
424991
422034
423026
421881
421185
454279
422459
435752
422028
421720
422022
422078
421694
422754
427726
422328
421573
421831
424883
421609
421561
422468
422159
427915
422414
422286
421570
424807
422544
428079
440913
433999
434763
423541
421346
421284
423513
422139
421371
421526
422104
444532
421649
421986
422151
421444
422136
421276
421152
421522
421173
427301
428168
421360
421710
422444
421225
422676
422151
421085
421555
420818
421035
420614
446140
420848
420571
420238
421504
421162
433009
420639
421274
455896
421121
427475
421137
420452
421849
420721
420589
420517
434596
420280
421063
422479
421050
435715
421532
437323
422233
428444
421516
421735
421777
430493
422104
425865
453681
421805
461849
422212
421596
421995
427999
421673
422243
438164
426515
444368
422361
421709
422430
427480
421811
421787
423302
422097
448451
422046
421421
438174
421965
421744
421728
421721
426344
435035
421815
421250
422196
423524
422985
421284
421258
422166
427028
422019
422194
421815
426170
422049
421401
421545
446802
430772
425566
421776
421085
422619
422119
420546
420639
420620
420933
425569
420271
430292
438394
421070
420693
421242
421246
421054
421193
422851
424813
439752
421582
420781
420233
421070
421427
424718
423680
423354
422301
422600
435208
421955
422108
422468
421880
443013
421659
421572
434545
422147
423157
429268
431709
421560
421761
421934
421325
424244
421994
422118
421746
992439
583737
434768
450684
422241
421258
421955
422138
452985
422693
421663
425016
468629
434835
453981
423210
422765
443892
423434
421820
472768
617733
429545
443013
422149
422541
422988
423604
422933
423518
448143
422649
423316
422112
439962
433435
421341
420885
426247
646109
453476
422039
423171
448748
422229
429681
420843
422406
421505
420265
420541
420852
448676
421751
422097
420861
427796
587861
496607
460706
473593
434900
422174
423073
430841
424917
422389
421605
422467
433383
421194
423616
422605
457131
421906
555955
557695
442417
425365
422233
421565
422377
445539
424237
446790
421853
445258
422749
421674
421661
421731
446836
426141
483236
567034
470596
422538
421817
421985
444713
423062
421552
421493
421217
428534
421410
426231
421816
421412
421873
422579
462342
651599
468132
427943
426594
421731
467715
422290
421530
421117
425433
436610
440170
420777
435039
449419
420593
422064
460450
575624
423225
422530
422419
423559
423654
420836
420429
421191
458746
421636
420707
420601
421586
420895
421030
420638
422245
532083
431283
433185
422179
422879
422644
423156
421956
421798
430169
422321
423562
422801
422269
444809
424118
421367
422769
427808
423054
422492
422590
421384
423792
421875
425053
421290
422820
421450
421851
421684
422857
422175
421068
421771
421782
447679
450305
421055
421719
421689
422831
421173
421814
422366
453853
421830
422041
422814
421811
421585
421608
422573
421645
428933
421494
425924
421702
422823
421919
455613
422309
425225
428685
421237
422829
420236
421196
421410
421251
421204
421190
435957
420798
421280
436645
421215
421384
421440
420932
420611
445444
420762
436194
421775
432899
421273
421228
420680
425296
432462
421656
421833
441892
453379
421972
421568
422156
421057
449785
423267
423247
422054
436323
423553
430110
423318
424228
433193
423562
421598
421420
423188
427528
421513
421650
422886
450376
421524
422496
421655
436560
422111
421695
421510
421969
421544
422029
433487
422360
422396
427643
421601
438453
421678
427963
421730
421599
422505
421791
438989
421099
421303
422111
421909
421886
422597
421809
421966
437877
425397
426349
421652
421755
421202
421699
420451
420850
421810
420464
420605
420601
428057
435028
421025
420251
421112
436076
420810
423735
421301
424748
421134
421120
425934
421131
431865
422435
421075
421456
422068
422079
421311
422017
421926
433920
426261
421302
421072
422102
421856
421784
422029
421590
453659
422240
423030
431420
421846
421335
421412
421228
421348
428633
421934
421362
422048
445666
423181
439790
423143
421697
428374
422427
423022
448857
438313
421655
421538
421462
451362
453255
422499
420940
421746
432065
438222
423221
421702
424046
444207
437776
421882
422711
425486
421386
431981
472881
423799
449753
421236
421036
431447
423587
429715
420912
420885
420722
452853
421350
421455
421391
428233
422292
429474
421351
421264
428828
422078
420904
421882
428907
423823
421776
425004
428504
429523
423478
421795
421846
425092
422655
422611
421563
421391
435247
424282
428722
421744
423072
421386
421763
452270
422227
449714
421811
422230
421566
459253
460758
462050
460709
461201
461396
457424
422213
422022
427491
421697
440019
432971
435938
421617
421838
422118
422316
436556
422697
422143
421629
430237
422409
421877
423524
422327
432478
421640
421228
421139
422328
429295
432906
437120
441374
438190
422017
426323
423159
435077
422041
421263
420987
423986
459319
421216
420453
420656
425578
431436
420595
420747
421385
432657
421840
439767
421244
425874
420833
420191
420528
422331
421085
421527
422105
421636
429710
423171
437557
422595
421498
430953
422146
421198
422701
421310
426658
421712
439662
422513
444157
422177
421555
423419
421705
444446
422155
437566
421946
429833
422525
421685
421369
421772
453756
421728
420994
423122
421547
422063
424116
430524
421177
428268
422127
421999
429630
421141
421660
421960
422485
423053
435677
422053
421591
422496
421812
421788
421861
421787
423864
435259
422112
422145
434824
422785
432492
457558
422022
420913
445474
421453
420996
435655
421968
441119
421232
421526
421022
428530
421203
421066
421054
421009
421571
421782
431118
438630
434978
454316
443742
420887
431757
421041
423472
422171
422000
445513
442807
422293
424009
430973
531797
423315
421839
436775
422402
421753
422127
444041
429099
421787
421629
421341
421849
427290
422669
421821
422367
429370
429193
423698
421519
422444
422033
468292
423189
421684
434908
421740
422681
422144
441708
422279
421108
421589
421980
470035
421784
422289
421645
422811
421427
428509
420789
422012
428024
421401
423264
421420
426931
422776
421130
423155
428487
428736
421149
421584
422277
420184
421463
421877
435698
421131
420878
421587
435641
421342
419918
423436
421952
421013
420431
421083
421342
421436
420988
437578
421296
421961
421944
422628
421767
423516
421547
420348
421951
428644
430727
463938
421618
421899
421384
422184
421345
423243
450830
421525
422122
422054
425538
421014
421650
423098
422392
432597
439119
437338
421794
422147
421934
429567
430670
421389
438950
440075
421288
421612
423857
422751
422120
421603
421256
443009
422404
421976
423229
421950
421908
422716
422069
421365
427148
423574
430966
421214
422434
427483
421526
421692
421385
430255
421793
421079
421216
421108
433200
420326
420065
420428
478096
421357
421367
421107
420829
421242
421078
420372
420315
427545
420304
420838
420832
421624
421767
420200
421839
420819
437310
423048
421483
426391
421415
421484
422002
421283
421313
434914
422374
459572
453188
422063
421409
422198
421912
422021
429406
422161
420455
421893
437171
429424
421891
421960
421715
463521
420832
421894
422229
426813
421880
421005
428866
438396
435775
421772
421481
421966
422248
437359
421603
421532
421314
431415
443921
421342
421689
428115
423325
426912
444643
421567
443339
421184
421667
423295
425013
429179
422274
424321
423842
450569
420606
421144
421100
436106
425674
421877
420902
421943
485001
420928
420779
420814
421606
422362
420828
420891
439748
428101
420681
420732
421142
421705
421163
421437
422034
421856
433496
431209
421866
421561
470807
421396
421959
421546
421890
427630
421291
421431
421048
456675
422539
421691
421856
422615
427574
422378
421268
422222
422114
422080
425915
423646
431377
423450
421618
421542
421598
437172
421846
421654
422150
420742
451924
421434
421401
421296
421055
422735
421528
421099
421541
438258
420941
421694
421743
421663
463891
421973
421707
423383
421990
421922
421500
421730
421363
462860
422324
420980
420051
420890
437701
420843
421433
420194
434451
421350
428859
421579
421370
421451
420172
430818
420944
429455
446420
435667
421429
422852
426835
420372
421155
420651
445769
421904
421190
422781
421941
422230
422337
428114
421300
493435
421648
421547
420850
422158
422859
422480
421734
422197
443665
422611
421554
430522
421151
422257
420995
421900
421279
428177
422715
431382
422008
421828
423129
421068
421984
422065
438236
422098
421655
421120
422773
444575
421886
422052
422245
428770
423835
423244
421672
432590
421904
421751
431207
431373
463782
421967
421700
421473
427101
421508
421632
422863
421384
433135
449230
421045
421058
428019
421459
421167
421048
420853
442788
420972
421569
429008
421474
422459
421173
421966
421050
428217
426825
424757
420331
420767
420785
454198
422730
421186
477372
550119
422887
421846
422203
421308
421246
421520
432264
465456
421800
422366
422360
422014
424362
421765
421006
421472
427959
427145
421864
422821
421787
420946
421843
422149
421113
434235
421555
421346
421744
479295
421676
421217
428010
432344
428530
421969
441862
448799
437423
422228
449546
421582
422129
445406
423247
420938
421366
422616
446598
422891
424034
421951
486434
423233
421711
437320
421741
423773
435908
422401
422107
443177
428382
441253
421239
420800
421390
420797
421162
508565
448006
420962
421158
430808
463647
422627
421448
422362
433991
428914
421265
421270
421279
438136
421557
446658
422185
431611
421782
421710
421982
422032
440800
422133
421957
422960
429731
424472
422575
421331
421656
428175
423531
422129
422116
432977
422320
423269
453916
421344
427431
438561
421966
423076
424614
422083
422540
421892
422279
422100
422180
421681
422342
421422
422017
421335
421669
421861
422395
426361
450289
442792
439500
422167
423697
421915
421633
433411
422147
421538
423393
487368
441730
422351
422085
423427
452742
421636
427438
421271
428562
422698
421134
422503
420929
444537
422056
421604
420802
424654
421832
421180
422181
420870
473203
421550
420955
421129
427539
421243
420996
422406
423422
434856
422099
421662
450397
422942
422447
421929
420831
421443
422395
424060
421911
421034
421496
422841
420918
421723
423268
422464
421988
421869
421457
421953
422116
422084
421439
452436
422252
421300
421514
422428
421310
446259
421294
421260
421887
422727
423574
472347
474417
517179
506487
462712
465226
464957
470433
502200
479695
471958
469999
462295
463265
463413
488082
460849
485446
465118
462373
463831
463264
463727
462571
462312
462132
461270
463696
462860
464044
461839
474627
470815
467168
462504
472306
461215
464096
462486
535692
465208
465499
462564
469698
464295
463021
461709
462892
474525
466945
463119
462500
472760
462551
462002
471003
462063
462397
463510
509892
463955
475683
464917
464024
473421
466057
462169
463042
462120
462246
462733
463708
492410
463160
462049
497493
463675
461071
461042
508008
462656
463086
461480
462618
463001
461844
463202
461427
480515
461255
460050
460604
469385
460990
474134
461910
469458
461560
460957
460877
461174
462240
461951
460582
461636
460607
460588
460751
467611
461882
461538
461509
462579
433329
438957
421516
422972
421872
422521
422045
422328
421624
465553
422321
431877
421507
422418
422860
421576
423059
422195
429230
422186
437057
422045
427345
437294
444460
421565
423858
476050
461133
460617
460729
494958
422467
422199
423057
425292
422652
421895
421883
421456
452749
427711
422323
422450
428563
437191
439013
421532
420886
429238
423033
420528
420525
471851
421181
421070
439768
437343
428104
421318
421725
420608
423270
420873
421040
420698
421327
445753
425693
422205
422155
430046
421920
421621
421892
421327
480083
421740
430249
422097
425597
422283
421594
421966
421643
428645
421935
422233
423210
422871
444503
422123
421663
422445
422904
438459
421390
422299
422584
421833
422909
422446
422001
421974
422324
421382
421770
422561
424657
422211
422406
421988
422879
453713
421452
422446
422135
427210
422251
422858
422009
423261
441285
421775
426778
422956
427194
422112
422386
424023
421851
422959
424400
420470
421258
441038
436998
425398
431884
421651
422337
421420
420685
421101
483870
421063
421733
443410
422375
421507
421824
421208
422723
432703
421940
424646
422479
422120
431073
421277
422117
423350
435174
423016
422300
421188
422479
421924
424205
422809
456626
429006
421976
423293
421563
422158
422651
422687
423294
422667
429367
432067
421953
422129
422353
456123
423199
422272
425892
491169
422194
421870
429782
460338
422426
421860
421807
435811
422999
422720
421782
421337
421842
422952
450733
421395
421763
428881
421604
422333
421989
422150
422030
422410
421614
439297
422471
430233
422264
421238
421887
422490
421328
420880
421522
428108
429565
431175
421266
424612
422345
422386
420632
421440
427374
421091
420888
420346
438961
421424
420580
421322
421551
434828
423849
421717
421982
421571
423722
431108
422449
421890
428606
440177
421928
422011
434028
458582
450076
443775
422282
444018
421758
421553
436999
423473
422857
422377
421659
423133
453131
422508
435088
439094
422283
431347
425779
422254
421794
443431
421851
421403
422228
441253
422020
422106
421671
422127
444593
422859
422229
421542
421936
422003
431421
436793
421896
435696
421928
422100
423131
430788
421906
422304
421787
426323
453120
420844
421073
420948
420323
421930
421272
420746
421167
427185
421100
427066
421229
421236
429807
420652
421555
421511
444745
422062
421526
421000
432811
421356
422044
422114
422745
427760
422071
422134
421950
435307
422984
424400
445488
422034
427582
421355
421997
421855
431704
421737
421941
440201
422195
449091
422481
422234
423815
421719
422321
422083
422717
422023
421667
421343
429403
422114
422060
422648
421953
423347
422255
422451
422582
423095
459877
444574
427970
422750
421932
438158
422536
422267
421959
421577
422077
428917
421833
430472
421832
422021
422259
422073
422314
421730
449002
425421
420844
421100
432949
421416
421459
420979
421421
422001
422564
420970
433837
421770
421370
420570
420549
420846
426742
422004
421212
421365
424947
445035
421204
421289
420399
435462
423091
421416
421474
421808
424862
427023
429425
426550
429589
422101
421552
422322
422331
429803
422428
421944
421592
447576
442311
421695
422311
422069
421729
421696
421172
421806
435971
421753
421733
430031
421618
421674
424720
421943
422332
428803
422145
422744
421490
428391
422029
442387
421938
421950
427133
422277
421745
423578
428166
421761
422543
426526
430505
436490
422268
422225
422047
424384
422948
421692
421468
423912
434377
421332
444792
448369
447895
421172
421325
420570
431972
437069
421829
422341
420481
469676
422265
421046
421640
420926
454752
421178
428685
421274
431413
420656
436254
421393
421322
447919
422007
421323
421878
423074
423550
422633
422514
429709
440275
422312
421784
421133
429181
422123
421778
421730
421567
422116
431051
434863
422260
421404
421950
444574
424702
422221
423180
421771
424093
421711
427488
422320
422114
422218
422002
421925
427733
421725
422106
421479
436313
427909
422054
422401
422173
423122
422106
421807
421972
428302
422330
421790
422498
428694
421989
427542
422055
423100
434873
423280
423328
425556
425534
421279
428191
420791
421396
427848
421264
421168
420778
421701
421513
420871
421627
420551
443641
421385
421637
421131
420844
421365
420889
423044
420786
453161
421188
435338
423051
426857
440189
421981
451046
446509
443977
422734
420912
422086
428776
438731
421526
422751
421901
444596
423234
421999
422759
431525
421555
422933
436779
422060
453551
421983
422090
421719
422312
423237
421572
422471
421716
435239
430010
422282
421644
434844
421515
421480
422794
421867
436282
438182
421811
445214
429163
422468
421556
422865
421528
432970
422409
421522
428797
428475
430773
421408
421956
422481
428710
426063
421648
421270
421684
427336
422742
423793
425221
422398
421422
420816
421463
421458
421393
420769
421619
421748
421701
444895
433606
421349
421599
421561
421094
421496
421296
422618
422909
421821
422149
421572
436694
422911
421490
422266
422364
422158
422090
428593
421854
428219
446619
421733
421621
422014
422171
422449
422336
422099
448214
421609
422281
425500
421144
422238
421427
429145
421975
435825
466464
428304
439220
422068
431850
426985
422028
421993
445318
422537
438264
421796
424357
422167
421949
422607
439198
454805
421615
421810
421802
421891
422541
421623
421393
421656
435417
425236
422163
423115
420661
421763
420571
420460
421096
445691
436862
421825
420515
453857
421322
421499
420756
421151
429195
421549
421457
421192
427713
422258
430207
420610
421333
433625
421368
437520
422435
434865
422881
422013
423404
426059
428187
421904
421676
421385
434442
422140
422949
421925
422463
422027
427126
448013
421197
421423
424180
421859
423544
421603
421972
422103
422541
421852
443542
422791
437921
421779
421656
422061
421728
422822
428036
422260
434790
431455
422623
422124
422384
421854
423486
421555
421937
447242
422217
421894
425661
422726
422143
424016
421333
425260
428448
431060
448667
421708
425332
422026
443272
421504
421942
453137
420893
443376
421481
421374
422635
422624
421777
426992
449849
421028
420757
421874
421625
420933
420987
421014
421944
444992
420747
456160
422403
424794
421540
422018
422183
421659
454901
438242
422466
421894
422415
422322
422116
421100
421792
428616
422530
421783
423871
428035
422061
421871
449412
421790
429062
422404
437689
422146
430365
422138
422436
421946
421903
452967
421672
423736
422213
422547
421681
422298
421931
421737
428732
421660
430955
428673
424840
421670
422011
421420
421560
436755
422087
422357
422091
435223
423776
421337
422009
421597
433048
421883
422326
428128
422718
420590
421661
443539
420447
421442
420598
421429
420794
421455
433634
421001
420956
421222
429643
423484
421510
421279
429574
422105
421321
421003
421057
422086
429351
445306
458630
422098
428736
421483
421810
422025
422356
421538
421638
422586
421912
431808
422658
421594
421644
422079
422101
421898
422401
421119
422301
422730
421958
447338
422524
422371
420891
422514
421443
446086
432498
422471
421572
423043
427615
421720
421516
422265
438526
422349
422174
421405
421772
421926
421767
430217
422400
429073
422160
437816
422024
423924
422334
422104
422005
422419
429936
427014
422876
422168
421516
423833
420813
421340
421011
434498
423213
421183
446111
420742
421575
420973
422303
421451
451884
421687
421433
420316
434643
424246
421681
421444
421676
427203
421483
422513
441554
427563
422108
422836
422042
452435
453952
421990
421904
422259
431725
422350
421986
422238
421739
429389
422513
422632
421946
438926
421728
423861
421765
422001
428080
422462
439899
421992
473239
421741
422399
421902
422240
440549
422422
421157
422644
432739
421908
423021
421436
421259
432773
422090
422225
422425
421606
422983
421396
421569
427852
428603
422438
421833
421821
422463
433957
422045
421177
421887
422657
422688
433203
423982
421486
422127
421290
421427
421323
421498
420846
427335
421186
425699
452228
421623
432609
421285
421120
421285
421294
421835
421153
427847
421739
442715
420686
421357
423538
423040
421904
421938
428725
422581
423956
437341
429307
422256
422057
422212
423299
453340
421316
421759
421470
421981
421776
421981
442727
421949
428763
421837
421992
421278
449696
423325
421655
422162
421844
439333
422273
422223
421325
427238
422124
422419
421784
422393
434047
421752
430557
421730
428373
431138
421359
421506
422420
427743
422259
421995
421109
426566
441776
426286
436991
421942
435842
439550
422865
421593
434472
431740
420972
421446
421053
440261
421325
422071
421065
428434
443307
422219
420704
422604
432325
442455
421265
421525
424796
421805
421541
421398
421884
426530
421276
421495
439064
421392
425739
423233
422555
421840
423280
422584
421752
421931
421661
430049
422115
421657
422080
422765
423433
422564
421471
423041
424016
422506
421874
439763
421616
422133
422033
422367
421659
429275
421899
421704
431795
421967
431681
422042
421174
422103
447479
422512
421795
421575
422525
421982
422338
422614
433144
447240
422682
422312
422251
438293
421351
422351
421912
421273
428293
422340
421646
434373
428550
422552
423625
424451
423182
428741
421090
421779
428113
426472
433953
421503
421509
421112
434783
421327
421504
421346
426824
420789
448129
422650
425003
448129
422042
421471
421261
428279
427132
421667
424739
437105
444608
421979
422844
422764
435839
422082
422480
422096
422288
435150
430124
463000
460354
453374
422891
427641
422334
421708
468484
461156
461423
460831
475940
454682
421947
422406
422310
422137
422574
421489
441305
428774
430932
433534
423240
425936
423105
421845
422038
422643
428516
422592
421848
421768
430322
421866
422342
422836
422140
435785
423089
422323
423574
426799
421603
424388
422808
422661
444641
425054
423967
421001
424688
421281
421724
421597
426749
432715
422703
421764
421181
427126
421668
421232
422724
421954
432751
421696
430088
421404
435127
423554
421660
421730
421426
426614
422023
423929
422410
424638
428840
421582
422230
422593
423095
422665
423022
423727
421639
422976
421541
442508
423033
422179
422741
424255
426051
421515
431781
438012
454320
438475
432214
421834
422400
422702
440373
422839
421778
421983
422142
422623
422655
425823
438943
427560
427050
421893
427132
423227
422578
422392
422093
422090
421755
440609
421472
421828
422557
421310
422842
422892
423124
421937
434449
421655
431995
425903
428453
422155
422511
422008
428829
457471
421474
421161
421754
425818
446665
421078
420825
420987
422214
420623
421869
421274
421414
420993
421465
428776
420807
452343
421443
420640
430707
421913
421743
422078
421544
421654
431608
445835
422332
421665
431400
421800
421644
423291
421975
428084
422053
421777
428237
425597
422260
424213
421324
421302
435376
422052
421354
421591
421289
430812
435709
421849
421794
429227
421620
421141
421975
422503
422049
421246
422151
428512
446820
422280
422604
428675
421967
421570
449220
428618
422136
451405
422398
421456
422212
429460
421892
421881
421756
421635
486746
445937
464426
429411
433109
422026
424802
421248
424743
421446
421178
420866
420761
421049
422577
439112
506656
422177
421562
421585
420626
424669
421039
473344
461159
429312
436057
421572
424342
421495
421925
435363
422062
423432
421815
423309
422191
421434
427720
421804
422833
421613
429158
422745
436533
423034
422200
421973
421955
434041
421785
422334
421558
421457
423156
421751
421067
421768
422333
423117
422234
428576
421631
444142
422416
421341
421691
422583
421619
422593
421439
421751
463928
422071
421835
421692
421554
422169
421781
421677
422025
428280
431823
431320
421497
421421
422012
421420
422068
422901
433544
422673
420447
421048
430457
438264
421380
420471
428006
435034
426002
428342
422334
422673
444851
435988
425679
421742
443476
421226
421713
420922
422399
422173
421061
422292
426033
456718
436151
421341
422008
421262
423113
423690
422797
422661
438764
423585
422092
439336
422454
422679
422173
421787
421802
428838
422812
422482
428834
425007
424797
421711
423945
421304
429035
422283
421519
422620
421861
421793
421455
421540
436194
435666
422258
421193
421959
444621
422353
422121
421510
422040
440003
431430
421599
421977
435231
423186
422116
422028
421402
427056
422147
421348
423664
428678
439016
423446
425983
421635
433128
421258
420524
421707
427331
428021
434525
420745
421972
427771
421613
421056
420822
421141
422838
429046
420962
430460
421456
421455
420932
421635
422593
422076
422822
423134
421963
422926
422164
438178
422659
421356
421480
428878
421787
421712
421198
422801
433234
437177
436557
430146
421592
423104
422233
421853
422185
421021
421959
421844
445749
427654
442591
421424
421921
422930
422100
423649
421917
428091
421303
421883
421879
432249
422071
422253
423646
422356
435169
421902
428866
421795
422346
422345
432596
422340
421888
428901
422162
421540
421191
422357
422028
423950
422409
421304
451275
422824
420689
420993
427544
421385
421574
420709
421446
453230
421881
429378
428264
426756
421215
420978
420919
422317
428230
421379
421910
421417
423154
445616
421128
421161
422414
431432
421511
421748
421436
432715
427298
421566
429868
428407
433564
421908
421642
422981
422019
423140
436681
422161
421828
422623
443504
422117
421679
421705
422524
422285
422417
422109
421955
422936
423668
429368
422786
422210
434072
432067
421873
421838
422310
422047
439172
427014
452492
422516
422479
421466
422731
422282
422387
421374
421877
453793
420766
433230
440886
421503
421802
421244
421622
421761
428640
421834
423104
423154
421511
430219
421492
422803
421188
427985
422271
420865
423748
425719
422566
421558
421626
444420
436670
421177
421412
420628
426059
421569
420857
422006
420819
431342
427553
422446
422259
422849
423037
422107
421923
421553
446737
421493
422547
421689
456348
421894
421666
422147
423321
433499
421750
422952
421737
423528
440656
421983
421986
422082
427615
423673
421747
421471
439181
426710
422687
421562
423647
460012
422764
421732
422184
427868
422064
432800
421198
422380
421891
423269
435174
421484
421431
422258
422569
421434
426726
422143
422627
422029
422090
429161
429967
422137
437481
422277
423500
423948
422383
421070
421037
440876
431159
442730
421025
421432
421997
422456
422102
422205
437258
420592
420728
429639
432705
423114
421195
421075
421168
449505
420584
420399
421073
421114
423954
421682
442305
421999
428936
421332
421251
424989
431096
422720
422053
422552
422691
432621
421431
421805
422546
421764
421666
421663
421368
421685
435315
421657
421511
438831
429078
421644
421782
422067
422445
446596
421736
421967
423269
432655
425996
423848
421696
421876
428537
422193
421492
421494
428058
422684
421757
421180
430399
432936
423066
421527
421658
426009
422641
422112
421661
422136
427057
427138
422234
422444
423204
422415
420889
423012
441508
426750
421038
421075
428657
420766
422558
421044
421715
421189
421653
426900
446569
421197
420961
422052
421635
434532
420892
421657
420771
421505
430560
427937
422576
421415
421698
422150
435109
440388
421459
421463
421349
434682
431713
421728
437521
422723
422595
423706
422114
421655
432431
421031
421266
421286
438852
421504
421775
421540
422041
435089
422022
421506
422760
433235
421420
429258
421530
421297
428123
421328
421613
421882
421444
422065
421413
421961
421823
438706
421575
421421
421128
422414
421555
421688
421585
421453
453295
422131
428635
422255
421308
421941
423621
421416
420767
428435
421453
422934
432992
428436
425660
430067
421619
421359
444711
421287
421591
420968
436686
420706
420952
437168
422082
434283
421610
420853
422743
425820
422818
422742
421836
421164
435551
421414
421963
421152
424171
422892
421588
421812
421055
422206
421615
421128
440926
428095
422561
421976
421782
421555
421590
422178
422350
423005
421678
426789
421613
421810
421037
422573
421646
439413
421869
421757
432466
422194
422030
456323
422344
421738
421186
422753
422553
431782
422040
421822
421756
421667
422111
422173
421607
422223
428347
421284
420953
421778
439176
427896
423305
429263
438665
423254
422663
421654
420782
420998
423001
420903
421895
421280
428777
439983
421785
422408
421434
434183
421683
421187
422844
446245
421133
421141
427999
421591
421755
422747
422933
422809
436008
421227
422135
420672
421025
422088
436128
422313
421633
427978
422534
421842
421965
428209
421893
422676
421554
422268
428121
421488
422035
421233
426278
421812
429045
421709
422389
433673
422422
434830
420899
428371
421395
422245
421756
421729
423316
422824
421910
421873
424190
422363
421537
429628
435373
429288
421908
421776
421593
422310
441604
426388
427499
457380
436441
421958
421404
421872
429799
427487
445302
435965
429454
455897
422258
421433
421846
428862
423098
421143
420664
421273
434803
420818
421060
421114
436992
421876
421929
421700
421100
454323
421730
422012
422117
430969
442580
421940
420849
421298
427487
421486
423367
422053
420646
422893
422518
442419
421358
421551
437359
422548
421574
421556
436878
421297
421711
422242
427524
423062
421607
421496
421500
426441
423968
420871
420707
421171
421367
432420
420918
437918
435230
421817
421615
422013
426413
421094
421520
421817
426133
456233
422265
422955
422375
421676
422054
433870
421204
421450
427441
421765
425282
421567
421780
421966
421640
423788
422075
452901
421627
421725
422768
425676
442665
420608
426912
422304
428058
422332
421301
421269
433744
422039
421854
427508
421463
427679
421814
421266
420604
427480
425824
421401
421598
423962
448582
431368
421812
421358
425839
421432
422136
422266
422322
435096
423478
421981
438991
427939
421560
421585
422112
439565
437545
423622
422520
439972
423230
424261
422882
422992
422175
433608
422390
421993
420920
421975
422460
421567
421731
444793
421780
437990
422916
421985
421654
433102
421473
421801
420978
422695
432581
422139
422570
422311
421940
422492
421087
421313
421728
422297
437664
426580
422895
427899
422215
422636
421182
425586
421493
421414
421678
421174
434801
455391
420903
421168
421906
421247
421264
430097
420647
428702
421936
420391
425984
421417
421574
421432
420895
421957
459772
423425
421914
422317
438045
421586
452500
437772
422412
453411
426168
426015
421444
427753
421492
421607
422075
428536
428300
421665
422009
422304
431366
421904
421931
421825
425515
427707
427450
438470
422483
420931
420899
421333
423026
421161
434800
422007
421189
421348
438412
422285
421516
421260
421752
433614
422268
422026
423320
428973
421319
432522
433807
421730
427502
421914
422138
420926
427402
432492
448912
441087
445734
480729
436917
421195
420734
424326
421296
421179
423040
421067
443400
423088
443215
421853
424353
422572
421948
422350
420530
429450
421946
426986
422295
420461
421568
421294
421327
422056
454754
422332
421597
421865
427164
421556
424835
428350
421599
427936
421749
429256
420834
436899
421252
421350
421387
421118
437510
422695
424330
422365
434019
440829
421768
421685
420928
433417
422412
428142
440091
421860
421587
421193
422280
421291
421808
422830
422165
421793
421503
438614
421429
422508
421087
421555
421740
421467
421236
421540
422007
421677
430550
433877
422389
421774
439992
421748
423964
461600
422875
422221
421420
421705
441079
420717
420639
420963
446832
422964
421151
421595
434170
421782
420443
433553
420986
422175
420884
422619
421186
421033
421485
420406
420949
420964
433246
438870
422194
421130
421575
422324
422053
421581
421269
435308
421879
423167
454214
421756
421427
421036
420980
434384
428266
422812
437841
421644
423117
422939
421867
421850
422073
447495
421637
423186
421224
422772
422708
422046
421953
450753
437016
421975
426802
425083
426481
421860
422095
422084
421568
428229
422978
421812
422421
446829
421793
421367
421645
422701
429000
421897
422312
428177
440040
422042
421404
423432
436024
436098
423132
420247
420796
422357
421596
433496
421314
421672
434440
422183
421609
421843
439012
421472
436877
424852
429847
436127
421397
439551
428654
468409
422637
420820
423554
423916
447435
425318
422254
421806
439805
432703
422080
422307
421658
437727
421677
423319
423117
439075
423190
421670
422404
421462
428730
421622
421006
422041
427742
422369
445506
421582
421582
422323
422637
421533
421629
421733
422323
421625
421731
421590
444439
423705
423141
421123
421477
422937
422412
437584
424373
422441
421879
426670
438643
422183
437858
421496
422148
422129
422287
421956
421747
420990
422148
454853
423480
422443
427674
421358
421293
422465
421409
421260
435696
421483
423354
420528
422962
421004
421559
420211
420685
427897
421118
421301
426763
421395
451445
421947
421492
421342
436884
465118
460872
464999
464200
460241
467896
423667
424743
423362
421946
422343
421596
446316
421758
422623
421874
426597
440341
422402
423371
421494
454482
422193
427391
450111
432212
422558
421579
421637
422019
451946
423550
421980
421131
424890
423370
440175
421653
421461
456807
433442
421384
421689
427072
422376
422995
421416
421964
435620
426851
422246
437959
426983
423138
421689
421619
421404
428279
422770
421724
428358
440769
429665
421297
421334
422177
428003
422891
422311
422210
428938
421653
422201
420957
438495
444734
421722
421465
421484
428954
422626
421308
421000
420663
427294
429371
421846
424009
422576
422060
420571
421871
421469
423113
422366
422647
423179
421481
433911
421657
421791
421478
422337
422358
422352
420675
429288
423425
433666
422489
421037
422728
441778
421921
422973
422696
435506
422651
423194
428509
421284
422959
421623
422162
421345
443712
421014
421803
422056
422277
421289
440115
422325
421607
429315
421478
426205
422057
432563
421430
424125
422032
430456
452692
434423
422324
421949
421388
422006
423117
421106
420637
443250
432350
453674
421566
421909
421353
421930
420552
420871
428617
426013
421286
420445
424239
423073
422258
421313
421273
435178
421583
420834
421325
422126
423484
422926
455057
422156
428818
423409
433158
421878
423445
422696
420990
423420
423149
451365
420335
421533
421593
429513
422897
422762
422091
421878
453101
422601
422164
449425
428390
421928
421170
421606
421099
427116
422975
421940
421601
421267
445543
422093
420894
421463
429045
422585
421544
421304
427822
421487
421889
429955
422948
438427
421675
421619
422672
421792
427405
421328
421701
421662
422197
439157
421629
422696
423452
438034
421335
423736
421436
420827
420685
421579
430304
420848
421284
420748
421042
421174
421739
426216
421419
421393
430831
466769
466601
420721
420392
422033
421082
421610
424299
422185
423002
422209
421931
440276
422495
422089
421754
421762
420779
421557
425379
420778
421819
422516
428542
421380
422261
421887
422114
421171
422145
421075
421178
421331
421465
421219
443603
434632
421371
429590
421904
421747
421716
421716
422888
421523
446922
425795
422129
421765
421496
421196
421659
421687
421426
428196
422358
420705
423781
449115
421369
421036
421569
421639
435735
423060
422536
421032
435890
422204
427984
422585
421597
431348
421166
420377
420920
433092
420991
422227
421460
426740
448758
422515
421250
420631
426209
420868
420908
421242
420744
437669
421198
429424
421866
422877
430113
422247
421689
421457
421481
421610
421317
421109
425614
442620
421699
422394
420992
420331
421701
421535
420756
439637
454230
436129
437626
420835
421839
421211
421773
420952
421950
431531
420785
422247
421499
429823
427260
421210
421582
421682
432823
421688
437146
420928
422497
420958
421076
438433
421761
421828
421071
420517
421692
423973
423000
421418
421500
443405
437230
421544
426772
421748
423466
423536
422687
423744
424986
454829
422145
431358
422159
421533
423175
421504
421658
420404
429546
421178
422207
433275
421437
442971
423348
422474
421955
429864
420220
421229
420552
426195
421302
421019
422432
423399
435722
421461
421464
422963
421299
422291
422226
421728
421276
428614
437406
421850
421281
433311
421845
422186
421584
421219
437114
423166
421551
422438
428429
422604
421558
421668
421947
432900
423613
420820
421132
422051
422201
446509
422586
422232
421393
422112
421756
421377
422583
431588
431053
431279
448860
437840
422644
422832
423096
424819
434213
422661
422054
422028
436965
429850
427385
421453
424488
423551
423287
438827
422853
433657
421403
420534
420754
436260
421929
421711
420389
421445
421218
420859
420740
420533
420463
421796
440914
422269
431456
422848
420778
421276
421174
420668
445390
423780
421163
423224
422491
421703
421286
422016
421378
437529
422414
421520
427431
421107
433767
433079
422444
422248
430437
421858
423019
423241
428360
422596
421898
421620
438230
429073
421702
421579
421170
433087
421483
421103
421180
421693
436550
428140
421422
422325
437792
421650
421586
421127
421796
446827
420668
421354
421724
427643
421473
421953
421919
422050
436107
421012
421674
421927
429151
421984
429678
421738
422272
436142
421361
420475
421448
434261
420935
422072
420714
428058
445264
422393
453214
420932
446575
422766
421197
420465
421467
437720
420864
444201
422621
424934
420713
421090
436717
422726
447111
422457
422396
421402
430711
422629
422319
421140
421845
428032
421599
422269
422930
422063
421750
431178
422173
437700
422140
422054
421458
426117
441951
427814
422289
422993
425915
454724
421688
421567
422484
422233
421152
421657
421148
421087
431982
421762
428804
422550
421162
422654
421795
421212
422168
423841
421997
421286
422061
421314
449734
421988
421529
421877
426444
421443
422184
422030
423015
427650
423193
430444
421572
421852
421765
423440
438145
420860
450729
422914
420795
420566
428487
460182
459726
459707
459483
459234
445827
421095
421374
434549
421277
420694
458159
423682
421605
425792
421810
422433
427553
421726
437813
421637
433841
422185
421744
421164
435485
443022
422148
434532
421988
433179
422252
421395
425080
442798
451421
422260
426105
422097
432058
421223
422478
421496
421431
428906
431776
421949
421601
435415
424141
421625
421954
421147
427490
423118
421926
427042
443323
421918
422929
421994
421352
422396
421346
422570
423642
421621
422113
438957
421908
421211
422212
421535
421726
423504
430117
426885
421651
420781
428945
421378
421379
420677
420610
420498
427616
421010
421157
421364
421536
425599
421026
421420
421857
447831
422211
420850
421801
420986
421060
421432
421449
440548
452698
438032
420769
421974
423187
421817
421246
422096
421337
428977
433861
422008
422255
422723
421694
422564
421577
421161
429902
421853
421185
421713
444435
421237
421197
421809
421121
444480
421430
435594
421764
427506
422264
428559
422228
421312
427530
440030
421677
421958
425088
447937
434797
420883
429784
467403
424483
421728
435856
431236
422695
421514
421981
421639
453352
422274
444076
422336
422420
421499
431538
421267
421701
429049
419978
420652
425273
430163
422126
422376
421365
421094
445414
421045
420346
421292
427052
421584
420570
440823
420538
434433
421260
421462
420590
421302
423449
422210
420950
421704
433769
421722
422212
422203
423715
439193
428530
423317
420788
429641
421895
421533
423437
427356
427008
421256
421969
421972
463478
421816
422054
421778
423397
422093
421798
422260
421463
461478
421371
426230
421589
444423
421928
437200
421257
421650
427121
421781
422555
423042
428425
443021
421493
421220
420855
433155
421752
420895
422161
420797
421982
421611
448895
421627
426718
421714
421763
421399
423771
422048
420925
420800
421511
426773
445471
428634
420412
422141
420126
420863
421317
424497
421766
421774
426953
426162
427315
527163
475342
421612
421102
443570
422314
422377
428238
432016
449918
422268
422066
426270
443796
421800
426921
421597
422409
422043
422017
432656
421049
435076
422414
421952
421816
421969
421302
421925
421291
421432
451483
427246
422175
421536
422347
423398
421891
423072
421624
470789
422107
422360
443796
422575
422120
421937
423434
421713
437452
421319
421645
423178
422067
429493
422563
421449
421295
428541
422155
423860
426045
423092
421427
421606
422530
440239
428607
430844
433180
421449
420802
421220
420680
421310
420899
436729
429648
420756
421258
420916
422024
420806
421099
421098
464399
421380
422616
420512
430577
421596
420859
421550
421349
427391
421242
487083
539377
604225
536869
537363
548077
530371
518841
512734
486182
423507
423488
422965
437080
421706
421287
421804
421267
450689
421642
422125
421199
436983
421173
428323
447159
431100
428180
421377
423100
422154
480729
421623
421583
422120
420677
443571
422045
441619
421467
427769
422056
421976
421418
422828
433152
421349
429043
422521
421867
421729
421431
421416
420840
421656
422396
423360
421761
423930
422942
421191
444867
421209
420647
421853
420945
420812
420681
421526
420730
436076
421675
421867
421505
421408
421491
422734
462784
421326
420763
421172
424605
421211
430677
420660
421019
435593
421143
422706
422019
421409
421745
421085
459803
421451
428942
421095
421235
423205
421560
421607
421672
437493
422150
429365
423536
421676
422014
423006
422008
421723
422902
422085
435091
440521
421258
451378
423858
422257
436844
440671
430907
448306
421244
422723
421816
424403
435074
423072
420878
421904
444644
421297
421223
421860
424645
421783
422506
431511
442045
438116
422122
421020
422073
421119
421985
421073
422038
421646
429321
441837
421259
422111
421140
421097
421090
421235
421029
433531
421339
421727
429350
432939
422303
420968
421207
422079
474097
421560
421007
421227
421579
421839
439584
421100
421065
428281
423987
421863
423795
422850
422272
423362
422487
429264
429660
421451
422086
423332
428512
422583
421994
421685
422072
435169
422044
447416
421489
423552
422880
422221
421635
421424
423129
421967
420736
423035
431927
422609
423379
421123
421531
422019
421294
423085
437761
421098
421820
432822
421748
422490
422318
421681
421883
429285
422187
422181
421949
422850
421301
445175
423895
420972
439827
459707
431327
421701
422947
423512
421679
421474
421836
421020
421001
431334
420802
421767
421082
421663
421414
422008
423774
427894
455513
421578
420778
420687
421584
421730
421132
421042
421944
434724
421053
429316
423214
423819
422100
421915
429881
