1109596
757623
757288
757370
757791
763458
764949
859248
700583
631766
524142
467699
465345
464377
464534
475041
466070
465899
465750
521207
465207
476037
517912
506779
496850
464744
464688
472333
465107
465254
465281
495541
465502
464697
464763
488580
465355
465635
470267
487099
463771
465443
464969
465242
466104
469248
467363
466715
466315
466747
466406
472523
466110
465782
464503
494146
466028
466133
465712
472678
465607
465552
465932
466092
466367
484744
467199
464622
480544
465133
464977
464751
512827
466392
465191
524222
709337
703806
775909
689216
689716
704361
692218
701217
625567
528605
510426
512811
540307
515233
510580
513670
512813
512499
512175
528048
512617
510173
511769
544409
526416
514681
526199
511218
511230
510610
511393
536429
512827
511760
547479
511377
515666
518693
466533
465406
513801
464774
468988
472027
465639
465219
488261
465445
464337
464519
471826
464596
464799
464293
465792
466150
465190
512445
484374
466966
465960
465674
466700
466449
465726
466123
471660
466822
465705
464619
467922
465378
465253
466577
466317
474362
465064
466025
466928
471184
465742
466120
466468
478947
464676
465706
465585
470842
466045
465144
464913
465236
557802
465239
465608
467687
489218
466321
466730
466425
465933
464488
464569
466584
529493
466288
467262
481022
466306
553614
466202
467301
465376
466075
465543
465979
489629
465955
466009
466907
481108
465859
464966
465798
473259
465654
465595
466346
470738
465439
465135
465881
465696
466258
465103
464537
469442
465493
465103
465802
466032
465754
464624
471017
467852
465802
466691
466703
465360
465757
464912
465825
466872
472763
465721
466199
466155
493954
466038
466423
511090
473924
465213
465746
465465
466419
466119
466808
465858
467034
466150
465887
465423
466484
465844
465647
465291
479732
475519
466424
466334
468689
466832
466251
466193
464781
465404
466067
466516
466754
472697
466777
466930
466840
479328
552487
466356
465602
477732
467222
466051
466514
465752
466840
466709
466417
467034
466399
467461
466523
472631
466334
507167
466165
466379
465914
465609
466278
464899
477595
467042
467956
597196
509795
466727
465654
486154
466732
464989
547139
487405
465281
465964
464958
465970
476338
466811
490085
466042
489130
466379
466950
466683
479895
469791
465919
548574
473324
465510
466525
467049
471412
466130
466242
465660
466796
466226
465641
465298
468617
466287
467360
466016
537908
466570
466296
466838
479920
466908
467120
465050
472640
466305
465168
466390
465832
472086
466101
465667
466368
500210
465702
466265
466804
474140
466294
465995
465366
476692
466300
465985
466364
466316
467752
465775
466306
465686
471204
465357
465119
471337
465909
466062
464651
467593
464796
464725
464400
465015
465904
466079
464618
465372
471918
618870
465192
465662
466537
466117
466306
464355
489451
465049
464836
466797
470883
465309
465555
466333
466942
466541
466050
466813
466484
465912
466224
465096
465139
471968
522918
466819
489411
466480
466070
465686
485543
466554
466175
466386
490716
464955
465257
465227
465331
473317
464937
464533
465552
472249
466022
466172
465936
491650
466381
466002
465304
562420
466889
465210
465718
466255
466755
465963
466521
465073
466978
466352
466474
476338
466445
465381
465327
469350
539713
465382
467022
474387
466266
465010
465871
464554
476976
465651
465866
466069
471450
466164
465863
465518
470468
466048
464550
465189
466811
465514
465021
464879
466111
465591
466794
465487
465804
465674
466500
464738
479381
466923
510318
465313
473550
465203
465114
464301
649094
530543
520949
465370
466905
465738
465543
466028
465089
465502
466246
495366
465236
465955
465723
466698
468044
465741
466457
465007
464611
473301
465538
465867
464617
472443
466213
465999
465943
479831
465139
465522
465618
471840
465896
464400
465680
464847
465148
465225
465121
466123
465687
466566
466365
469008
466257
467150
466339
472200
466149
467316
466353
477201
464139
464994
509606
464562
465043
463943
465243
464587
536277
465272
466499
464128
478900
465507
465084
464265
471472
465440
465748
464892
464718
464899
465675
464453
466177
465596
475221
465111
471112
465129
466613
466170
466241
466077
465695
464970
465200
466244
466324
466043
465868
471344
466147
549169
465976
471334
465695
529079
548377
494321
465225
465384
465371
497070
465651
464539
465821
483122
466706
466277
548112
486827
466805
466435
465794
466321
464669
465923
466845
469793
465155
466527
465083
481856
465308
464913
465866
559791
466112
465489
465920
467013
464352
465451
465990
465606
478443
465794
465292
464977
489061
465134
465150
465127
470429
465839
464596
465219
476411
465839
464567
464365
464799
465972
464565
465315
463772
478214
464797
465307
491906
465255
464670
465771
472204
464674
465166
464465
465430
466226
464402
465507
465092
479430
465009
464097
464899
470116
508990
465723
465897
476443
465819
464728
466077
465335
466048
464470
465066
466602
465196
465415
465212
470853
465417
466029
552200
480207
465307
464704
466229
465178
535824
465943
472676
526300
465525
465828
466027
485507
466462
464898
506353
482779
466601
464317
466735
466300
473050
466668
466044
465899
503536
467204
464690
466640
471493
465588
464426
465346
476156
465515
464456
464291
466140
464249
464050
602318
508848
466176
465054
465219
538991
464308
464865
463711
489861
466377
463833
463919
481231
466846
469104
466085
467417
466581
465564
464637
466905
466741
466299
464236
488629
506973
478542
465186
469876
464360
465524
465270
550466
1005436
1274736
467271
466409
465698
466438
512399
467030
468635
466033
465697
465373
473500
465981
466302
466460
471827
466280
466064
465959
465709
475863
465939
465459
466530
472408
466005
466236
465931
470475
465235
465991
507135
515025
465172
465045
464521
464020
464754
466611
466026
464938
466037
466390
465792
465392
465621
465663
464488
467847
465609
464217
465209
463943
470662
463655
464264
464319
479474
464722
465517
464876
469865
465087
465557
465363
464392
465054
466384
464097
466958
465329
466179
465243
467062
496962
465557
465901
467627
466124
466602
466077
465940
466725
465644
465897
465542
472952
466359
466929
466337
470700
466641
466127
465285
466992
465474
465327
465883
465095
466240
466303
467022
466367
465230
465235
465481
468270
466419
487543
466860
465122
465766
465881
466008
466302
517087
465916
465488
466242
480602
466450
466305
465851
470699
466100
466783
466545
465503
464862
465946
466988
465846
465704
465500
463986
464070
464352
464518
464281
472455
464453
463674
464844
492123
465682
465479
522943
464409
470394
464858
506607
464865
495256
464878
464831
464325
494931
466959
466253
465388
562323
465231
465967
465715
471179
465549
466315
465727
466341
466743
465536
465429
466142
465058
465372
466271
467073
500114
465156
465900
515275
466709
465859
466030
472120
465501
465375
465241
466574
466509
465750
465995
465108
525767
466230
465286
466466
472428
466191
465599
465080
479372
467905
466071
465218
466107
465977
466203
465605
465299
465699
470842
466003
465449
465542
465718
464514
477729
465653
466433
464876
472506
463753
464356
464966
465181
465796
479111
503163
458501
470374
457535
459112
457690
508547
459413
460350
457932
459601
460932
460412
459138
525759
461405
460066
460635
544116
461215
460671
459384
468288
462536
461180
461645
461149
461773
461794
460853
460286
467429
461091
461414
460310
466294
460670
461417
460790
461660
459614
459872
459370
461069
460130
462332
460577
508012
460633
460892
460981
460546
542471
461734
461190
460545
465611
460713
460357
461695
466865
460780
460075
461449
461969
462755
461171
461021
461784
463128
547375
460427
458274
460772
458964
459875
460657
459036
461225
461664
458889
459020
459934
460205
459795
465386
459583
459951
460896
515228
460923
459346
460155
460445
458733
460480
461027
459639
459074
459635
460199
474974
459492
461415
503231
462233
460204
460819
498620
460087
509763
461133
460504
459465
473177
459825
458802
458818
458683
458477
460540
461186
540805
460350
461303
458143
470298
460350
459374
459692
503848
459661
459575
459427
458785
466392
458757
459597
459944
474177
459754
460329
459603
465900
459900
458410
460321
459868
459266
458341
457925
517060
459769
458424
460137
460847
534698
459768
459504
459129
457634
459198
457555
459314
471817
459596
458543
459789
466491
457776
457282
458626
458916
457217
533052
457599
462029
458843
457652
458687
457489
458818
458300
458475
459659
464306
459091
458850
458359
468662
457696
502903
459299
459107
457633
457891
457955
457168
457827
457926
459399
469875
459024
459030
458681
459158
465398
459168
459454
544590
466016
457545
457095
457413
458564
459286
458982
459836
458000
459595
459025
459084
465387
457902
457445
457911
506761
458187
460265
459052
694508
459066
459786
459101
459690
488546
457817
460550
458288
487266
458885
457562
458777
484314
458596
458143
460533
459108
459985
458639
459029
471796
458741
460153
459619
457685
460707
459966
457813
459044
464712
499367
458159
458995
471160
459199
458845
457692
457659
457977
458958
457112
460445
459147
458354
505735
543382
458642
461077
460326
463668
458492
458906
457779
462535
468211
459206
458255
459466
472351
458212
457623
458062
457773
457293
457577
499382
465485
457818
457517
457494
472413
459028
457404
458588
458104
463892
460103
458041
459365
465018
457706
458975
467234
459057
459609
459001
458767
462987
457540
457057
459277
465372
459555
457310
456944
457571
473022
457795
458884
458905
492288
458805
459118
525840
458077
459530
458721
459419
457980
458065
458870
458679
460257
459302
458048
458747
457990
464533
458220
457610
458255
472662
457303
457349
457350
458476
459045
457401
458645
458214
458470
456867
459079
469768
458480
485044
458967
456931
464288
458416
457203
458308
463745
458241
458583
458440
459696
458801
459986
459160
458273
459073
470700
458031
459772
459861
458541
457212
458626
472061
458068
459548
458913
477925
457765
459309
459742
459421
458300
457306
543123
460640
458936
457654
458942
459080
457486
459135
459100
457570
457876
459494
457489
458558
471546
457463
459041
505254
467495
457995
459017
459920
459162
459127
459430
457973
460169
459483
457992
459412
457484
458344
457330
460036
459324
587926
457145
458147
458779
470595
457532
458276
511855
474273
456908
457197
457907
458964
459188
456340
457257
470321
459992
459039
457657
507532
457401
458190
457968
604368
503644
510213
517653
501119
502069
514880
518780
512546
542464
513343
513684
489587
473716
464630
458956
475461
512085
458029
458421
465432
459227
458179
458297
464192
458515
459891
458949
459511
457872
458042
458801
457971
459047
459494
458179
460076
458149
458651
459249
458024
471214
459305
459615
543704
465709
459629
458544
458023
464019
459046
459457
458240
459168
458650
459082
459163
501639
458143
459416
459214
465734
457773
460336
457450
458184
471424
457032
458061
457990
463423
458754
456626
457380
457640
457712
457176
458433
502522
457525
457595
456595
465087
458787
457293
456944
458702
591683
458744
456902
459290
465819
458020
459219
458817
487800
546857
459137
458989
517757
458922
459329
458102
459870
469066
459488
467145
458953
459019
458239
459347
465729
502514
460034
458520
472836
458379
457721
457446
457774
457774
457301
458486
457775
459523
458138
458763
459691
459544
458974
541732
460801
457934
458274
459609
457793
464136
476428
458598
457744
507012
459894
457836
458055
458955
458425
459357
458600
458337
458881
457903
460784
471555
457467
458116
457041
458130
457363
457407
458563
458039
498961
456648
458531
457134
552804
459065
457581
457139
458894
457062
457333
457358
459202
458884
457373
458459
459161
458814
459751
458195
459701
511381
460041
459269
457584
464203
457122
459531
458949
458635
460023
458479
461093
459338
464480
458412
459049
457158
502718
460075
458730
460004
458011
458842
458895
457478
458973
457974
458189
458801
464575
458842
459354
457733
459837
459521
543497
458463
457630
457864
458830
459256
500483
458475
458721
459101
460516
480786
458659
458229
458978
464000
457714
461584
459658
465297
458470
522118
463357
480752
458940
458724
458667
457542
458544
458202
458025
456916
457624
458559
488808
470297
459293
456916
458250
465009
457469
458500
457993
457047
464638
458627
457948
459066
505639
459188
458913
459112
534849
458698
458373
458690
458709
458635
458795
458899
472452
459745
458612
457875
459217
463769
459016
459327
458903
551421
459096
458753
458696
471885
458742
458878
457802
457884
458276
458855
458277
458775
585825
461307
457294
483511
458209
466186
459865
518128
459193
457997
458371
459481
459007
459056
458583
459200
471502
458857
458735
457770
463300
457882
458344
459241
459490
458463
457675
459497
458966
459095
492878
462201
458488
457993
457193
458976
465113
459012
457137
463011
459778
458788
458231
458079
456629
781533
458676
458878
457433
501285
456994
457251
458023
472254
458036
458086
508953
467625
458270
459022
459160
457890
458991
458717
457935
470605
459068
458117
459076
459092
460321
459854
458583
458073
549977
459835
458034
458142
472959
459343
459408
458457
457881
457853
457402
460129
466497
457906
458400
458119
459351
458994
458911
458775
466119
458819
458559
459213
458766
463989
459787
457771
457611
471568
457284
458168
566913
508858
507464
460138
457211
459676
459056
458325
457725
458472
458337
458888
458257
464148
458333
457729
456532
456825
464753
457146
543369
457801
472663
458987
456833
457814
499259
457302
458232
457706
458437
457546
458245
458010
457354
458530
458494
458945
458678
459664
458461
458575
458726
458928
457980
457332
457945
506208
459100
456820
457924
463223
457786
458289
458497
541528
457988
458216
458824
495336
459940
459565
456764
463512
457561
457736
458410
458691
500018
459576
457448
457464
472671
458769
458005
459368
464764
458374
459523
458902
459080
460007
458660
458827
461103
458108
458652
457743
457754
503112
458664
460272
459421
459751
459731
457481
487837
489042
459175
458205
461202
471814
458258
458036
457239
458113
470571
546383
459390
621885
516886
459707
457558
485281
457534
458298
457534
459369
457485
457866
457162
463026
457636
456693
467888
472754
458939
459681
457845
501590
457816
458971
465107
457977
458769
459153
458153
457569
466190
457579
459754
534667
464321
459676
459044
459298
459255
458184
457498
456892
499467
459038
459263
457124
464651
457639
457850
458951
498285
470670
457416
458172
459644
465149
459371
457571
457823
457961
459342
457668
458035
458062
459456
459343
459030
458361
542519
458702
458630
457258
458458
458879
457256
459213
471406
458718
458000
458873
463320
457499
458376
458401
459060
459939
457866
456754
456799
458114
457612
457570
469941
458721
457008
457037
456711
464021
458641
457474
457244
470588
459182
545081
458830
490104
523708
460005
460153
475171
457956
459177
457961
460146
459115
457333
458493
464773
458389
458739
541946
464901
458885
458593
459239
457129
503953
457728
458109
458836
464909
458533
459676
457580
457594
459850
457670
504973
458815
459441
459627
458036
459497
457536
460375
460266
500545
459372
459423
458792
458240
472849
459938
458731
459861
551513
459636
459921
459787
464954
458830
458497
458842
460119
458147
458663
458915
501882
458474
459768
457280
456572
456922
457342
456845
476555
473564
459101
458313
457878
463571
458525
458380
457314
458322
458430
457566
456518
508445
497622
457592
456971
457814
457177
457992
458316
458287
458381
458988
459367
459533
471639
458443
472700
459466
463202
457417
459891
459140
458179
458146
458527
458588
584584
503328
499973
500607
500990
457867
458647
457741
459147
458603
459083
543214
459322
460264
457236
457721
499063
458084
458150
457380
458029
457718
458475
456897
457716
470851
457950
457350
458655
466886
459617
458174
457444
458689
457726
458722
459101
458257
457828
458647
458633
464487
458003
457240
459005
459920
467066
458387
456953
458593
471728
458126
456798
458400
462754
457975
457842
458021
457458
457117
458957
457371
457785
459032
458035
457542
460044
457162
456864
458120
456618
464358
459070
458132
457906
470765
459904
457927
458956
458802
504874
458494
457609
459088
459553
458361
457634
460788
459588
458426
457558
459416
459556
458506
459446
458076
464133
457525
532486
458128
509582
459632
458648
459651
505365
459233
583551
457866
458683
457814
458616
458378
464800
460161
457890
458970
465550
460384
458030
458158
458013
459664
459383
458824
459285
472659
457742
458560
459065
463425
457330
458780
458119
464685
458141
457218
455913
457487
457322
458236
457789
499968
458212
458792
457911
456643
463761
458582
458167
457228
472157
459852
456685
457104
463878
457117
458696
457595
458516
456930
458883
459120
509655
487670
457280
457770
457227
506023
459015
457409
458925
465493
458814
458148
457385
473003
459141
457654
458352
457794
457452
459345
458908
458684
459600
541602
457792
458131
459750
458747
458019
459325
459640
459229
457415
458943
463062
457560
458738
457623
468854
457853
499496
459501
459075
458613
458582
458015
456566
458935
458102
459624
461655
544713
517031
459056
466401
459392
458115
473820
476863
459054
461124
458602
457225
498987
473394
457130
458379
463574
458066
456610
457749
463609
458410
458295
458933
550529
457813
469573
459833
457466
457308
457441
457317
500197
458700
488176
457055
474317
460115
458187
459182
458881
466157
460320
458672
458079
464463
458014
458474
457281
458258
458462
457926
459595
457728
458909
458666
458329
459355
507676
457761
457541
470774
459739
457847
457200
458810
463463
458607
459721
459123
464656
457086
458684
459124
459259
459443
543929
461290
456807
457594
458305
457980
466475
464615
458884
458206
477663
459979
458011
458097
458908
480360
459941
462160
458111
505327
458108
458551
460602
468905
458678
457835
457012
458451
474406
457583
458574
458897
494710
516354
591070
460266
458943
458874
457539
458292
459191
456541
457715
472171
458148
457879
459065
477307
460973
457293
459151
531315
457533
457926
457778
458935
464311
457747
457836
457598
459131
457948
457743
457722
458781
458608
457946
459265
459151
540339
458373
457684
457284
457689
458993
459595
459097
463978
458611
458192
457958
499599
457714
457771
458728
459355
501407
458992
458904
459068
458510
458114
457788
463369
457485
457855
458041
457449
473059
458557
457980
458215
504662
458504
539757
458890
462991
457788
458706
458788
459637
457931
458470
457843
464149
457314
458239
458326
458994
457725
457440
463809
459079
513001
457706
457878
457237
464334
457578
456478
457091
457161
458410
458170
457940
522681
458936
537597
664904
469867
457958
459242
458021
458649
459944
459210
458935
484155
460128
459058
458450
461174
457553
457925
458802
458968
513679
459782
457817
458049
472666
457635
458330
459048
459524
459482
457641
457926
459553
460294
458247
458159
469929
459448
460614
458431
458040
458215
458448
457711
458853
465979
459149
458660
457193
460381
459802
459388
458624
458872
457959
458808
457616
465135
458020
458861
457438
458277
461099
457613
458665
457566
463694
458603
457412
457489
457405
458278
459134
458846
458640
458743
457153
456141
463605
457125
458310
457123
457322
458414
456913
456974
456966
469761
458317
456995
466367
504639
458031
458615
457489
457206
458880
458574
458030
459515
457896
457897
458612
459161
458752
460026
460723
459750
536499
494917
459058
459302
516850
459362
459496
458135
487106
458639
458156
457144
465364
458440
459444
457996
506494
459751
459823
458735
458081
460401
458247
459317
499307
459095
459232
457999
459142
472562
458264
458345
459371
463687
546778
458916
458845
470183
457731
457735
459243
458270
458913
460951
458114
501382
459415
458969
458733
458726
457746
458240
458983
457647
471167
457288
457559
456914
463951
456988
458001
458151
458769
457292
459402
458152
457545
457540
456909
465659
460105
459105
459389
457877
458203
459137
459117
458388
458646
472191
458628
458434
458232
457386
459544
457541
459071
458925
459442
457504
457936
511237
458750
457575
457322
464344
459669
458751
457390
457377
459020
457790
457848
507343
471419
458123
456564
563407
646421
459927
457740
458736
481109
457445
458107
457071
494698
458179
456852
457729
502487
459388
457807
457773
458337
460438
458038
458497
460267
459375
458749
458475
461579
458174
456792
455741
458308
507389
457579
458018
457746
457915
456845
457404
457660
463883
458075
457093
456329
496909
458009
456500
456298
458672
457883
536334
457520
457709
458142
458925
458044
467133
457853
457937
458384
458637
470762
457758
458421
457448
508055
457562
499907
457496
463660
458945
457322
457410
459697
457845
458952
458217
464636
457911
458698
458409
458624
458931
458570
458111
546514
513973
459190
458429
458129
463756
459275
457341
458387
458939
457816
458740
458342
458144
458841
458746
457626
460844
457884
460452
458328
458285
459491
458755
459474
457080
471407
458210
457351
458872
464090
458813
458357
457279
458830
591342
621259
457897
482117
458259
457198
458210
458348
458937
457150
456852
461068
458590
457326
456893
475905
457809
503582
457740
456991
481376
457860
458879
459410
464880
458048
458921
459392
507024
459118
458960
460472
459181
458757
458778
458021
458865
459070
457362
458813
471788
457626
457980
459121
457293
459021
459439
459163
457922
507533
459057
510225
458398
470770
458065
459362
456772
457627
504001
459412
458307
463914
459521
456872
459234
464462
458235
457880
458548
593866
467710
458667
458512
457829
463700
459042
458215
459306
470485
459009
457640
457149
457934
459724
460000
458278
472358
458605
457334
457563
458073
473285
459247
456666
464299
456677
542147
564957
498208
457820
457240
458645
458605
523231
458390
458829
462522
458281
457376
456083
512957
460171
457807
458045
456974
459117
457483
458728
458846
464480
457757
460962
458941
464298
458207
458662
458921
459740
457204
457339
457218
499631
458701
458284
458978
458837
459500
459309
464730
459418
457615
459224
458341
459331
464819
459544
457619
458645
457678
457834
459290
457463
458454
458731
459250
459167
457729
458372
459199
457639
472314
457061
458048
458534
457960
470898
459972
457572
458081
465465
459504
459021
501632
506284
459111
456643
458755
459465
459122
456497
457863
462129
458741
456637
458779
458111
458494
458170
457090
457756
555106
457976
457513
458942
499139
458312
458299
457759
458400
458866
459045
516667
459362
546580
527779
459206
458241
544886
459759
458576
459749
459870
488048
459512
466820
458581
459500
458536
476355
459252
458016
456777
456878
457888
458487
459353
459725
471354
458927
457435
458694
464175
458852
458817
458449
457129
459015
457891
457729
471038
458345
457979
467389
460650
495150
458212
459180
459180
458787
457161
457964
459134
470719
457864
457595
458256
459592
458491
458999
500862
459353
461400
457204
458167
459495
457460
457242
457501
457613
458527
457456
457643
471458
463780
457107
456740
501801
513304
458141
458254
457236
462591
456395
456679
457869
458706
456734
458144
458380
472667
458032
457390
458552
458609
543011
458546
457618
458460
498823
459210
458486
457933
470622
459031
516107
459798
457582
571201
514996
460301
480615
546074
457578
458498
475847
459077
458103
458144
458060
459746
457983
456769
479683
458654
458320
459496
461891
459625
459907
459135
458612
459325
459032
459615
458756
467109
459567
459761
458080
458881
458370
458437
457818
457710
458444
457751
506137
462744
458268
459674
458976
470726
458408
457809
458067
457512
462513
456989
457912
458157
508814
457355
458344
457777
457959
457404
456724
457066
457611
456769
457975
456552
457850
456372
456181
457498
456504
470694
458787
459229
459148
514934
457893
459006
457798
463766
457450
459456
458042
459538
459306
459444
459294
463217
458320
458985
457859
459166
459151
457985
459886
459066
507226
458407
459499
458295
464661
457923
458939
459368
474537
458210
459330
458241
565432
524451
459835
460254
479600
458153
459181
457663
459881
458531
457381
459275
464550
457675
458306
458860
474211
457873
462725
458817
461415
457431
458304
458068
459721
472135
457246
456642
456926
498017
456974
458196
458592
456749
457166
458282
542226
458940
458178
458334
457682
464754
458225
458392
458285
457092
461347
457331
458639
456533
512886
457900
460381
459180
466010
459216
458447
457702
457371
457387
458468
459817
472189
457645
457802
459360
459485
459199
459543
459184
458659
513860
459209
457963
457532
471171
458014
459216
459136
458125
458925
459471
459276
458903
459027
458480
457582
462138
460149
457524
459257
496813
457795
459045
458314
457696
463694
459778
457380
459722
470746
457691
458206
519019
459271
504300
571525
508429
482710
457793
459366
458130
459786
461252
459561
458153
458011
459227
458479
458771
470784
459142
507046
458810
479704
457939
456844
457287
458305
458542
457572
457446
458214
499371
457406
457595
458682
469257
458629
456797
543109
459482
458212
459047
458348
463725
458322
458657
457585
463014
458420
458792
458301
459450
510064
458410
457839
460164
465065
458117
457996
457630
470713
491220
459897
457811
458153
458355
458087
458004
474863
458626
460027
458194
549489
458119
457796
458703
458815
459520
458191
458984
458228
464593
460076
459017
459221
472374
457045
456713
459419
459264
535516
458585
458350
496607
459243
458461
458296
459020
459100
459230
461271
457704
464231
456980
458397
459157
461934
506290
458965
457040
470825
459502
458250
457615
458563
458554
456451
457588
459763
457052
458186
458172
457233
457500
457180
543413
457471
464209
458022
458636
458213
465054
459973
457469
458880
459843
459528
457796
457936
459233
548255
574577
542025
475428
459733
457346
458192
458946
458709
458403
457914
470416
459656
457867
458196
517037
458221
459084
457236
459196
465216
458073
459648
459678
482076
459366
459075
459236
464445
457966
458053
457454
459011
457968
459070
458003
546237
458819
458808
457642
463923
459079
457418
457360
458424
458721
458393
458407
460070
465144
458516
457513
457895
457381
495406
458063
458625
457462
456699
458439
458374
458399
457591
458317
458187
456854
457120
458245
456794
458029
470466
508044
457519
474842
465511
458840
475729
530799
544518
458326
458866
459934
494470
457968
457848
457199
457830
459324
473916
458125
458797
458049
457492
458654
457692
457813
458996
459183
459713
459219
458819
458380
457256
465116
460009
457683
543036
470945
457588
458447
457703
464720
459139
459292
457895
457797
458166
460191
457419
516548
459390
458107
459266
467216
458884
458087
458653
458040
465056
457496
458046
457862
469839
458872
459102
457406
479090
461527
458720
458038
503678
543957
457890
457219
470403
458553
456514
457782
456960
457161
458013
458154
458259
464307
458288
456898
456422
458914
463469
458267
457727
456871
456534
458862
458114
462229
479020
459024
457543
472145
458851
457600
457743
457451
463578
458891
465875
457750
464996
458157
519952
459917
458204
558813
597814
458849
479549
458367
457842
458825
486563
458878
503469
458867
483168
460151
457532
458411
459666
458128
457592
459286
500259
459449
457788
458014
494082
555285
458493
491199
461316
459081
457871
457490
459483
458454
457038
459285
458471
471645
459496
458235
457993
512352
461108
461897
465083
532924
459111
458301
456812
458605
457492
457015
458242
464408
458865
457204
458444
457448
464457
457114
456823
456966
584227
458898
457312
458206
462753
457686
459120
457622
457524
459220
458445
459872
458252
459679
459259
459033
457825
459193
545341
459495
458830
498339
458643
457581
457539
471979
459571
458917
457896
458363
459002
459297
459106
458735
459660
505782
501353
536746
502048
501972
501121
543075
501154
520478
522521
516123
458882
459133
458173
495833
458981
505438
459131
481228
458468
458928
458093
457879
459891
458815
458354
460044
458533
459338
459223
465772
457840
459401
457396
546066
461228
457995
458558
457338
471614
457666
459182
457529
462435
458498
458723
457443
457386
456578
458619
458797
463770
458527
458664
457284
464706
457245
458253
458207
458222
457591
458974
459072
458980
474352
458192
458548
459156
458362
548008
457912
459390
457361
458040
457474
457887
457297
457684
459065
459615
465632
458998
458905
458094
457919
464800
458282
483679
466710
510455
458792
458774
458617
464392
458155
459712
457073
457742
457599
459167
457734
457195
459442
502047
458473
459983
457682
459283
459178
459043
457916
459049
504661
457976
471304
460342
573140
459174
464308
458116
501044
459968
501516
459165
464497
458264
501416
458690
457618
457645
513032
458717
458049
457313
458646
457181
458374
458070
539279
457725
458223
458146
456890
458827
457256
457156
458108
464409
457951
456893
458547
509738
459041
458830
457649
462240
458145
459423
458809
458226
459005
491157
459495
463991
460097
459386
457342
467007
456981
457609
459246
458838
553533
458727
458277
458091
487857
458667
458774
458688
463122
458514
457892
457723
458932
458931
459085
457332
470889
555285
544314
459857
458041
458456
458505
459129
466833
458098
457358
458643
457959
471531
457578
458026
458308
463962
457970
501566
457691
459071
459463
458720
459596
460225
459479
457284
457933
464323
457542
459311
457549
458486
514282
557038
500266
459069
458833
458713
457904
472524
459126
456493
456250
458116
461446
458602
458587
457261
491888
458558
458747
457699
471764
458210
459006
458028
457440
458899
458929
458190
459058
458944
457451
457598
458694
458426
458318
457329
458866
463505
458109
458704
457758
486433
459422
457662
459199
463064
457945
457881
457854
458397
457548
458333
458689
513091
504292
459207
458683
459392
458843
457871
457567
458630
464962
459117
456909
459977
472768
457705
457150
457737
458501
458811
546238
458378
458999
458476
457553
457784
459342
459332
459771
458552
457060
457160
457140
459014
458783
463048
457464
504973
458275
469379
458300
480335
457308
459043
458475
458586
457104
457125
457650
456552
457874
516941
458981
456999
459536
543867
555314
513530
462387
459416
459051
459157
457838
458380
458413
459279
458987
476793
457922
458800
459072
528023
459284
471646
459265
459110
534203
523282
457927
458389
458033
459425
458917
457964
506301
457558
458289
458225
519130
460339
457229
459379
458518
457744
457397
458757
458933
458016
458893
458416
471463
474731
459258
457158
456731
459292
487693
458684
458708
464991
456918
458049
458955
470129
458448
457732
466122
459217
458801
456873
457861
458232
458038
480950
457524
457275
459024
458339
457932
457883
463448
458424
456921
457739
462772
458796
458869
458527
457315
457934
456807
488863
462960
459612
457264
457297
501299
458208
458222
458304
457345
472142
458253
457797
458607
464562
457620
459080
486835
458953
459785
460608
513345
503773
458457
458158
457298
458259
458100
459309
458660
471822
459472
457658
457983
465409
459553
459013
458647
459558
465374
459427
459020
459033
464948
458143
456825
458372
458191
458428
457961
457819
458486
535072
458334
457513
464807
458495
457279
457484
457343
458525
457981
457760
457817
465318
457000
458417
458726
504532
507766
458434
458604
457831
457836
458625
458325
457119
457045
456627
456731
458838
458236
458149
456982
458226
470995
458581
545927
459474
499388
458163
457758
457836
463799
458500
457826
457274
458161
458066
458878
457742
458059
459336
457394
500083
459771
456830
458801
457304
458474
506127
458759
457500
458915
463289
457186
457948
458376
457271
458908
457566
457412
541295
459675
459810
459037
468522
585759
460192
459171
457997
459450
458669
457312
468714
457604
457876
458288
467380
542193
458970
459122
458715
458338
458134
459251
458084
471477
457864
459243
457644
458506
457978
457736
456288
456316
459135
458369
458404
470672
457198
457763
457324
456400
458027
456565
457199
457983
463487
457381
458823
458101
457372
457824
459367
459318
457449
457218
457739
457351
458689
460232
459537
457444
472836
458117
457472
457574
458267
463086
459229
459437
457561
500875
457924
457676
457683
457390
457227
457867
458080
458379
458419
457817
458261
465657
457135
457258
499747
458028
459712
459073
458112
459186
500131
457569
459628
459176
464344
458329
458693
457250
458596
459310
457690
458148
543850
458193
459334
458402
459113
463866
459341
459124
494530
530762
515907
503331
464565
459729
457671
458542
480855
500216
458766
458569
474093
458065
458217
458269
457441
465745
457339
458693
458329
520129
457797
462217
457524
485470
535470
458702
457533
458413
469825
470420
513895
459637
458434
458221
459069
463766
458075
457863
459285
506843
458304
459019
459207
457682
457800
458082
457821
459070
471810
458272
457926
457350
457586
458961
459457
457929
457664
458304
458274
546354
462096
457800
458473
457361
464262
459378
457975
458436
458357
464573
458600
458625
457803
469890
457936
459440
458079
460359
457757
458692
459109
459533
459001
458772
458432
472145
459394
458354
459202
458996
457705
459590
459941
459871
472237
459046
457812
457242
470127
458223
460003
457504
458638
458623
457621
457070
457059
459522
456969
456935
458830
533678
459031
458168
457530
457024
457299
457967
511418
512837
497229
470266
459106
532245
512106
490638
493615
467048
496002
458985
458402
470255
534479
498085
481817
458017
457528
459420
459894
486233
459159
458003
457761
517434
457076
486443
459685
481197
459209
458786
458410
459458
458931
457654
458528
464557
459220
459234
458823
458595
459340
457920
460118
457893
500139
458953
458194
457638
463236
457514
457641
457710
457711
458295
458676
457416
457990
459435
457599
459006
543222
459103
458462
457289
456365
457264
458699
458513
458781
463841
457347
457950
458308
457643
458501
459412
457229
459245
458420
458154
458562
458684
458053
456995
456548
469022
460251
457718
479823
614388
459970
458379
457547
468720
460133
458122
459359
457520
465279
457080
458015
457555
492480
459351
457632
457676
509322
458586
459022
458435
457879
503836
459631
459140
458610
459255
459455
457097
459871
458962
457867
459192
459256
469842
459766
457669
458222
513495
458648
542369
458076
464899
458892
458271
458446
457469
458975
459191
459321
468795
458538
457408
457541
465615
459154
457617
503052
458297
497631
457210
459574
458327
563964
460545
457031
458471
466384
456274
458667
456930
457924
457809
456998
456117
541457
457845
458194
458279
458183
458449
457239
457727
458628
457458
457851
458248
456854
474882
457567
457630
457166
470342
459433
459128
459583
457410
457714
457405
457824
503979
458145
459746
459909
458446
479709
516287
459930
460813
458470
459160
458842
477287
459316
458262
458284
461251
458919
458112
457007
457641
517885
457537
457540
457225
492517
512877
459438
459301
465840
457351
459270
459301
459577
457804
459355
459380
458471
457636
457814
457177
457754
457467
458170
546460
457795
477125
459792
459313
461542
474237
458972
457119
457403
462921
457376
457075
456842
458608
457346
457997
459430
458912
457835
457695
458638
463869
458401
457614
457692
457240
463088
456962
484675
458606
471048
458782
458787
457943
560829
460926
457068
457880
501562
457590
458271
458476
459358
459430
456799
457247
458095
457778
457422
457072
458952
541243
458036
458440
457818
458862
458546
458474
458379
498861
458723
459492
459047
475887
460504
458458
457808
651550
637867
500888
502122
468224
458971
458874
458666
480792
459080
459189
458883
523073
458092
459029
458509
459653
457783
543293
457702
457811
458482
458550
459068
472386
458336
458587
458693
458260
457979
456247
458446
456902
506516
458706
461752
459214
471275
458326
458818
458219
457450
457934
457955
457483
462819
456554
458499
458719
458365
457412
457386
459083
543857
501722
458237
456952
457227
464521
456963
458295
459628
458847
459017
458490
458897
457256
459755
457551
458788
460188
458426
458067
459131
459205
458317
459072
459091
457126
463597
457110
458420
457179
463678
458616
457737
458197
466599
470315
456787
459781
459324
459491
457891
457498
500110
458246
458415
457852
459220
470879
457877
482734
458282
464305
497565
593490
458579
522235
458505
456912
457677
494312
457178
458082
458535
526998
458124
457802
458583
457364
460229
498602
459780
459226
457523
457219
458700
526592
458725
456983
459188
459604
458410
458290
458384
456939
512874
458607
503671
458094
464579
459700
459261
457656
464144
458795
459663
459155
458500
457562
457913
459398
459876
550994
457500
458470
587344
457139
456767
458406
457362
457613
458057
458477
458446
464362
458665
457554
458239
458268
458611
459155
457513
459224
458394
457886
457566
459929
458200
457178
456923
459268
457295
459309
457882
457104
473525
457787
458562
458523
464301
467196
458968
458367
458480
459476
459224
457012
460145
458963
458285
457657
460194
458672
458413
456800
457479
462769
567053
456490
458516
493384
640228
460458
468663
457634
458348
458249
457989
522470
457324
457453
458799
493903
457422
542991
459069
507887
457931
459365
457140
458028
458828
459013
457632
457920
459108
457483
459012
457986
459786
458911
463868
464862
457338
457724
458885
457532
470486
457339
458585
459668
462645
458429
457990
457905
457317
458799
457679
457620
540543
457533
458567
457779
465458
459105
458991
459686
459022
465154
459228
458782
458653
470808
458025
458438
457180
458881
459432
492421
457487
456813
459008
456901
458519
460305
457642
458572
458935
457243
459935
458315
458536
457853
464215
464297
458255
457065
471740
456848
458981
456635
456966
459116
457885
456464
458165
456593
458709
457842
471905
458106
457534
459906
462916
458608
456981
457704
459732
466772
466205
636071
578601
569026
559028
460859
459254
458183
502444
458813
457438
457823
458019
458549
486700
509391
529202
942145
824483
762465
851810
756383
481024
469942
458889
456996
457966
464904
457668
459650
458603
463267
458406
457757
458052
458117
458421
458780
457256
580997
459709
457603
459224
466147
457367
458332
459140
457952
470462
457875
456878
458786
464826
457218
458809
457362
531958
457739
479575
458845
458660
457820
457533
456618
465186
457493
457269
457659
457980
456257
459016
457944
457540
471036
541052
456645
457036
462446
457569
456816
458529
458252
459148
457440
457278
468696
458026
457779
458870
464166
459368
459954
457668
457489
465545
457100
521704
459732
471362
480399
597375
488729
547699
459873
458308
458915
487884
458365
459076
458237
488126
458364
458453
457906
458195
459882
459102
458778
457720
459319
457847
458762
459783
458429
458317
457914
473330
457996
458616
459008
458852
464079
457829
459231
459403
471561
458208
458769
459071
457890
459377
459411
460099
458992
457930
458930
459050
462705
458422
458483
458455
457085
462480
456528
458426
456885
464307
457160
457414
457411
499301
457823
458109
457152
458250
458588
457717
457961
463490
458610
458468
456638
457995
459064
458327
459744
459050
464407
541935
457906
458608
463774
458436
457791
457949
459264
459325
457357
457574
458546
458060
459020
457939
465665
458348
506916
458744
458457
457780
457924
457598
457405
487326
458062
459232
459995
505138
615584
576145
558286
460303
457835
458125
463365
460137
458322
457158
457537
479693
457251
459333
459095
491228
458439
458798
458881
457978
459366
457432
504695
459660
459148
459095
458250
459389
459810
457494
456527
525928
462354
458440
457568
464659
458750
457189
456743
457040
511837
458743
456859
458422
464593
456908
458994
458609
457638
457935
458734
457696
459600
458397
458140
459747
459903
460239
471459
459604
459144
458886
458099
458284
457255
472079
458050
457482
459033
463739
458508
457569
459261
457904
506013
458002
457588
458372
458192
458925
459255
498385
459007
459025
458697
458996
458431
458277
458719
457047
471287
459052
547729
458851
464432
458236
458917
457731
457528
457696
459469
457578
519351
458656
457460
457804
464048
458928
458282
457988
460154
458843
457681
527096
587391
459340
460425
459842
476114
458417
459107
457754
457472
516454
458485
458017
457468
494597
458142
457406
458297
463123
456947
457665
532622
544875
458754
458103
458333
458400
457476
458612
457910
532494
460375
458575
458511
461366
459201
458442
458892
457748
459063
458267
457574
457965
464158
459794
457919
459071
458997
544389
458967
458937
457904
457690
457645
458335
457436
458058
459008
458896
458564
459609
458772
457383
458281
470269
459313
458118
459418
464011
457969
458974
458929
458567
457062
459535
459004
459715
458265
457874
458249
464832
458085
459316
543057
457355
459253
457636
458670
459398
470961
459585
457954
459767
504216
459297
459220
458798
471486
566810
681841
458026
489274
457541
457982
457162
487852
456313
458604
456563
458687
456801
458488
458565
463688
457639
457023
457199
566143
458487
459395
459142
459911
458499
458836
457729
457922
471281
459664
457783
459093
464541
459305
457906
457939
462613
457744
484159
465515
459925
458716
458568
458204
464354
458459
458788
457887
465567
458445
460251
459594
458341
470988
542587
460103
459564
500920
459512
459611
458389
458858
459428
459744
458060
459582
459171
459428
458110
461844
457783
459582
460239
457605
458085
458758
458505
457618
505346
458398
458760
458061
465288
459288
458707
458905
457651
457635
501033
459326
457535
459186
458908
458416
464665
459014
458264
457434
457274
509405
456543
457221
511404
472324
456920
458289
543739
466571
458599
456777
559718
485574
458806
457491
458482
487460
459346
469668
459501
517227
459004
458056
459193
549693
460623
458936
459194
458506
459330
459209
459039
474272
458723
457382
458968
458072
459060
458663
458072
457901
507524
458365
458772
457319
470722
458928
457768
459569
459590
459538
459241
456962
459503
458685
459634
459246
465979
457991
465951
459720
457821
458604
457370
456878
457497
470309
458628
457296
457358
463910
459875
459732
459241
457546
458524
457336
459045
457616
456483
458036
458927
458931
457139
459057
487937
469858
458291
457055
458314
458414
471125
458520
460981
457743
462472
456742
456627
457151
460204
460201
458865
459626
458593
459364
457507
458432
458065
457414
513320
457885
473940
467151
558554
515010
459302
459645
459487
458254
471224
458303
458170
459363
464032
458515
459708
458148
499063
465967
458050
459888
459758
466064
460035
459539
459075
463651
459262
457959
458338
459349
459439
458880
458132
460121
547261
458553
458995
458402
459690
458940
459004
457632
469253
458582
466399
457877
464404
457969
457342
457069
510157
546243
458949
457855
459421
458386
456649
457917
464664
457314
458506
458829
462912
457168
459162
458473
458151
458665
457443
457769
464205
457524
458165
457997
499830
458698
457733
459789
458366
470398
458252
457870
459084
463965
459128
459375
541332
458192
457495
459734
457248
459755
458735
459376
458455
460079
459879
459363
459045
459682
457898
459197
458092
458998
472155
458489
458368
477286
527293
518787
458461
460271
471469
458795
457540
459332
527580
457518
457660
457941
511192
460111
457987
459311
459757
459381
458130
459280
465691
458706
458077
457496
465186
459621
459262
458428
459515
550629
458690
458375
457769
471541
458234
456986
457342
463035
457797
458760
458499
457328
459055
459097
457744
458892
459015
540028
458461
500172
459036
457298
459414
457007
465949
456987
457083
458925
472179
458025
458459
458927
465997
459310
462408
569754
509433
459862
458602
459635
458415
459618
458984
459646
457853
459461
457603
458332
458490
459017
458496
469535
458347
458498
458782
458125
459616
464466
458722
459539
458373
503388
458544
459133
458746
460559
459529
458931
459196
546168
459805
458076
459738
459649
503681
533042
516328
459520
459877
458152
458927
460898
458494
458956
457692
472786
458759
458945
461494
470631
457202
458743
458153
459298
463630
458902
457668
599108
462525
458771
457489
457956
506401
463802
457768
458728
463959
457713
458958
458342
458503
458796
459146
459806
459077
459368
462248
457413
458605
458915
458489
459534
500388
459550
458859
459365
458006
470672
457894
458889
459578
462859
460052
457757
457592
459532
458355
503406
459958
458270
459773
458350
458689
500434
458904
457852
459194
458950
458788
457435
457794
457900
470403
459445
457745
541295
466987
457220
457269
458234
457679
458091
458031
457519
458855
459209
458533
458849
460313
459750
459417
459782
500050
502799
501749
499412
503319
502384
500843
501335
506986
525297
501885
500653
500702
501270
499045
500739
511987
500079
499749
498975
506556
501248
498743
499239
505588
500238
499370
514493
500558
500507
499396
542436
506656
501615
500467
501797
501564
501469
501600
516092
515683
567526
459117
487952
458213
457646
457672
468682
457814
576436
459175
459348
458883
458902
459356
457810
459023
458670
459317
459904
457245
459548
458908
457007
459505
458882
459642
458100
464783
458076
457157
459132
499570
457640
457096
459174
457285
458875
457587
457628
463905
459243
459005
457679
473939
459754
457997
459250
457842
458715
458052
458803
459944
506728
461787
457555
456335
464311
456870
458128
458449
534145
458375
457565
458472
457033
457740
457969
457341
522233
459277
458329
458137
549947
519145
459167
458226
472986
544633
458240
457418
466264
460026
457724
457090
457533
472554
459448
457978
457694
464246
457623
457613
457933
458822
503892
458759
458036
458201
458553
457947
457949
459434
457833
458017
457532
458465
457953
458437
458215
458764
470697
458937
542597
458452
500277
459190
459543
458580
457305
459122
457355
458741
469189
460013
457605
457567
458113
458618
459527
458581
458212
459118
458868
457541
457305
506164
458654
457745
457814
457222
458624
458252
458875
457691
458503
457999
457388
540344
501817
499715
499848
500703
499175
499829
500114
500037
500541
499820
499851
513395
498738
498309
499610
517070
499085
500160
499090
498310
500051
500315
512879
501134
502114
502692
500544
500050
538736
522929
562358
510067
458957
457168
491738
460778
458545
459441
457841
458849
458155
459010
461094
459119
457566
457349
506615
459419
538150
457482
462965
457636
457201
456975
457024
466372
459303
457053
457130
470264
457880
457442
457651
457459
459240
503971
459225
458672
457824
458974
458901
460389
458756
457413
459011
457826
462383
459589
457846
458828
463969
458773
458665
545523
470131
457228
457721
458523
458359
457163
458436
456963
458636
457796
457316
457849
458066
457749
457969
457958
456959
464353
458027
458057
456740
463915
456196
457628
456608
459088
457824
459379
458850
457241
457261
457137
459248
465548
507060
459576
457770
458826
459596
459120
458684
458899
464972
458948
459285
458852
461424
459802
458471
457744
559767
603304
459171
457764
486911
457608
458996
467564
469872
459750
458776
459176
458720
459039
457511
459523
500645
457876
539021
459657
465596
460022
457136
457551
457931
469273
457688
459517
457656
463980
459107
457927
458432
458380
458129
475344
469109
462239
458820
458445
457242
463033
457519
456604
458786
460311
459048
456333
457653
457440
471017
458879
458352
546504
466081
458346
459668
458701
458178
457276
458308
458673
459394
459500
457222
459723
459767
457643
457873
459152
458606
458094
458603
458039
459014
471013
458751
459064
458311
509456
457975
459799
458509
458941
458403
459296
459481
470175
467138
458703
459488
459710
458882
512495
458584
457327
463964
458162
457677
457882
527514
459250
459525
458651
514036
525143
459922
458686
480692
458802
459529
459976
488815
458630
458295
457565
473412
492523
465677
458488
459738
459830
546527
458393
464255
458870
459385
457087
457831
459021
457969
478610
458457
458715
458568
458449
458458
472283
465681
464593
457001
507751
457477
458239
456899
458884
458818
458923
457949
457603
458376
456510
457224
465953
456940
458868
474081
540733
458391
459331
457209
457534
506906
459231
457851
457901
464593
458918
459088
457334
456952
457610
458581
457657
459258
458406
457457
457363
457625
458518
459871
458855
457119
506626
459085
458709
457416
472591
457794
459082
459037
459505
458984
458032
458521
457757
457329
457787
458202
460212
459360
459379
458075
458753
458504
459483
459459
457724
464006
585076
577636
459725
486247
459680
459738
457297
489066
457597
458216
456747
459148
458260
459000
458300
459556
457605
458500
457568
476764
457683
456650
458276
458499
457381
458059
457154
456342
471137
457577
457688
456305
463815
458907
463338
458976
459571
460203
457595
458661
458446
459113
457561
459426
459218
459364
472831
458423
457379
459057
459244
457406
458270
471269
459061
457959
458260
497767
459380
458920
457666
458375
459513
457708
458894
470561
459274
458524
459110
470021
459335
458668
458190
457561
462551
458741
458898
458491
516131
459258
456945
457428
457820
457912
457640
457780
459367
541929
459365
460172
469095
459157
457980
457493
457942
456884
458960
457187
461633
512067
458482
458438
458059
470475
465771
457199
457691
457866
458438
510490
534829
472417
458103
457663
458608
459660
457533
457047
458566
510989
459557
501292
459398
468261
479734
457635
458597
459101
458110
459436
458143
457997
464195
457780
459153
459576
463043
458502
458754
542479
460178
459512
457939
458039
456934
458891
458197
458533
459020
458174
458594
458058
458409
472431
457984
457454
462398
466401
458363
457149
458198
457586
458119
457521
458536
458955
457862
458656
457423
457818
458244
458004
457640
458673
548081
460393
457538
457768
472237
458480
458576
458860
504778
457262
458375
456588
456842
457455
458100
456576
458296
457354
459703
457333
462812
457146
457068
457187
458304
463164
458304
457209
458358
509346
456657
458053
456115
457056
587173
460652
458493
457890
457141
458783
457741
563320
458644
458526
459478
466499
458344
458171
457886
502668
459947
458583
542842
482374
458987
458054
457168
457657
465427
457695
457508
457584
464198
459022
459595
458693
503386
1449118
461183
458975
459342
459661
459139
459073
460158
459415
459512
457402
457501
465613
457852
458412
501748
465377
457735
459781
457600
457378
457752
458467
457654
458467
459086
457832
457838
458726
458306
459918
457084
458784
543642
458492
458571
459467
463987
457166
458152
457544
507795
458604
459263
456963
459953
460110
458019
458104
457698
464712
458756
458709
459089
458476
456971
458350
458412
457978
459391
459445
459773
506246
459479
459283
457956
464772
457906
548702
458853
459267
458440
458899
457687
457426
459561
457744
551607
497180
457834
459361
458766
467062
458916
459240
543337
464147
458343
457043
458353
457233
463853
457953
456916
457766
493591
459076
457900
458602
466253
457737
457485
457984
460234
457697
457649
457721
459216
458072
459220
456379
458912
457926
458012
457154
458807
488058
459336
459659
457724
475603
457153
456821
457589
496844
456645
457105
458114
458599
458458
458654
456715
458087
458855
458821
457139
458994
458853
457560
458099
457475
464705
457959
458066
458450
512480
457861
458569
470985
458287
457536
457610
457686
457080
500974
457665
457700
459174
459196
491098
459186
473973
457513
457084
457199
458238
525401
459271
458904
457708
472462
457545
540034
460111
465501
459117
457723
458002
457984
458052
459677
458226
468314
555072
572390
492703
459331
458172
459043
466677
459716
459979
457853
457552
466242
458653
459279
457169
475754
458053
457961
458185
459627
457444
459188
457810
497828
507498
458282
457527
456249
462687
458180
458321
456461
458410
458324
457028
457514
471759
459111
457057
456679
504187
457818
456889
458393
456817
500117
458320
457393
457513
471169
457085
458622
457303
458766
457465
458486
459282
457494
542493
457754
458559
459377
459054
457609
458340
457245
457849
456837
457261
459325
464660
457527
458977
458152
460257
466869
458495
456834
459282
459256
458810
458622
458810
458201
459289
458388
461607
457893
459306
457213
459373
464486
459025
546381
457477
465499
457905
458081
458104
469464
457966
457185
459519
458927
502599
523268
458187
458966
458183
457556
532630
472003
459024
459125
457304
471577
458752
456856
457004
457775
479376
457454
458927
458152
493398
460260
461532
506845
501615
458556
457215
456666
457887
457317
456762
458047
458217
457716
457116
459192
460591
459650
456987
457293
457911
545115
458625
457873
459269
507133
458571
458505
458614
457655
458676
458621
457588
457529
457755
457867
458691
471222
464263
458438
458841
459304
459111
458924
459372
458343
507320
457747
456848
458904
471416
457287
458331
457566
457744
458891
468153
459014
459085
459588
457865
459504
460900
458183
458115
458406
458551
464295
457754
459373
458997
465144
458565
459827
457531
471515
458519
459396
458698
456560
457873
456592
458389
458067
458986
458973
457412
506826
457583
460230
458314
468821
457046
457252
456756
458037
489184
458239
457045
456953
486166
456412
456700
458504
459885
459033
457912
456946
546024
459204
459085
458928
470934
457585
458542
458718
459730
459207
458688
459189
457503
464627
457476
458133
458909
469615
459295
459053
458649
458872
459513
458720
457861
458843
459276
459058
458858
472846
457742
457545
458796
459524
463114
469832
458147
457568
463854
457090
457850
458931
513574
459258
457892
457344
457994
457722
458046
458837
464742
458378
459121
457424
472235
459401
457808
458014
459288
463298
458580
458027
456877
504658
456040
458138
457271
458636
456763
496441
457743
456855
456439
456931
457347
456789
456364
457347
457798
458317
458609
456790
458955
456872
497483
457827
521456
552669
533899
459398
459139
458578
496690
457890
457424
457932
468980
456870
458785
458350
459442
457826
457555
458060
458398
460165
457994
459039
463356
457276
458674
457908
458423
463209
457516
458231
458232
472562
457789
458482
459092
499445
458920
457662
457729
459231
459510
459006
459135
470046
458150
458628
458980
457645
457642
458119
457299
458788
463676
538723
458304
457544
469676
458960
458722
457147
460704
460298
457798
458326
457773
457684
456964
456157
471523
457604
500733
457708
458963
457878
458047
459076
456883
462998
458321
458780
456924
459617
456590
456978
458555
458000
457508
459073
546820
465653
458139
458911
457445
457774
457979
458250
457341
457222
464847
457917
457970
458103
497136
457705
457026
461540
482569
459664
596702
457958
469853
458428
458162
456772
458101
459112
459245
457490
470137
459772
459945
458172
546558
470877
458261
458694
457416
459087
457771
457867
459134
471071
458683
457758
457797
457642
459343
459012
459552
458291
548937
458276
457772
503331
458410
458803
459095
458011
458717
461181
457980
457194
464221
457175
457656
458327
469000
458660
457328
458188
458159
457126
458466
457696
457360
458810
457070
458604
458371
456963
457780
456970
456614
457368
458304
545411
459300
464224
457619
467491
464478
486897
458007
457696
459125
458591
459450
459289
458806
460870
458765
458348
497039
460411
458708
458839
458156
463006
458757
457424
457601
458952
463759
458147
491005
503892
479790
458533
458351
457732
466381
457438
458344
522239
463165
458795
458706
459037
459258
458215
458894
458966
459063
458036
458144
457538
458920
463924
458846
458838
457410
472638
459179
510999
514139
555717
461919
459333
476230
517928
516228
509175
525472
458360
457464
490708
497051
564697
460624
457276
468926
456860
458148
458061
458681
457957
458805
457158
456443
465349
461696
458222
458259
464777
460963
459623
458249
459186
458047
457654
457981
456935
458929
458580
458516
467056
459114
458710
508630
459193
457324
459005
460136
457649
463737
457329
457849
458696
505244
458826
458662
458241
458173
457243
458890
459287
458172
458868
459024
456566
465861
458862
458888
459040
459275
469759
459319
457092
459315
500184
457761
459244
500908
465224
458425
458906
458526
457442
468162
475630
550891
460509
458547
458519
459646
466739
461147
458556
457768
514397
458485
458964
457033
458860
458052
459291
457274
457149
463732
456959
458167
457759
469563
459464
457366
457102
456883
457197
460303
456773
498847
457021
457838
458860
472652
458710
459200
457705
457287
464469
458280
457854
458686
463298
458454
459777
459577
459850
457883
457380
459107
507666
458939
456974
457551
458088
457711
458985
459344
458926
470906
459095
459227
458578
464395
457608
459148
457816
459253
457936
459184
457840
457351
468435
458374
457569
458938
457541
458812
457420
458946
458065
457392
457880
457275
472148
459272
458527
459005
458750
457823
459166
458025
458866
458233
458120
457411
471990
478218
459628
458135
457802
456234
457159
456536
458193
481297
565781
457609
457225
488739
456849
457128
456744
520427
457961
457178
456640
471580
457188
458767
460148
460645
459427
459504
458643
471536
457820
457661
457538
464261
459039
497815
459422
458510
504765
457763
457441
458418
464664
458170
458037
458822
459344
457820
458745
457078
488774
461086
541718
457897
459165
459490
459072
458898
458319
458659
456741
457092
459243
463136
457990
457328
459341
464824
458401
502895
458668
465087
459486
456801
459051
459258
457985
459269
459109
458533
459051
459417
458145
460220
458911
458720
460840
545008
459153
456907
458167
457584
463460
458586
458092
458071
463213
456724
457016
457657
457509
457331
456660
457260
457297
458092
457038
457820
458576
458844
458930
459155
458784
470754
457118
586766
459814
727907
461664
458953
459394
467787
459268
459101
459361
487506
458371
457663
459477
486409
458462
460585
459123
457803
459885
457827
458132
460012
505223
457780
459084
498559
458458
457828
457687
467594
457248
458272
458265
457950
470485
457676
458833
458130
463934
458952
540439
457587
456670
458572
458572
458943
459768
458825
457886
458962
460451
457966
457610
458530
458486
458967
459425
499730
459775
473999
458672
458623
458013
462274
456858
457009
457383
457539
457418
456572
457800
457936
457118
457158
456851
550532
458850
458212
456960
457124
461792
458704
456715
457905
470288
458251
457130
459235
459493
457911
458921
458846
457397
458046
458046
458299
459534
459814
458371
459123
459067
459439
458307
459353
457652
464450
476252
459585
457581
588813
460390
457785
458846
488851
460664
459754
457785
473286
457921
458592
458411
464065
458067
459174
459018
457919
458344
545988
457786
459921
458938
458997
458783
459030
459342
458017
459302
459177
463679
458582
459203
457806
464881
458656
459430
460395
458741
460518
459320
457985
457436
458611
457045
457305
463667
457539
457164
458165
458347
470589
458751
457132
465106
466388
458931
457305
461880
475227
458486
458975
456491
458891
458703
457869
459158
462674
459338
458779
459334
544869
457996
459088
458444
458815
458569
459263
458041
459404
520979
459224
457159
458727
500169
459282
457051
458931
458640
458069
459187
458797
459166
457801
457911
457753
459750
457740
458081
458928
459366
457868
457795
459135
459050
498594
468176
458576
459260
465380
457428
458857
457824
458253
459210
458483
458517
520559
593676
460483
458389
459063
459137
545102
460942
462732
458526
459544
460159
468726
458185
456411
456599
457008
485133
457185
458615
457425
471070
458694
459079
460403
464379
457392
458021
457263
458525
457580
457437
457332
457478
459440
458061
456676
458257
461514
459539
457892
466961
556286
461694
459201
458503
474288
459264
457448
458827
505112
457190
459142
457172
457866
459949
459434
458981
542851
457913
458248
457971
458965
458228
457506
458198
457590
457384
457218
458845
459168
508959
458411
459274
457088
468274
459565
458855
458827
458847
457929
458437
458697
458994
459395
457620
459278
460187
459076
460263
459818
458756
498854
560357
458292
590735
570970
459157
457703
464180
469364
456893
456408
458659
479181
458397
458457
456697
482712
457360
540911
458659
503684
457834
457391
456721
456957
458468
457916
458038
459535
458622
456799
456794
457285
457703
458056
489743
459736
464494
459385
458427
459431
512577
458901
459948
457620
458959
458505
457940
459254
459355
458531
458708
504133
470647
459949
458753
459338
460484
458312
459485
458000
458490
506635
468391
458269
458906
470710
458369
459404
459247
550849
461196
457840
457979
457978
458989
458877
457707
469883
458131
459524
458516
458919
458023
459287
458835
457726
469465
458460
458096
457314
470419
458483
458292
457109
457620
458571
460725
458478
456146
456547
456841
458019
461673
459452
544781
458316
464166
481100
557242
457690
466449
457506
458417
458621
457117
494335
459622
458751
457875
479105
457846
546128
458932
514726
458648
457258
458187
458647
459040
458477
458283
457016
457559
459569
457441
458350
457365
457228
459198
458427
458390
458332
457316
457981
508987
457490
457023
457247
458727
458928
457920
458704
459299
457648
457750
457105
550802
458522
460207
457140
456846
457322
457342
456993
458596
512274
457398
458193
457618
462994
458072
457240
459123
457574
459296
458415
457520
459079
459011
457389
458861
463819
459038
458587
458826
458641
500255
457106
458636
458593
502404
458524
458127
458345
464349
457727
456992
456813
456610
457442
458478
456987
459371
456881
456990
459086
458362
458227
492625
457849
457946
465576
457724
502614
458788
587836
458119
457430
457714
488637
458890
458208
458518
467966
457937
458415
459583
460249
459227
459497
457705
459142
459383
459103
457830
459693
458968
458772
457407
457790
469724
459244
498283
458319
466901
459189
457746
457547
505054
458070
459946
458645
457996
458326
457445
459273
458441
457704
459044
459197
544153
458348
459186
456717
458015
469478
458459
457890
457937
506866
458642
457526
458860
462373
458425
458635
456747
503066
459035
458732
458862
462533
457501
458631
456789
456334
457189
456890
458742
457758
505689
456633
456948
458359
463207
541260
458406
456838
456829
456560
459421
457897
457293
458193
459150
457822
464767
457764
459896
459071
459502
498057
480513
459279
458255
471725
458536
458966
458967
462992
530914
568492
458190
479621
458467
458674
457712
457852
458633
505724
459232
459401
458683
457799
457230
469098
457297
457382
458451
472301
457806
457301
458432
457460
464677
457080
457829
544679
464183
459244
457113
457664
457775
458971
457259
458788
458564
458736
457736
458530
466153
458561
461876
458241
459571
459374
457490
458395
457944
500688
457856
457501
458286
520185
459091
458226
458287
476863
458827
458914
459437
500765
458696
459187
457754
464169
458371
458730
457863
471811
459596
459971
458011
458906
500933
458305
459718
458388
463928
542621
458700
457567
471862
459189
459473
459387
457637
459418
459259
459141
458764
457985
459248
458725
459479
459658
465676
459253
457734
459218
457961
456992
458644
464049
457339
457436
515981
526781
529026
459299
456859
481010
457018
502952
460016
511280
459081
457669
456977
480483
487657
467264
457698
459738
459044
457448
457729
458157
457867
459102
461787
478215
458867
458249
470792
458636
472428
457432
457417
457752
463533
468863
458687
457891
458629
458692
456996
458765
530334
459747
458342
458410
458110
457188
458467
458556
458870
458307
460246
457224
459468
464795
459611
459303
458415
505027
459377
458423
458023
458939
458269
458086
458429
458627
458300
458546
457572
498210
457984
457971
457751
458285
459200
544478
460232
459295
464798
457457
459302
457815
468091
459950
459244
457332
457655
458415
457283
459172
459462
458577
464727
458673
464991
457564
458449
459030
459458
471306
458961
457244
458726
463300
458551
501535
526895
480324
457854
509125
458171
526765
458492
457378
457209
458968
457180
457328
457383
459506
457352
458687
456638
462292
457002
456780
457195
548287
459750
457102
458137
458726
510669
458316
459248
457308
470168
458666
459940
457685
459240
459372
459264
459517
458767
457988
458709
459185
468393
459640
457708
457652
459161
505771
458581
462953
457005
464683
457549
458887
458109
459704
503527
459348
458733
457136
459211
458941
459110
464352
458759
457398
458702
457530
458165
457418
458098
456832
463970
459652
457756
459570
463038
457955
457779
459051
459295
459549
459880
459230
464357
459580
459125
457884
460605
459206
457339
464647
459002
460036
460802
458583
457638
464344
457210
457246
458586
456761
458263
457770
456780
517610
641524
458643
544474
505408
457080
456797
457049
458138
458554
457404
458162
465279
459158
458532
459430
472411
458245
460192
459161
459567
459086
459158
457961
459597
513683
459942
459311
457609
464190
459118
457876
458273
459328
458362
459245
458696
515437
457531
459079
458849
466250
459146
458575
458424
459119
504966
458678
458868
458733
472048
508940
459786
457702
463990
542926
459393
459490
458429
459446
459751
459309
470003
458300
459269
459135
461675
457958
459142
457706
460009
464525
460725
457911
458854
471486
458613
460782
458022
463960
457631
458592
458313
691563
1227106
1886928
459611
458904
457199
459213
456873
458510
457995
457890
458713
458288
472088
458963
458463
457917
463649
458035
518520
551029
481600
457713
457966
459311
459177
461325
458084
457866
466571
457860
457784
458113
470619
476340
457721
457967
459395
458671
459126
459559
458299
510554
458008
458963
459161
463899
459275
458935
536850
486864
458525
458880
459125
510110
459807
457561
458652
459014
459427
459223
458627
522157
459902
459134
458377
465094
463253
459524
458480
459302
465081
543538
459341
459057
471818
459766
458457
458181
458983
457978
457841
460555
459831
457707
458192
457152
458016
457602
458227
457195
458171
458377
457838
458269
457629
463110
458693
458922
457808
469682
458033
457193
457151
458695
458370
458371
465573
456741
457825
458258
457642
459013
458342
457601
459186
457817
489780
460445
459598
458686
464092
458639
458362
458494
503739
459514
471963
500289
480857
459418
458989
458385
481485
458805
459366
459376
459147
459586
459427
457619
462232
458082
458949
458152
506574
459836
457788
459168
457743
458969
457497
457770
457339
463171
458975
458638
457947
480694
459041
458645
457507
458485
513202
460736
458320
462962
459690
458000
456945
471330
462154
456551
458530
457526
458380
543636
457489
457038
463117
456813
457120
457027
464993
462201
457131
456309
458488
457346
458829
457323
456640
456955
457596
458852
463666
457255
456707
459549
457433
458765
458711
457980
458949
474542
457810
459248
457696
500119
457809
457736
463865
459157
457776
458760
459894
459164
458636
458666
458712
459472
458971
458626
458453
459264
470835
457867
459026
459285
499477
458652
458963
457620
464018
459000
458000
462362
530386
458960
459058
458199
459983
461148
459322
459934
459005
458553
458745
459416
467164
458939
458880
457716
469933
458917
457562
458780
458259
511265
459806
460866
457120
541238
457484
457608
456894
464377
458762
456825
457143
458284
457371
458967
456903
470621
459285
457167
456976
459219
456768
548985
458239
457810
464113
457121
458193
459489
471988
458803
457468
457552
458636
459399
457943
457728
458503
458696
507062
460127
473215
458223
458469
460708
458916
459565
459196
457955
457576
464641
470036
459970
459690
508599
458296
459289
545483
460983
458140
457583
459775
458351
458960
457601
459670
459146
458759
458931
458212
457704
459384
458216
457779
458630
501380
458607
458978
458741
472295
459410
486843
531608
482213
457891
457208
458169
470438
458065
459188
461053
461221
460002
457621
457689
462616
458626
456962
458958
477041
459217
458261
458346
457555
457863
458271
457521
458444
465831
458760
459053
456951
463554
457449
457512
456725
457789
460103
459219
459695
458520
457734
459306
458826
458664
457415
535323
457646
457728
458759
457393
459388
457363
462692
458232
456822
458860
498769
458088
458788
459450
458563
458673
503019
457927
458075
459158
458056
458642
459276
459112
459050
457919
458699
470739
457704
457762
458418
499296
459078
458434
544851
462948
458606
459001
458464
459259
459469
457342
457279
460550
459128
458960
457301
458438
458212
457348
457513
505896
508602
459251
458379
456996
464261
458230
456919
458203
458519
457491
642407
515660
490736
458793
457752
457392
462604
457660
457473
458182
458329
458680
457387
456732
467244
458902
459045
460726
461205
458762
457774
457913
457904
465078
501849
459328
459290
471613
458869
458799
457434
457845
459046
458837
457958
458897
457823
458381
458124
458839
457953
458462
457807
462625
457310
457583
458714
456993
464092
459614
458738
457883
507209
457465
458348
467605
457965
457277
501154
460182
458704
458530
459171
457798
459502
459635
457115
457190
457677
458394
457646
459097
457848
500357
458348
458909
539387
470966
459335
460337
457012
458634
457709
457493
457210
462502
457734
457603
458009
458302
458456
458768
458060
499663
498239
457825
458142
457871
463810
458067
457771
457518
458266
458329
459991
459710
578999
473501
519758
460000
486587
457775
457192
457612
459528
458653
457962
457458
458205
459069
457190
458731
468251
458488
457286
457004
473048
460077
467826
457634
459011
457149
458531
459320
459185
507442
458884
459315
459210
468655
457315
459226
459263
458331
458071
459879
459577
464750
460095
457540
457602
470583
458176
457166
458726
457650
499686
459110
458160
459121
464185
457738
500801
458244
459649
457885
457694
459917
458752
458850
458683
458219
457831
457599
458026
458229
457592
504101
458720
458257
559139
465408
457290
457677
458665
463667
458302
459062
457916
458988
459185
457635
456664
457509
458899
459550
458800
540640
460002
457765
458691
457541
468228
459535
458848
459640
464685
458003
457330
458078
477230
458486
561642
506426
517005
458532
459423
458164
459707
459225
458434
459185
462971
459370
459222
459398
480300
458565
458872
458591
457579
464708
542033
458898
457149
465175
496401
458651
458498
526846
458245
457199
459214
472465
459615
459242
458207
457023
457322
458783
459109
459339
457279
457249
458885
464570
459323
456531
458812
457063
499073
457514
456715
457497
470687
457343
457145
468610
466000
458553
457012
458272
458296
458677
457623
458543
469067
456893
458183
457669
457619
457732
457178
457810
458130
464833
457456
458872
458024
470215
470191
538522
460301
465617
459299
458809
460003
458172
457862
457822
457992
544696
459406
458141
458794
459879
458777
458019
459712
459517
458126
458998
457158
458325
472094
458345
458427
460773
463243
488505
472893
497236
492061
458395
457639
458894
485081
460822
458075
457921
459311
458663
459607
457448
475519
458642
542162
458446
461277
458542
457791
457634
458220
505317
459431
462681
459329
465416
458197
457347
459072
458658
458112
458130
460215
459117
458043
457655
456871
459947
457564
458475
457607
457130
459162
457999
457848
456793
464538
457794
457734
544853
465746
458563
459767
457795
459112
459358
459632
459074
459481
458148
458391
459079
459732
459059
457917
457687
460318
460213
457395
457495
457637
464121
459606
459102
457661
463302
458330
457553
458980
460016
459578
457595
458365
498918
458406
457816
457775
459456
458165
457721
457835
457805
471384
459387
456923
457449
463684
458189
457967
458151
458910
459104
459306
458077
534307
526719
458432
457675
478055
458473
459026
458015
459513
457961
457684
458015
489162
458695
503517
459330
460332
457562
457743
457365
457762
457101
457885
458999
462114
471747
457589
458526
458277
464151
457900
505635
459475
457352
458766
459691
457242
470725
459346
457410
459732
460867
459608
458849
458865
456874
465686
459954
458138
544809
472151
459318
457644
457688
465042
458189
459601
457759
458062
459489
457949
459311
505613
459902
459305
458949
461642
