806589
760254
860257
792801
732145
535921
485228
485320
477145
339877
339594
339561
339267
340181
362507
341004
340751
340354
340633
362219
414672
419363
374543
372742
398124
368487
340846
343770
351839
355134
340647
339710
339545
340504
340410
357196
339914
340198
339612
340153
340514
340986
396554
455395
372687
388161
372255
371184
371184
373805
377709
339916
339715
339891
339997
339663
368383
339830
339999
339865
340306
339952
339906
339266
340060
339991
339708
346094
339799
340764
341512
341018
340187
339922
339968
339706
340265
339778
349331
339434
339258
339735
340633
412029
447212
340868
340185
380437
374441
345023
340731
340695
340610
340745
341345
340464
338744
339052
339159
354937
340133
339199
338980
338816
339250
347070
339277
339216
339507
340389
439811
339292
351712
339380
338590
339804
341830
340364
340472
340385
339940
388269
340395
340221
339582
339653
339688
340478
340104
339977
340620
340237
340998
430577
339816
339665
339878
339918
352543
339551
339772
339546
339836
339911
340254
340290
340299
340561
340253
394630
339153
339977
340048
339449
339931
340702
429486
341603
340548
340333
345611
340312
340156
340844
340801
340860
340383
340246
339299
340307
340298
352690
339486
339831
340139
340194
340300
340948
340076
426640
339145
339644
346167
339700
339709
339499
339550
339739
340284
339187
339436
339572
339790
344561
339310
339219
339407
339650
339221
339440
339274
339209
416240
340098
389978
340590
340031
340041
339990
339810
340499
340108
340290
339702
340138
340227
339762
340387
395674
339902
339812
408992
428130
412780
343397
339782
348897
340459
339412
340976
339591
340111
340095
339767
339226
339574
339710
368195
341019
340803
340562
340378
340469
359107
340464
339820
340054
339463
345952
340875
340270
340037
340694
340606
339856
339954
340273
340061
339911
388897
340267
340705
341142
339396
339635
340569
341055
339731
339212
339796
352043
365737
339735
339742
339530
339432
340054
339809
339225
339576
339828
344450
339400
339736
340199
339186
339049
341696
339862
339022
339373
339183
344667
340690
383585
339662
339710
339777
340072
341358
339940
340251
340375
340218
340338
339973
339747
340035
340107
345340
339962
340174
339672
340061
340335
340838
340245
367936
340631
341199
352271
339693
339760
340056
361762
340249
340446
339792
339920
339742
340136
346307
339846
340175
340131
340169
339687
340120
340291
340176
339933
339844
387628
340271
339877
339994
339922
339613
340109
340086
339797
340225
339597
350481
340277
339587
339574
339546
339620
339442
339739
339687
339739
411598
363943
340310
339658
339656
339407
339877
341093
340976
340747
338868
339686
443619
339949
339933
339678
340229
339930
341048
340024
340240
340086
339517
439195
340118
340601
339614
340023
341086
341429
341023
339599
340152
340127
388971
340171
340222
340029
339539
339664
340344
339968
340130
339959
340342
345255
392025
340108
339122
339754
340278
340269
339802
338792
339300
339051
351732
340258
338972
340357
340178
340149
340598
339876
340123
339916
339856
346276
340067
424543
340146
340113
339924
340782
340128
340313
340188
339915
345744
340933
339763
339699
339955
339613
339346
339807
339909
339806
339527
339836
340046
339492
417082
339037
338927
339579
339411
339767
339406
339603
345029
340017
339139
339545
341129
339913
352118
339781
340219
339689
339237
357945
340143
339755
339821
339963
340015
389433
341364
339667
339726
339651
339848
340440
339546
339493
339749
340236
344913
340031
339844
339712
339475
340274
339579
339712
340081
340621
340836
354162
437425
398707
340306
340316
403265
339680
339558
339851
339978
340335
341361
340781
339629
339936
340653
368245
339529
340023
340322
339799
340429
425397
340376
340023
340075
339947
346287
340177
371881
339941
339566
340162
340242
339459
339630
339568
339879
345694
339885
339712
339518
339514
339474
340195
427674
339760
339670
339785
352115
339843
339888
339879
339118
339663
339895
340088
339786
339962
339995
385942
339969
340029
339852
340689
340137
340622
339616
424052
340398
339795
344587
339164
359797
339668
339202
339243
339483
339475
339957
340156
339573
339667
339734
339608
339672
340013
339726
393765
340211
340307
425197
339915
340144
340182
339808
339359
339925
340045
352704
340148
339960
339848
339869
340185
340133
339932
340066
339685
339939
345688
340451
340041
340189
422656
339842
340108
339918
340877
340799
340732
345582
339345
339870
339753
339743
339801
339779
339854
339555
339091
339637
351840
340012
339426
340092
339684
414233
339433
340084
355733
341517
415473
407853
340131
340845
339450
340397
365098
340414
339189
339621
339706
340147
347084
340153
339086
340013
339700
339614
341383
351887
342392
339144
340381
346355
340142
339212
339629
339644
390571
340045
339161
339252
339551
339763
339918
339663
340113
340025
340278
339930
340450
352695
340434
340002
339429
340156
339815
340054
339685
339999
339830
340195
339888
339960
340206
340085
400825
346388
340765
340495
340183
341835
340774
340189
350608
341335
339030
355356
339970
339045
338714
339666
339195
339781
339251
339779
339019
339677
361586
338569
339818
339443
338555
339307
340115
339216
339409
348536
339689
340264
339173
339604
340302
339483
339765
340438
338973
340450
340171
339877
345561
340357
340277
339903
340129
339961
340081
340309
339987
340544
421214
387876
339863
339871
339615
339646
339591
340123
339580
339642
339733
339695
353577
339946
339990
339933
339886
339772
340032
339608
339804
339452
339614
431432
339990
340401
340051
339562
396247
340675
340863
400284
340725
340326
346685
339870
340346
340270
339957
350455
339812
340329
340161
340678
339915
351457
339633
339791
339478
339726
359465
339582
339640
339410
339760
339576
341194
339923
339113
339798
339595
339665
339572
339191
339510
339652
339483
345096
339797
339105
340005
339582
339945
340190
339787
340193
340196
340206
352534
340599
339893
340211
340211
340565
340503
339939
340342
340233
339899
345392
339855
340502
340322
340137
340094
340639
340395
340332
340218
340337
345650
340008
339939
339457
340212
340102
340619
340044
340203
340068
340089
397362
339843
339781
339998
340351
340149
340266
339689
340335
340077
340151
346475
340417
339733
339984
340285
340096
340608
340121
340117
340273
340473
344531
339396
339826
339424
339929
348209
341196
340627
340501
340628
340261
352755
339704
339544
339829
339751
339240
339682
339748
339425
339977
339571
344627
340135
338897
339433
340408
340485
439651
340351
339924
340197
339729
340072
340373
339897
340051
339533
339871
345258
340302
339793
339946
340090
339928
340163
339903
339942
339911
339755
345979
428330
398113
340424
340457
415343
394792
340170
340214
340294
340526
343085
339789
339348
339880
339957
362182
340282
339961
339742
339756
340124
339649
340141
340185
340567
340378
352727
340025
340080
339844
339603
339388
340533
339645
339264
339605
340322
393894
339821
339595
339518
339634
339697
339600
339050
339515
339212
339291
345099
339153
339385
339041
339285
339258
339750
339099
339640
339648
339476
350700
340580
340225
340515
340509
340274
342315
340612
341095
341417
341028
351562
340775
340004
340286
339360
339495
341525
339147
339981
339725
339629
344972
340009
339848
340259
340565
340311
345520
340299
340348
340362
340424
392170
340543
340226
340126
339441
340823
341269
340308
340096
340139
339533
340455
340487
340060
340001
340376
340233
352085
340281
340817
341087
341176
339845
346331
340912
341080
339420
339839
387333
340373
340156
339948
339969
340161
399333
339993
338570
396169
415462
395910
339665
339631
339394
339767
369679
424524
340778
340681
339343
339884
340003
339447
339233
338855
360057
397264
339714
339344
339891
339548
342086
341480
339618
340513
340152
340444
352825
340186
427344
341000
341362
354315
340516
339401
339747
339992
340019
345681
339785
340507
340207
340051
340249
342360
340610
339679
340052
339962
347811
340744
340169
429572
340203
339887
340705
340124
340270
340088
340048
352072
340311
340321
339896
339593
339879
340562
340848
339714
339954
340369
389226
341925
340653
341110
419950
339998
340513
340310
341059
341299
340888
346748
342257
340661
340526
338763
339728
339664
340497
340417
340226
340165
352347
340375
340413
340553
340823
378473
341107
339204
339850
340409
340642
345683
339740
339370
339666
340778
340474
341733
341158
340918
340967
341059
341314
340480
340276
340062
340466
341173
345193
340369
340164
339968
340465
340079
339541
340827
340120
340303
340684
341492
340913
340936
339372
352463
408462
400463
340091
340990
340010
340075
340190
424984
340381
340307
339374
368311
339164
339702
339486
339918
339875
340197
340308
339503
339867
339083
374632
340065
339528
339565
340315
340049
340087
339335
428601
339542
340119
345573
340442
341187
339953
339640
339837
339525
340296
338357
339723
338804
390615
339619
339443
339846
339640
339524
339859
339794
339540
426362
340038
352715
339918
339314
340049
338766
339163
340830
340849
340150
341191
339989
345150
341144
341261
338881
340203
338920
342383
340952
341016
341075
429398
346166
340390
340179
340856
341100
339128
339559
340433
340285
340549
340184
352514
340814
340425
340278
340014
340327
340233
340141
340370
340178
339461
471357
340834
340958
341003
341220
340221
340723
340407
340037
340072
340757
341112
341238
339336
340712
339552
340927
345936
340959
340721
340735
340429
341322
424970
340208
339721
339495
338512
388175
340006
338442
338796
339868
338703
339825
338998
339092
338344
338746
616663
339523
338633
339579
448170
403223
341159
339928
340730
339896
369084
339285
340150
340286
339553
340375
340345
340932
339631
340182
340039
366423
341020
339534
340159
339295
340687
340947
340306
376823
340186
340489
354017
340161
339724
339291
339834
339563
340360
339832
341074
341111
339822
345312
340125
339909
339942
339073
340720
351402
341023
341142
341480
340311
356347
339976
339735
339681
341037
340710
346594
340353
340252
340490
340291
354839
340294
340435
339661
340170
340162
340428
340101
340202
390559
383385
346484
340948
338543
340612
340932
340910
341574
338869
340563
340801
340253
345054
339985
339782
339033
339389
339645
344548
339225
339027
340253
339294
340001
340927
340597
340834
341596
342320
345849
341779
340136
340311
340834
340999
339641
339561
341457
339841
339762
352857
339588
340287
341024
339801
339229
340439
419467
341657
340984
341217
349815
339943
339776
340355
340208
340302
339542
340469
339367
339288
339484
372649
339371
339860
339812
341062
397631
341497
468912
340895
340131
340431
341607
341238
339422
339898
339668
369634
339996
340390
340421
339824
339804
339923
340236
340264
340047
345113
373127
339232
340611
427406
339792
339664
339190
339876
339324
339950
339364
345884
339814
339526
339853
339433
339399
342025
340801
339157
339606
339519
344581
340067
339676
339750
427829
340250
341292
340953
340935
340307
340511
353030
340996
340094
339756
341002
340304
340727
340271
340698
341120
339617
340126
341384
339597
340509
340783
430785
341076
339631
339709
341358
340982
344455
339819
340511
339298
339121
339830
346136
340037
340022
339080
340300
339768
340196
341149
341189
346030
339894
477512
340696
340421
338854
340060
339743
341164
339692
340320
340089
339949
352167
340126
341113
339772
341575
341239
340364
339761
339854
339458
339745
345536
418905
340310
340085
340026
339568
339766
339902
339716
340595
340669
345592
340843
340611
340698
339916
339905
340021
339938
340122
339945
340612
350640
340820
385924
402710
340488
340318
402869
447975
406203
372080
381749
371914
371592
371876
371829
370650
340345
339983
340306
340483
339978
363644
340149
340100
429826
341445
340636
340181
339964
340004
341420
338993
352585
339690
340779
341404
341200
341423
340044
340347
340475
340342
340452
345228
340406
340806
341294
427066
339982
340167
341109
339631
341187
339680
346730
340154
340175
341056
339406
339964
341716
339254
339896
338975
339225
396045
340151
340025
340098
338910
423402
341351
339824
339872
339941
344391
345340
340071
339929
338988
339102
339608
339953
339805
339825
339659
339934
345054
340192
340222
340581
340207
340462
427132
341164
341112
340843
340823
352637
340346
340056
340690
340671
339254
341098
339833
341106
341212
341003
346807
339839
340770
341065
341124
340686
349866
414348
340037
339130
340121
381302
339926
340435
339119
339665
339944
434217
340442
341538
340036
339647
350681
341205
341480
341408
340912
341199
339850
339342
425889
340578
339060
357578
402647
341337
340901
341792
340611
455082
340652
340260
340531
340835
346613
340794
339945
339884
339638
350350
341100
339588
339715
340345
339938
347690
339939
339273
339129
339404
345535
339564
339746
339457
339638
339891
392185
340706
341641
341008
341015
339434
340045
340071
339794
340187
340376
341556
340230
340052
340087
340131
339940
340020
340099
340388
339873
339982
354634
339780
340592
339320
339385
339438
340267
340564
340870
340893
341319
347489
340443
339508
339913
339382
340991
340734
340107
339624
341031
340938
347237
407605
339874
340471
340590
346649
340970
357794
340313
340663
341150
341935
340321
340452
339508
339914
345425
339861
341104
344234
340196
340442
341399
340738
339678
339554
339810
339391
339080
339782
339819
349180
339090
346507
339191
339535
339698
339325
339844
340208
339059
339742
340805
339430
350451
340074
340462
341503
339515
340695
340564
340377
339892
340015
405162
342319
340404
339817
340350
340287
352247
354548
368318
341614
401345
340671
341532
340976
408187
341714
405682
457216
341530
339770
340363
340328
374673
340531
339577
340277
340024
340076
340827
340199
355850
339875
340605
366956
339454
339903
339529
354822
340333
340708
340390
340805
339499
339987
346128
340481
339367
340409
340168
341088
341381
353477
341302
342400
344525
353983
340636
339821
339727
339626
340034
340229
339691
340147
340483
339477
388805
340257
339433
339842
340141
338824
340163
340564
340380
340389
340480
344474
340517
339447
339923
340287
340166
340733
340526
339890
340319
340408
339825
339894
340350
340320
339759
340229
390464
345380
340528
341407
340931
341059
340787
341204
341155
341243
341249
351197
340307
340321
341155
341076
339795
340544
339680
339755
340765
339780
346113
340551
420939
340132
340243
340538
340649
340412
340360
340466
340088
346179
341139
341404
340989
341267
340253
359272
340686
341095
339807
340210
352610
339832
339785
353893
341917
339640
340433
339261
339259
339575
340918
387292
341043
341507
340491
340690
472057
381607
341936
340769
340975
339853
339421
340516
340734
388988
339789
360149
339655
339105
339752
340841
341023
340777
340208
356269
339592
340011
393173
340105
340204
358081
340178
340396
340410
340381
339732
340684
426887
349404
342481
339886
339420
339973
350074
340589
340332
341148
340784
341023
351661
339967
339973
340468
339623
341310
341099
340053
340031
340558
340123
434115
340604
340336
339601
340939
346155
341163
340964
341177
341145
341323
351920
340401
340107
340029
340158
340243
340004
340078
340037
339951
342380
388620
426869
339839
339759
340414
340846
340670
339969
338685
339461
340640
344594
340202
338591
340031
339258
339674
339678
339508
339756
340101
339176
352366
339564
427397
339702
339628
340811
340294
340373
340095
340424
341497
347082
339877
340074
340449
338990
340852
340787
339054
340381
340318
340556
347337
341531
341138
420199
341297
339359
340090
339971
339334
339418
339540
390049
341437
341033
340815
341034
398220
340442
410053
341127
340136
339659
352788
340523
341002
340642
348121
362318
340101
349565
340157
339945
339895
349725
341037
338872
340116
340131
392944
340649
340547
340706
341013
339320
348923
340258
339894
339811
340866
347962
339775
339971
339413
339374
339820
340054
339762
339973
339739
340753
351348
340783
340479
340862
340189
340512
388172
339607
340713
340478
340281
341410
343982
340287
341124
340034
339647
341158
341140
341177
340704
340893
341363
339980
340354
340036
339547
340226
345721
340150
339923
339717
339427
340217
340783
347339
340167
340700
339864
345748
339934
338863
339830
339575
339614
340851
340917
340924
340632
339878
353143
340927
340138
339654
339520
339694
340089
340250
427571
339965
339910
385718
340993
340988
340458
341093
341281
341144
341034
341032
340926
339033
345836
340409
339644
340248
339286
339280
339911
339795
339592
426376
340766
353215
339710
338934
339557
339335
339035
339490
339678
340780
340801
339369
345956
339644
339779
340168
339706
339315
460456
402364
340513
340914
371440
340349
339769
339328
339859
339920
368424
339853
340194
340391
340462
340504
340401
340284
340179
340516
339413
367697
340481
339209
340075
339934
416174
340031
340863
341102
340905
340688
351861
340034
339573
340193
340263
339564
340364
340999
340100
340021
339549
389136
339823
339685
339721
340268
340640
377453
341096
339669
339762
339204
346306
341063
340687
339305
339703
340165
340369
340105
340640
340555
340312
351055
340569
340459
339928
340578
339625
385817
341112
339539
339476
339462
344271
340758
340317
338703
339212
339108
340061
340570
339541
340446
340303
339364
339503
340919
339369
340003
339120
345711
339524
340976
340578
339797
339533
340222
339743
339340
340651
340928
347526
339995
340330
339784
339999
340284
341051
340665
340727
340620
339616
352874
339809
340793
340241
340897
342152
341642
339772
340973
341047
340035
385229
340851
339516
340744
340847
339577
341719
341098
