875485
855627
847504
847319
852442
381370
375743
425754
847007
801889
810738
743952
752753
597645
421348
376672
376017
374284
376294
376021
373921
416747
376148
482372
435618
429552
427713
384342
400435
374974
374915
374148
374085
374990
374314
374218
376323
373831
383988
374294
374616
373739
374449
544152
377344
374540
374334
377097
380019
373779
373692
373226
375429
383472
374589
376262
374564
373549
411733
374397
374475
448717
379267
374747
496110
374241
375744
381112
375029
374639
374258
375106
377525
374694
375339
375286
374608
373956
379302
375272
374287
375503
405841
375859
375315
417374
375753
374498
376431
374341
375490
374682
374613
430239
376303
374417
374543
375651
391083
374485
375315
374228
375200
388858
374446
375728
423704
375046
381903
375701
374110
373880
375559
381018
375634
376100
381244
373915
375093
374654
374420
375060
374815
373677
374462
374605
372944
400679
374516
373249
374942
373561
373829
375406
375468
373614
373913
375144
380635
373922
374518
374547
374022
374171
377602
375378
375506
374018
374798
376713
375030
375905
386962
450364
375361
375648
376903
374858
391266
375621
374076
376021
374277
375272
379831
373938
374504
373804
375258
461070
376319
375116
374239
375238
376453
374525
375555
375047
374577
386811
377240
375680
374176
375755
380836
373470
375274
374228
373833
381312
375763
373815
377915
377349
452429
376160
374766
375674
373836
397274
374555
375863
375832
375517
384040
375359
373635
374628
375491
386548
373925
375668
373920
375116
379868
373408
374636
374242
375190
375919
374760
374558
374613
375306
373988
375455
375347
373500
375157
375105
373669
375239
379478
374582
374520
375788
374444
375340
377406
449717
376681
375763
375759
375257
381825
375406
375096
375603
375094
375818
375863
374074
375670
376257
375618
375340
375390
374111
375143
375552
375126
375460
374047
374277
375794
375900
374358
375392
375461
385735
375674
375882
374141
375508
387971
375016
374472
375471
374887
456645
374958
374184
375157
376248
383385
376047
374956
373938
375971
378745
374462
374125
375570
375779
374803
382202
374462
374528
373556
373231
375345
374476
373875
374543
374942
379898
375547
374233
373276
374565
381877
373139
374928
373966
373753
387510
412840
373595
374487
373295
380345
375088
375607
374197
374806
380278
373676
374938
374535
373576
374855
375254
374876
374701
374942
374162
375393
375648
463725
375515
374442
375114
375031
375558
373834
375706
376014
374405
375168
374847
373801
375475
375931
374153
375719
382291
375430
374261
377723
465107
374943
375865
374195
375225
403807
375877
374246
375452
373912
375205
375665
375903
375272
374791
374102
375179
389577
374640
374558
375564
453442
383273
376700
373634
375015
373426
420765
374165
374506
373593
373956
388916
376225
373573
375670
374006
381043
374238
373275
374556
373828
375093
375498
373296
373389
374493
374549
373288
434712
438348
375208
399912
374378
373922
375343
374246
389719
375655
374709
374501
375833
375069
454088
374704
374098
374312
384056
375358
374195
375300
374568
374596
374796
374393
374005
375581
376222
374348
374627
374399
374390
375461
375712
374778
375230
374203
375204
376342
375626
373421
375518
376220
374452
374319
375581
468137
374363
375179
375567
374725
375363
379565
376114
373883
374743
374776
387040
375025
375537
375226
375011
375678
377262
374058
374997
374270
373588
375271
373868
373778
374854
374044
387795
375816
374016
374406
375008
380870
373357
372634
374741
374222
381180
374610
373613
375073
373720
424373
374364
375605
375427
375260
381788
374215
375398
374425
413728
380396
373462
374783
375536
375740
374460
375359
374523
374965
373870
375170
375565
375474
374305
374170
376622
374728
374285
375765
375568
374098
385210
375732
373889
373702
374368
373999
375692
373704
376653
376379
375881
454125
375148
375660
374040
375946
375513
373806
377385
376235
382188
375799
375915
374056
375865
374393
375391
375304
375262
378599
375567
376118
374192
374788
374045
375165
373946
373694
373731
374672
375363
374665
375343
374263
372959
377200
375591
373620
374895
375297
380143
374824
375008
373486
373797
382096
373208
374973
386844
374312
389166
374240
373842
403554
375446
381672
375592
375202
373766
375459
426853
375695
375319
374236
374035
387390
374785
373956
375370
375629
375332
375510
374177
373827
423794
374879
374796
375920
374125
459202
379577
375643
389115
376466
375593
375181
375849
374639
375031
375610
374759
375601
375280
374387
375363
420741
374933
375479
375612
376349
373917
374332
374901
373899
375974
374692
375437
375913
375087
374935
380952
376263
373715
374564
374571
374808
403534
375558
375455
374810
375320
374571
375479
376684
373511
373456
387685
375059
397811
374744
375174
415254
493181
434326
374828
374091
380990
465412
375067
375358
398442
376299
374177
374332
375533
375145
379638
373964
376241
377344
375491
383393
375973
376113
375042
375190
387564
374094
463621
374300
375007
425918
374787
374523
374915
375465
382246
375394
375601
375421
374843
387763
374001
375026
374228
373766
397503
374641
375412
456423
374203
382182
375465
375247
373784
375189
428989
375118
374490
374870
374340
381346
374699
374039
374557
375793
375062
375631
376673
376361
375744
375074
374145
374984
375195
373920
375106
375943
373632
374727
374413
374592
374549
375286
373500
374179
375503
373530
375369
374979
374648
375893
375855
374343
397060
488150
376499
374835
376271
375357
374209
375191
375192
374536
374564
374186
376927
376206
374112
375245
375001
374835
499793
375813
375765
375094
376665
512544
764162
424315
384499
375731
375790
375328
376258
388689
375379
375547
374148
478781
377583
527413
416213
409679
427994
376369
373832
375169
373513
396963
374989
374275
373586
375252
401045
375380
374514
373679
373971
386953
375202
429586
416878
417336
442426
375529
395541
373527
374065
410341
375029
374518
374374
374263
396114
373777
374476
375340
373744
391221
375232
374774
375630
375555
394272
374773
375452
373260
374735
376079
375301
375467
373703
376936
375613
374169
374189
375670
374084
374569
374757
376535
374010
419381
374478
375396
375707
375651
374815
374221
375265
374554
375322
375770
422045
375851
375433
373333
374069
380809
375143
373858
375214
374461
375443
385666
375172
375333
375788
373879
375546
374023
373587
374622
375695
382618
374522
375048
373903
375637
424705
375405
373793
375617
375034
388900
463077
373647
375164
375109
381193
374105
375707
375432
376161
381074
373972
374085
375169
373201
386034
373997
373804
375130
435242
375357
495026
385108
373662
375365
397105
373435
372796
374933
373447
408425
374435
373437
374416
373894
390332
374695
375848
373844
375025
381964
374823
374832
463108
374540
432274
375665
375318
375304
375623
401384
373791
375292
374026
375401
375957
374186
375541
375644
374505
375661
376256
374289
375173
458674
376327
375308
374520
373892
374999
376765
375072
375124
375740
373803
375460
375804
376852
375785
374354
373830
374859
375597
373924
375497
463697
375707
375280
375881
374530
413932
376874
374264
375318
374446
374081
422182
376131
375480
393816
374108
379497
375147
373106
371814
372617
463682
374044
372134
374077
373391
381350
373740
371548
372314
373768
377903
372053
373819
373481
372574
374803
374208
373455
373736
372795
373798
374393
373521
373770
373417
373852
375836
374789
374162
373019
374686
374213
372561
374465
374273
374075
373176
374241
373101
374391
379415
373342
380087
382182
436791
376366
375042
372075
373365
372896
374395
375355
373350
374376
374666
373411
373539
374326
372667
374686
381188
373551
373128
374039
374434
374081
374796
372471
374116
374769
380232
374002
374822
373314
373488
374271
373773
373900
373429
372331
374477
380423
372157
371844
411883
372103
380043
372463
372089
372773
373933
432841
374764
372435
371723
371285
380571
373498
373608
374223
373511
378877
373710
372938
373325
374289
471801
374160
374387
372806
373062
373171
374588
374637
374831
373635
373393
375107
373711
372252
374199
373419
373280
372490
372452
372312
379272
458309
373914
373502
372108
375174
372849
374434
373726
374321
373327
375100
373030
372596
372965
373679
421783
373041
374042
373855
373123
380996
372654
373630
374324
373097
386551
373349
372335
372540
373488
378313
373755
374198
373528
372267
378583
373035
372081
372493
372558
375179
374807
373368
373240
372860
373152
373824
372345
373907
372799
373320
373024
372135
372262
371248
373005
373596
371621
372381
371558
378776
373831
373657
371285
407914
486521
373961
373505
372409
372711
381168
373518
372035
374022
373911
385373
373859
372191
372236
371925
372944
386273
372542
372891
373536
379825
374598
372970
410452
375331
373957
375472
373789
373717
373457
374080
377922
372077
374622
372245
373121
386870
372128
373384
372585
372929
465086
374134
371805
372330
373068
379533
373504
372668
372473
372097
374316
372718
373333
372218
371299
372702
372599
373213
372397
372931
372453
459946
372659
372142
373461
374861
373391
372759
372607
371652
372728
373415
372889
372752
372871
371063
373203
373081
371714
372503
371904
384839
372173
373280
373171
374180
377710
372192
372443
373662
372315
380254
373217
372092
373425
373500
384714
374065
373835
373221
375315
417551
374582
379124
372929
373805
380598
374812
371874
437036
421001
525184
373825
373602
373415
373778
404097
373423
373259
373487
373444
394229
373849
373570
374257
374388
446276
373825
372085
371821
372021
380599
372329
372425
373712
373509
372526
372128
373387
372963
372408
373818
405386
372627
371795
379726
374373
372804
371705
373475
371999
372713
374229
374874
372177
371607
371440
396428
373572
371771
372789
372823
373486
371574
373115
372661
372763
382006
371797
372623
372522
372518
383534
373251
371589
371242
373359
422666
372038
372845
373310
372104
379107
372501
373340
372832
372446
385049
468421
530656
375609
374487
385381
373413
372652
372433
373687
396216
371900
373592
373496
371855
426539
374259
371897
372333
373168
379039
372424
419533
372668
372546
378795
373430
373451
372494
371978
383880
373661
375231
374808
374201
373545
372759
373424
373639
371926
374494
372761
373074
467134
373315
374320
373616
372883
373156
373734
373725
374026
373697
373917
373476
381040
371735
371731
372590
426035
412849
435030
486913
373235
376282
383474
373771
373786
371865
371667
395095
371648
371394
372410
371638
402398
373356
372864
372694
371567
378206
373430
373962
373598
373326
379148
372026
371577
373317
372906
424226
374166
372443
371960
373913
372346
373677
374363
372219
373425
373623
373735
373091
388593
372510
448413
373710
373678
371935
373512
400956
374270
372795
375012
373438
380072
373744
371930
372649
372031
373792
373834
373311
373537
373898
373827
378343
373683
372294
373393
373823
373302
372731
372608
371928
384095
374395
373114
373944
373892
371980
374628
373725
374128
372692
373075
379933
371776
423405
372241
371547
388842
372813
372797
373740
371944
378794
373377
371980
372809
373352
378518
371913
373543
373285
371437
373093
372739
372943
461857
372408
373037
373849
372310
371980
373117
372676
372903
372290
372406
373921
374246
372080
374313
372781
429599
374329
374269
373323
371645
462177
373457
374010
373703
371880
372584
375038
374089
373354
372329
372187
374718
374225
373617
373722
373492
378574
372484
371997
372365
373802
373519
373795
374182
373406
373819
373223
374126
372621
373067
374121
373658
379446
374288
372127
373339
373886
385655
371762
373840
373564
374137
384605
373298
371828
372740
372858
405018
374113
373212
371812
372510
371935
371548
373167
371765
372683
373411
371753
370719
373264
372009
371519
372919
420125
371607
373135
385051
375624
374414
372691
373517
372355
372152
372440
372910
371866
373589
372930
373715
372394
374232
372863
387667
374284
460036
373205
372560
379529
372630
372226
373353
372984
381148
373017
372888
373908
373594
384151
374068
371944
373326
372240
377507
373279
372514
371950
373588
372273
373222
373077
372107
373758
372440
374007
374270
372219
374278
373601
372412
432616
372291
373876
423596
374074
372915
373791
459513
432910
372871
373293
372449
372749
371796
371719
372725
372412
372522
373131
372695
372503
371645
371509
372946
372487
370944
372561
372929
448201
371608
372407
372769
371078
374475
372566
371947
373034
372218
373419
372372
373224
372207
372155
378102
373429
372423
372552
372918
373802
374536
373572
372146
371942
373092
390898
373632
372095
373307
372549
420553
373877
371953
373460
372421
380364
372810
372601
373551
373355
385432
377991
372090
373632
373122
379185
373143
373252
373740
372148
373290
373011
373740
373235
372194
374121
374313
372529
372739
373573
372288
373860
372145
382244
374231
372464
373410
372649
371683
373925
373861
371675
372296
373604
372827
374585
373663
372155
372356
373038
372268
374696
372123
371603
458958
372345
373169
372981
371895
371765
372365
426747
372191
372920
371882
371687
379397
375075
373341
373633
372250
387915
374159
373693
495711
438874
383882
372655
372392
374172
372170
404205
374273
373713
373188
372721
421849
378984
377953
372552
373712
400208
373683
372461
373522
376274
464575
374294
373785
373464
371900
430447
372912
372467
407879
372529
382067
374105
372279
373470
371929
380000
372710
403405
372265
374087
373898
463682
373806
373470
374608
373946
372810
375561
373596
373587
373813
374897
374245
374074
373610
373305
371681
372774
373416
373019
373393
371473
447431
371701
372572
373295
372287
371297
373152
372622
384215
372526
372212
371582
374743
373007
373973
371532
373042
372362
374012
380395
373352
373466
373437
371975
387703
372642
371807
371864
373470
378410
373740
372777
373244
372069
378817
373025
373398
373895
371887
374729
373308
373054
408772
375901
379063
372960
371848
374768
373724
373574
372382
373365
372149
371812
375310
374391
372522
374005
374621
373501
374335
374423
374270
491932
375419
374679
372222
373245
373529
378850
373082
373560
373889
373468
376241
372678
374026
373314
372137
373874
379399
375266
371489
371000
374157
494463
373326
373032
371998
371654
421770
372040
371895
374464
373307
380147
374308
372389
372720
373169
385582
371645
371179
372540
373153
377402
451332
372527
372798
373940
380811
372548
372415
374950
372809
374369
373553
373329
373490
373484
374200
373638
373501
372088
373672
372494
372753
374163
373854
375036
373994
373616
374901
374119
373642
372091
374380
372100
372316
372629
373520
374503
373955
372223
373776
374565
384956
374431
376831
372314
373493
379447
372954
371966
373942
373292
380050
372568
372106
372480
373885
385833
372470
373088
372752
373390
419933
373699
374019
373133
460225
379442
373276
371461
372856
373666
373203
373044
371685
371538
372394
373188
371544
372828
371796
371833
373015
372954
371686
372142
372943
451764
487681
373091
372662
426216
510796
434384
373287
374266
372486
397954
373626
372696
372936
372789
393964
373286
374380
373688
372447
377898
373501
372755
373442
372630
374297
375064
373009
373880
374236
373443
373914
374204
373571
373625
373673
372468
373533
373471
372985
375316
374249
459103
372667
373603
373149
374225
373991
373174
373119
373799
375359
373276
374194
373807
372661
374067
372266
373128
372599
373320
386685
372962
422692
372706
373314
380441
372710
374244
371378
372832
380099
372344
373576
371663
371311
375317
373230
371474
373309
373609
373282
373038
373073
373336
373990
372927
373197
372280
372818
372718
373415
373474
372310
373487
372733
372195
372420
373088
373529
373916
374488
375322
373318
372524
380639
372575
374921
372369
373185
373245
371746
377572
373456
373956
372186
372543
379218
373642
374224
371813
372585
385713
373718
373486
372297
373847
510435
374770
373330
372267
375136
380365
373623
377509
411901
411313
453201
375367
374859
374061
373488
389373
374374
371869
373372
374095
397292
373705
372789
373722
372105
448100
372459
374115
373805
373511
379693
372782
372742
372706
372863
378424
372983
373356
372132
371856
384718
376194
372192
373708
371954
378967
408764
373063
372959
373539
372851
371993
373541
372519
372108
374570
373400
372343
374358
373619
374544
374385
373711
381147
373859
373927
373671
373052
373674
372844
373662
373364
371923
373219
374316
379542
375018
374017
373775
375372
374023
372784
373857
372843
461475
373718
374621
375174
372614
373737
373740
380569
373359
372360
372515
373529
379658
374170
373284
372327
373693
423070
372339
374005
372933
448100
380844
373146
372786
372588
373384
373927
373656
373131
372002
373867
374422
373577
373292
371121
373569
371660
373481
372705
373684
372141
373878
374196
373002
371793
373167
372939
373242
374762
383370
413998
373090
373809
372879
373042
371534
374923
374013
372316
373694
374077
391432
375088
374447
373901
372250
423765
372845
374052
373585
374167
381019
373770
372120
372157
372710
373731
374686
374535
372512
374413
374013
379492
379799
373124
372123
373576
380753
371881
374106
373558
374094
426070
373106
373562
374938
372964
379258
373089
372680
374674
372176
373891
372424
374037
420729
373880
374344
374087
373885
373242
372843
373344
373626
373322
373197
371998
374748
372737
373793
372536
372953
373381
372438
372545
371912
458036
372060
371647
372683
373304
372405
373346
373104
374339
373570
372988
372574
385424
373239
371808
373791
372689
421119
373849
371691
372478
374893
379936
372561
372306
373421
372359
403951
373697
371950
377964
449818
382398
373478
373499
375710
373859
378839
372289
371973
372976
372431
473125
373618
372305
374569
373131
380007
380408
372161
373627
442680
409287
375569
372498
372342
401263
374158
373431
372532
373161
387199
416199
374281
373357
373652
374746
373124
374151
373806
372438
382762
373034
374056
373528
373626
373291
372182
373562
372104
372503
374142
380676
372971
373668
373184
373222
372985
371533
373581
373544
372422
379253
388875
373367
372003
373181
372620
373740
373620
373103
373067
385845
372048
415282
372812
372891
411973
374005
373043
373389
372465
380603
373612
373853
372302
372524
428058
373955
372367
373132
373630
379969
373973
373492
372517
459005
379320
373555
373800
372197
371722
373861
373873
372366
372541
371885
372299
373666
372341
372238
373093
374559
374378
372473
373207
373727
458972
374107
373692
372634
371961
373290
373900
372252
373107
373235
372850
372633
373898
373583
373580
372699
385459
374139
372505
372079
372775
424621
374397
372605
374293
372797
378576
371803
372703
372994
373742
383997
373748
373172
430662
485653
397429
372073
405464
488583
396733
374801
381021
373009
372136
375560
372742
373120
373310
373443
389233
404570
373271
373170
374054
379033
373769
371937
372168
372162
373669
373195
373584
416849
373344
373364
378905
372243
374106
373565
373477
423121
374401
374243
371930
374257
386038
372741
372601
373655
372563
378939
375330
373328
396280
372376
373729
372646
372393
372061
372586
372776
374124
372775
372022
373221
374273
373014
373203
373010
372585
375266
373755
371915
372138
374513
383913
373006
372654
373819
372279
373807
375023
373382
372334
373234
372069
379529
372541
373274
373285
371625
444541
373750
371793
371968
391048
379097
373002
372897
373132
371619
378555
372978
373521
373041
373232
373401
374739
372003
372055
372432
373428
375224
373618
374071
372327
374341
418557
377221
373454
373624
374385
374043
373324
373990
374206
374419
373252
373420
372608
374950
383869
374362
373735
373219
373876
377575
374087
462603
372798
372345
373764
372749
374360
372095
373525
374956
373318
372959
373448
372433
385452
372534
373991
373980
373124
372063
373432
373890
461752
375424
374041
544137
373881
373889
372079
374797
375728
375900
373405
373033
371253
372661
373053
372997
372338
376517
373356
373381
373760
460200
373243
374738
372216
373830
372911
373711
378116
372892
372272
372936
372978
422106
373100
371813
372727
373563
386735
372450
372962
373610
458374
379058
373398
373061
373676
372006
377769
373530
372896
373233
373416
372935
373190
373374
372704
371933
373403
373356
373802
371849
373309
374144
372804
374351
372564
373883
374650
372353
372043
373332
373220
380213
374322
372579
372229
373535
372522
374589
372537
374680
374004
372584
431318
373819
373168
372024
374113
379617
373579
374770
372759
372133
379127
373688
373689
372461
373017
385019
371607
373221
373376
371851
392662
373224
376531
373615
458173
411673
372193
371777
374748
375648
409336
372812
372285
371644
372712
394871
373285
373180
372951
373213
392540
374449
413044
374081
372591
386445
377785
376344
372624
372804
419364
372514
373539
373978
372406
373374
373862
373981
373388
374041
372348
372297
373862
372815
417711
375235
374281
372459
373803
391321
468417
374222
373698
373043
374095
375161
373008
374337
373355
373543
373626
372615
372477
374046
441347
372970
373698
372748
372588
372618
372288
373760
372693
373384
372714
379459
374715
374021
372448
371973
374093
374692
376387
374498
372372
373027
471284
372143
372706
372889
373202
377862
372455
373507
371601
373180
379633
372679
371614
372131
372943
387412
372307
373889
373436
373392
425382
458573
372430
373029
373654
379084
373548
373479
372430
374522
385336
374128
375230
373579
374045
374130
372747
373602
373836
373792
373786
374676
522165
507408
373238
409934
375234
373387
374262
373683
380676
374116
373875
372621
372272
375060
374227
373478
372740
373769
374888
372923
372856
459696
374415
372768
373888
373721
372765
373420
374862
373236
373991
373978
372849
373724
374798
374415
375336
373424
374456
373912
373923
372909
374963
373736
373500
374019
372328
372272
372116
386569
371959
373319
372514
372011
426368
374188
372088
372810
373310
379041
372534
373904
373270
373346
386111
372111
371560
371817
372740
377812
374146
372716
373938
372937
372646
373979
372744
373445
374082
375212
374595
372694
372981
372061
372294
377654
374255
374388
373849
373874
372959
374064
374066
373542
373611
372983
373852
373404
372167
377395
372759
385580
373964
374075
372354
378293
459042
372534
373227
373458
374961
373709
372342
373627
372762
379886
373734
373404
373917
373591
378681
374001
372285
373539
373768
384805
374331
456292
372182
373823
397763
496003
373777
373373
372366
396035
373324
372521
373591
373038
410049
375236
372246
371693
372763
393824
372447
373708
460963
373412
400810
373650
403985
372055
373726
425402
373624
372090
372218
373617
380697
373856
372097
374251
374006
374061
373662
374019
375389
457244
374428
372415
373879
372063
372524
372804
375224
374167
373710
372393
373026
374340
372797
372671
372736
373225
373701
372410
372124
372360
374859
373810
373155
372703
372154
372704
373411
372260
373084
373891
373594
386468
373082
373629
373815
372959
421463
374054
372566
373949
375117
385241
372359
372578
372544
372697
385031
372489
372298
375132
374100
379023
373397
371596
371564
373403
373115
372933
373207
372205
371339
373855
372917
381557
374768
373450
371720
372703
373012
372800
373686
372651
373217
371337
373262
371845
373163
374625
374472
372540
374019
373654
378795
372872
461067
372491
372603
424899
373157
374856
375817
372282
388226
437677
373148
374128
385700
373845
375070
433192
372786
380196
374423
373095
409833
374204
378881
374557
373465
372940
374136
385354
374278
372289
374022
374209
373683
373314
373825
373772
374268
372773
385248
372734
373738
374072
455596
380724
374620
373503
374292
374029
380208
373439
373732
373742
372212
428309
374054
376373
372614
372168
379028
372975
372044
371680
372070
464799
371839
375811
371502
371278
373674
373561
372988
371625
371669
372117
372044
371603
373479
372561
373451
372508
373081
371814
372601
373224
373271
374042
372714
373356
379539
373897
372289
372241
372335
373760
372323
373986
372596
373493
374128
386536
375685
372470
372483
372616
424988
373390
427659
374424
374498
396929
374076
373469
372552
373703
403477
372841
373221
372339
373846
378821
372422
373392
374736
375662
379085
372939
415653
373885
374174
429727
372750
374225
372597
373583
374406
436327
463251
373324
373327
396086
373003
373890
373225
374018
393974
373676
373294
373348
372500
394978
372525
373028
372617
373041
373733
374085
371690
372451
372175
372675
375486
372157
372661
372359
373675
373350
370958
373140
411124
373642
372713
374187
372809
373255
372489
373583
374466
376130
374555
374624
374698
372815
372873
373595
373288
375023
374102
373748
374346
372547
476607
373978
373367
374979
373795
378868
372438
373103
373489
372481
378947
373446
373943
373655
372520
423121
373688
373301
374234
374121
379484
463449
373860
373491
375011
380421
373375
372644
374313
372984
372612
373418
373455
372427
372812
374223
373467
373411
373490
372199
373477
374583
375423
374085
371829
374020
374261
373696
372497
372235
378027
373150
373004
370798
372940
372872
373698
371863
371757
372592
371725
386016
372785
375061
373610
372624
426606
371930
372284
372590
373951
379494
373638
374149
372720
374794
424543
486525
373765
373538
374036
395043
373814
373140
374852
374375
403129
374543
401086
372942
374936
443595
372792
373815
374359
372416
401540
374228
372439
372648
373165
379993
374564
374147
373825
374103
387544
372078
373808
373648
372688
378158
373663
373654
373509
372625
373122
373876
374102
373816
373545
372895
374256
374224
374278
373809
412617
374238
372251
373767
374044
373222
374968
373178
371278
373212
371905
372598
372499
373128
371652
372429
374618
372838
373156
372764
372233
373025
462421
372854
373127
371594
384054
371671
372070
372846
371954
379232
372536
373253
373509
372648
378744
374460
372587
379495
374050
429579
374200
461442
373843
372475
379991
373637
373536
374541
372884
373460
372349
373820
373748
373250
372684
374429
372247
372233
373220
373937
374485
373401
374223
373669
373279
373242
373350
373974
374397
373903
373919
372912
373618
373525
373742
374020
373328
372477
373810
372403
381250
371693
431333
378569
517871
373552
373814
372984
372557
386008
375019
374287
373988
372300
373292
373970
371549
371746
373285
372852
384210
373293
371909
372418
373454
390989
373089
372335
373068
371189
379582
371740
373544
373382
374110
427421
373770
373705
372103
373274
379498
373700
374069
373775
372681
418189
372373
374909
373959
371793
374080
374265
372068
373798
372367
373631
373539
374003
372479
372405
375136
372872
374143
372936
373434
373981
373896
417516
373986
373979
385388
374237
373618
372148
373346
373288
372509
373935
372757
372299
372747
385375
373402
372562
373504
373637
428610
374005
464901
373752
373815
381172
373266
372217
372519
373033
385952
372275
371792
373706
373542
377773
372905
372601
373151
373448
371759
373038
372469
371867
372175
374215
373837
372627
373630
371764
371824
372636
372844
372943
375347
372807
371434
371471
373245
373746
374240
373605
376753
374443
504780
373804
373825
373682
373905
375648
374932
373069
373683
372836
372520
374417
373922
372914
373133
372473
373578
373360
373448
373863
374038
373833
372631
374427
372437
372730
373862
374305
373765
374559
373262
373934
375781
375043
374710
374025
373532
372401
373612
374266
372719
373663
387414
372134
374394
373636
373325
379149
372241
373544
374403
373094
378844
374420
373307
373619
373400
424331
372775
374483
373459
372355
371975
372784
380700
372059
372967
371999
373310
371670
371274
372968
371872
372809
371591
371723
371690
372056
372471
394154
392118
375095
373670
374106
373423
381020
375876
373155
374742
373336
372625
373542
372845
372609
373643
374488
373483
373785
374597
373806
374219
404224
376652
372355
372413
372381
462032
423888
374344
373966
372597
373989
372457
393726
374257
372757
374341
373015
385022
374182
374230
373906
373947
380837
372703
419833
374205
486777
458808
373833
373606
374060
372175
442423
373632
373475
372301
374264
396537
372544
374518
373744
372476
401535
373570
372433
373916
373063
436358
373063
372168
373081
373633
378441
371748
372990
371321
372014
373614
373446
373315
372926
371297
379136
371986
372605
370945
372606
372861
373140
373921
371334
371958
373163
373255
374331
458897
374492
373494
374276
373441
374645
373693
373602
374302
373909
372584
372413
375017
374466
374201
372528
372349
385792
373311
372474
373881
373587
373341
374712
374018
374237
373672
373476
380045
372445
372512
372313
372175
433107
372935
377259
409294
373718
395231
373548
372049
373753
373769
396755
373013
374102
372479
373136
402529
374020
373311
374408
372315
384409
373649
373545
374128
379606
426549
373151
376911
371998
372340
373283
373114
372731
374679
372676
373472
371925
371650
373459
373047
373404
374225
372940
372975
371569
522229
372884
445854
371738
485288
396757
373409
373424
371599
372499
384406
372419
372243
373091
373737
374090
372169
373504
372042
372128
377201
372694
374333
373117
373622
372506
373196
371919
373339
374508
372867
373747
371723
372861
371999
378248
372835
371694
373586
375598
371877
373844
420985
372570
371710
372596
373917
373856
372692
374736
375541
379935
373305
372369
372759
373604
380416
373363
372033
373388
373926
385193
374544
456185
372548
373693
379082
374098
373780
373776
372821
372117
372975
372256
371793
371801
373026
374527
371628
372570
371837
373330
373071
373365
373469
372956
374280
371887
372852
374519
372673
382088
371786
373122
371165
372623
373268
378784
372724
373429
373656
375234
381311
373961
373904
414534
373079
386307
373113
373317
372697
373046
379189
372370
373455
373499
373494
379550
375046
373633
372562
371993
372923
373977
372984
373563
374095
462953
372493
373635
375174
434535
374188
373710
373497
372666
373094
374406
373664
373149
373553
373670
373994
373843
374116
373447
372027
372721
486041
374128
375955
373600
485487
594935
454644
417419
431942
482027
411660
438730
446314
454448
409573
410845
440199
415065
502514
409049
408257
373193
439693
374825
371992
371271
372999
383160
372668
373220
372056
371865
372992
373402
371327
373985
372928
376853
374433
374370
373007
372214
373812
372175
375803
373244
373703
372758
375286
372337
372726
373520
372719
374118
372491
372364
372980
373339
423648
384190
374200
381592
372902
385446
373662
373686
373892
373680
380023
373434
373888
372667
372280
379672
372816
373741
372891
374066
387354
375474
373395
377716
402077
424678
372663
373777
373880
373227
373424
372815
372534
372647
373757
373415
374291
372500
373033
375422
373803
372967
371614
372762
373198
373905
373709
371912
371646
373128
371886
374680
373931
373128
371731
372549
372253
371642
372849
372839
374652
378296
372755
371351
373026
371358
386610
373760
371813
375448
372912
379929
373957
373021
372970
373902
415190
374132
373552
372822
373847
374049
372718
373775
372465
374821
374949
373843
401347
442391
410370
482039
480676
499130
445858
450512
524729
484872
442794
445118
409365
410623
408710
450211
459679
412214
415095
426528
450375
411683
408599
430604
428841
483928
411421
409861
409187
481490
411317
411444
408209
377613
373219
373971
373996
380505
377907
373607
374726
371798
371111
386593
373524
372275
372429
373224
373182
373097
371719
372723
373006
373149
379477
372842
373072
374209
460849
424855
372607
371696
373139
372756
385416
372356
372384
372390
372514
380132
373440
373809
374691
373047
379412
373039
371741
374228
373000
409632
373932
385352
374856
372792
373754
372912
372654
374084
373201
373304
372593
373242
375145
372532
436401
373578
373693
373551
374032
372733
374044
374285
373058
373258
375614
418465
383971
387868
373503
374460
373670
373889
372572
373791
372831
373984
375300
374224
374304
373994
374396
425359
451577
438751
457977
443487
410024
417493
445388
445950
461757
409101
405042
374353
373393
373691
371449
371442
374325
372366
371753
403074
371714
372182
373243
372301
371201
372177
379018
373226
373238
372687
372856
374731
372074
373770
372430
372894
372854
376322
373348
373545
423366
372290
373681
373273
372168
373591
373633
387059
373891
372566
373085
374985
379635
372360
373289
373811
372225
381233
373651
371929
373253
374462
425872
372219
374163
372366
373301
372310
372596
372232
373615
373039
372607
373805
373352
373832
372989
371741
374041
374255
373620
373613
373690
380086
373147
373623
372218
373606
376172
372282
373207
373775
373499
383398
373202
373803
373490
373159
378166
372065
414672
438393
373995
416182
373224
393386
372164
374883
373288
371828
371040
372448
373167
376444
372386
372625
373307
371233
401275
371572
371832
373554
373537
386925
374003
382014
372289
373568
379605
374048
372649
372345
373677
378485
373866
371506
373295
372129
422229
374605
371655
372687
372132
377653
374954
373535
461333
373150
373692
371979
373205
373850
372034
374004
372725
374081
375066
374339
372157
373337
372645
373151
374064
422140
374048
374315
372240
409784
377950
373932
373336
373240
374343
379857
373881
373409
373113
374395
374187
374161
373169
372245
372465
372354
385316
372701
371444
373091
373058
426603
373680
372937
371290
371920
378552
371597
371354
371848
371960
384713
372904
372005
372554
372604
377057
372724
372470
372376
371111
410721
374086
374294
374262
372915
374802
374248
373335
374061
372252
373413
374149
373717
374570
373850
372414
428367
373554
372409
373352
479837
479348
374384
373666
372053
390687
373571
372473
371859
374465
423127
372623
372209
371378
372883
374681
373740
373536
372742
373688
375082
372630
374017
374167
374135
373709
374586
371923
373385
372038
373732
373813
373427
374426
373568
372001
375978
373861
372468
374043
372482
372867
374498
371803
373811
371957
385185
373118
371827
373140
371404
379179
371536
372303
372917
372396
377520
372962
372723
371687
372708
373687
371958
372718
371082
403482
373540
373202
372564
374380
373578
372368
374022
374018
371959
373351
372480
373736
372290
373897
373560
380061
373610
372182
373767
372281
373582
375334
372076
372664
373728
373283
384561
373714
372024
372010
373471
382918
373549
373257
372770
373620
379831
373463
373409
373315
373479
384933
374931
373566
372686
412377
421101
374091
373375
372470
373724
374645
372711
373641
374449
372563
373788
374108
373951
373827
412775
373968
409631
453846
374897
374422
385441
372990
371619
371902
371624
372825
372272
370917
370725
372795
371273
371465
373404
371380
371587
372845
378651
372904
382411
373345
376569
372677
371648
373019
373283
372663
373160
373103
372555
372918
373848
373866
372277
372666
372173
372937
374734
372446
373923
460938
373549
373404
373525
372245
374301
372160
379357
374127
373841
373244
373819
386288
373810
372309
372944
373503
419754
372947
372033
372806
450389
379414
373212
372877
372125
372106
374052
372257
373515
372584
372569
372653
373664
371912
371964
372746
373696
372892
374538
373772
372720
375353
374034
372925
374284
373793
379117
373612
373183
373297
373066
371489
373485
371930
372215
372682
371707
385220
372483
371847
373366
371809
378974
381424
373363
372837
373088
422862
373549
371597
372059
372179
384075
372958
372659
372409
372091
378253
373327
373431
373993
372425
373751
374209
481282
407077
408112
423384
430121
445100
408748
410048
373100
372509
373675
374164
374836
374424
373812
372635
375180
374092
380460
372236
411303
372216
372254
380289
373641
373502
373535
372110
380038
374219
372458
372622
372443
427743
374346
372404
373354
373040
380402
372267
373359
374175
372197
398143
372282
372181
373401
372606
384012
372392
373662
373643
373197
373021
373153
372135
372773
373268
373712
375276
372394
372443
415622
373709
372700
372699
372679
372836
372152
371824
372041
371803
371862
371710
372331
371626
373470
372843
371961
374787
375391
372268
373380
372680
515585
372897
373900
373673
373424
379149
373531
372660
372895
374073
386138
372483
373461
373534
372708
379719
372105
373794
371989
373894
379569
468695
448324
374550
372516
430662
374654
373879
373823
374375
379750
372805
373953
372436
373172
379752
372847
372547
373757
372442
372601
374264
458878
374508
374393
439346
375216
422887
536942
373992
407031
373823
373780
374052
374390
409230
373677
376473
373878
373470
394984
372924
373310
381091
372857
399412
372015
371425
372426
373083
386402
372128
372523
372484
373341
373971
373215
372223
371768
372826
373463
373210
373373
371694
459656
373036
373733
372196
372628
374376
373927
373311
373661
373387
374064
378768
373648
371904
374494
373420
373547
376215
373035
374161
372071
418399
372776
373537
372139
372282
373455
380325
373947
373640
373286
373757
386870
372569
372975
373867
372082
382660
373275
373049
373089
373923
420599
372608
373278
373544
372203
385342
373283
372434
372750
377933
418104
374520
373526
372414
373306
378728
373452
374253
372750
372172
380787
374584
373110
371814
373019
372923
374031
373114
373062
373703
371774
372717
372310
372476
372490
372547
373542
373059
373749
372971
373938
371888
372492
372585
373400
378081
373137
372475
372114
373844
371866
377923
373305
372753
373720
373537
427700
373483
424967
375308
372462
372175
373328
372466
375559
374434
374328
373352
374008
373920
373656
372656
373245
373416
372721
373186
373198
373761
373767
372656
375040
374390
373218
374188
376821
373681
374022
374129
372494
374222
372229
379794
372242
371621
371884
372070
385260
375226
373642
373822
372470
422762
373589
371944
373867
377657
401878
374846
374907
371933
372988
393267
373350
372974
370593
371836
372453
373044
371797
373092
372598
373331
373264
372391
371229
372858
374089
462589
373673
373121
371651
372151
373531
372591
373011
373333
372525
372847
373190
373424
373568
372220
373900
373188
373307
373679
373502
672645
456462
372900
372035
372756
372579
372888
371929
372713
373900
372927
373610
372341
373208
374423
373759
373500
373650
372437
372385
379714
373974
459466
372673
373654
385571
374509
372358
373392
373980
390432
372608
373564
432704
372822
373682
372019
373309
372504
373107
384671
374463
372514
460099
372859
380198
373650
373595
373778
374004
380305
371560
371448
373360
372468
383754
373121
371756
371759
373152
371912
372868
371896
371661
374041
373255
372588
372001
372317
372218
373103
373530
372056
373265
372101
371477
371953
373830
373101
371867
378707
373379
372184
372838
374004
422024
374488
372566
373186
372267
373425
377653
371805
373270
372149
372339
378413
373777
373604
373285
373460
385175
372519
373041
373589
372863
377898
461347
372369
371948
372335
379191
371988
373364
372915
371789
374939
373589
372986
373674
373617
372330
373493
372415
372466
372245
373344
373978
450155
373344
373699
404475
374805
372436
373916
372255
372957
374193
373215
372692
372826
372103
378537
373050
372869
373412
371625
424592
375863
373691
373268
371861
411102
373417
405322
402682
429401
445623
373015
372556
428885
372698
372802
371617
377861
377597
374180
374107
372806
373089
495864
373398
375599
373162
372312
371693
373729
373672
415078
436434
411145
413575
375021
373761
373849
374253
379746
438962
408590
410788
454569
452699
411764
427418
415283
449552
437007
409695
378326
375214
394777
372052
373200
372608
373154
445027
373145
372179
373168
372967
416115
372821
373013
372048
374075
396292
373099
373099
373880
373242
400457
373008
373597
372909
373398
389133
373758
373993
372645
372203
373779
459824
371508
372756
370913
373328
373389
371145
372933
371653
372914
374102
372606
372487
371306
373789
372048
372897
371497
372555
384263
373409
373791
373018
372523
375774
372548
371745
372303
372890
373498
372325
372110
373586
372188
373889
387154
371737
375092
373805
372106
380051
373087
408875
373779
374751
379757
374748
372437
372955
373613
426954
372399
372521
373688
373071
378809
375738
431401
373214
374007
379805
372400
375126
371871
383019
385742
373860
372237
373107
373496
373762
373903
372834
372167
374082
374413
372369
373387
372200
374618
373160
373108
372297
373447
372359
467428
373234
371914
371908
372608
371931
373075
432352
477704
432404
452631
430632
442328
426465
427395
440018
437731
424373
442960
456843
437619
425484
425648
439687
426342
441515
436403
426358
426438
435001
439616
428672
414304
407891
407253
408188
407827
429211
409461
406363
408042
406607
409695
406647
405699
406406
413235
408106
406011
408101
406999
420416
406665
407615
407788
408719
407778
408367
409089
406641
452739
406951
406203
407254
406352
421782
408141
408472
406197
406369
408626
407689
406604
408079
412694
408212
406841
418743
408608
420798
406508
408606
408201
408539
408463
409077
408127
405668
412416
406450
407098
407248
407532
422453
407631
407620
406594
406059
439486
427250
446156
426003
431992
407025
407158
406165
460164
408412
407453
406091
406166
407714
407352
407665
408182
407149
414851
407817
407127
406714
419446
407735
406576
406537
408018
406728
406535
407889
406408
407902
462886
409055
406668
407646
407876
420932
407902
407517
406221
406643
406246
407748
408332
407367
412972
408146
407506
407991
406819
408872
407758
408090
407735
408680
417389
409354
407936
407739
412583
406383
408828
407601
406602
421425
406295
406564
407826
409468
406698
406449
406509
407629
414024
407618
412118
407758
407144
421701
405936
405916
406799
407712
406973
405803
405717
405730
407595
409538
405506
407712
407896
420940
406078
406539
416166
416673
407815
406390
405905
407723
406480
408049
406283
406573
406035
421047
406894
408242
406654
406589
410550
406582
430887
408810
410250
430651
429556
408451
406798
421790
406649
407691
406518
408773
372703
372152
372544
371893
372310
379477
373620
371981
371616
376685
379244
372459
372364
373968
372794
401301
372669
373859
373962
372619
380367
373682
373017
372300
374047
385928
372982
373405
371939
371444
399473
381939
373777
372907
372787
396725
373649
376709
374205
372166
393520
372590
372002
373554
372092
371873
373232
373555
371777
371745
372525
372823
461497
372152
372646
375248
372747
373387
372918
373354
372354
372271
372067
373196
374020
378670
372819
373786
372951
373537
371994
374987
373605
455042
373638
371990
372354
373470
372002
375091
372435
379270
374592
373811
372185
373519
386566
373524
373418
372492
372528
379222
372497
371805
372463
373403
378105
373476
372449
372391
373315
372981
373539
373533
373876
372107
373207
373889
373716
372546
373843
372573
373503
373891
372356
372307
381341
435464
373691
373009
373482
375065
486253
442721
426923
408600
383710
371511
372088
371399
372946
402598
371853
371469
371633
371807
437556
371570
371686
372124
373715
378373
371745
371699
372726
373249
385221
373857
371773
373208
373294
371445
373366
374086
372441
372062
373400
372659
373636
372416
372422
374131
372736
373679
373782
373351
372420
373301
373803
373736
372061
372309
392821
372757
373055
374522
372380
374189
379186
372476
373817
371663
379479
372062
372252
373153
372911
381113
374182
373007
374134
374187
386634
373553
373007
372471
373074
380002
373351
373958
457205
373569
381477
374975
372451
372711
374542
372386
373840
373866
372612
372453
373588
373509
374213
373146
373235
373048
372199
371937
371937
460344
372068
372105
371813
372980
371957
378726
372981
373666
373909
371901
372270
373054
371696
372648
374914
373578
385638
373813
371164
372395
374474
416885
372271
373064
387220
373455
380326
373317
372993
373684
372261
443112
437832
432477
430386
374330
372436
373995
374066
372736
377645
374154
373271
373211
372640
374109
373493
372882
371592
383746
373352
374247
372215
373628
373363
372286
374032
372124
372656
372445
372638
372583
382045
373488
372108
373766
372601
374428
372702
372936
374283
413991
372740
372232
374446
373426
386993
373959
373599
372697
373305
380204
372123
460441
371648
371879
379703
372838
372215
372099
371658
386036
373291
372083
372878
373092
371955
372140
373935
372149
373236
373414
373700
371447
373639
373047
373796
373366
373957
372470
372410
373798
372483
374004
371980
372508
375303
372123
373022
372686
373714
373831
374218
372481
373642
374403
372796
374191
373860
372623
372234
371787
380135
372718
374108
372848
374236
386816
372408
373302
375100
373059
378140
373660
373454
372521
373728
427937
374137
372517
373472
373599
385733
373443
433460
372983
373213
372327
373429
373273
488150
413411
453188
372616
372964
373193
375050
416499
374083
373919
374242
373380
440162
373846
371775
374662
373512
400248
372316
373431
371991
372646
387000
373194
372028
373384
373133
378297
373978
371677
371869
373011
378415
371722
372474
371650
372930
375764
373519
372180
373345
373076
373397
373791
371996
372565
372378
373595
373197
407712
374284
372320
374846
374247
373435
372422
371613
372921
373092
372739
372441
372315
373458
373859
374672
372271
373795
373854
386188
373278
374315
463600
373070
379782
372163
373547
373657
373571
381682
372445
373337
373808
373452
385860
372429
374543
372224
373185
413918
373683
374190
373965
454061
380010
374698
371819
373006
373138
374077
372703
372954
371662
373116
373589
372984
373443
373133
371337
371949
373651
371806
373428
372701
373556
373840
373228
372894
373072
379585
371596
373570
373021
373127
375426
375242
373142
374977
493900
429007
374092
372666
373852
372389
373797
462914
375276
372470
371582
373984
374279
373421
372972
373115
373517
373626
373801
373039
373716
379947
374156
371906
373864
372465
373344
374183
374000
372646
372495
373695
387634
373146
374300
373773
373632
414914
373939
372888
372689
373769
379640
403649
372901
373654
374110
386049
374136
372906
373733
373208
380962
372831
374118
373713
372650
373918
374189
374021
376942
373425
373532
374484
371316
372539
373185
373775
373031
373044
372092
379118
371953
373068
372494
373452
373152
371722
373122
372552
373105
374223
371715
372185
373894
373015
373001
372949
424058
373378
372785
372222
459826
401615
373517
374106
373969
373238
380705
374517
373464
373639
373570
380497
373047
374321
373734
372189
386334
373854
373807
374279
372161
464230
373918
372566
458526
374450
378863
373963
373942
372362
373183
373303
373836
373102
435016
428185
462572
374954
372804
374569
374024
385831
454123
374067
373397
373729
434592
373223
372905
373895
372644
380326
374374
374615
374233
372448
375143
376261
372005
371639
373951
374068
384226
464142
372466
371772
373803
373765
373384
371735
372493
373220
373681
373946
373013
373799
372908
372423
371795
373230
371742
377489
373842
373224
375234
374303
372710
373813
374723
374490
372611
372771
384360
374117
375021
373117
373856
414975
374036
374902
373532
371725
1047981
1271430
1078282
374076
374088
373656
372959
373748
373745
373875
378508
374079
374588
374707
372336
372131
375010
372257
372856
374038
456101
373003
374256
373202
373522
372510
379856
373789
374366
373424
373124
387706
373785
373915
373856
372431
380015
371997
372911
372878
374066
423999
373133
374830
374107
373179
387114
372146
373513
373134
372418
373755
373133
371836
373521
373062
371827
372268
373337
374086
372706
373694
427402
484493
408160
406998
428000
373721
372227
373456
374147
404181
372621
374605
374055
374158
403495
374039
373491
373765
373249
401381
374287
457601
373531
374085
379214
372994
374368
373449
373679
420475
373988
372246
372289
373008
378699
373765
372287
374673
373636
374086
372144
373139
450171
372405
373902
374318
373261
372478
372194
373533
374025
372151
373604
374111
414114
373245
373140
372984
372310
374328
374237
374922
372684
374121
373919
375625
384240
372864
374821
373426
373290
372996
372609
373639
372750
385471
374831
373538
372039
371646
453767
373021
373881
372841
373646
402163
375717
373412
371728
373287
386684
373505
373125
373254
373765
382233
374235
375398
373019
373498
380456
374099
371936
374093
373714
428260
373072
372824
373322
374059
380089
373344
372294
374141
372680
372939
373463
373699
390207
372216
374103
374621
372905
373620
437199
374354
419646
373523
372511
372911
373810
373050
372126
373962
373696
373652
373819
373933
373761
373666
377133
373409
371638
372368
372090
373870
376392
373356
417956
375478
431007
489913
428482
480173
457053
410604
415268
412814
418411
396909
372221
372819
373230
373649
424371
437858
418293
410337
440492
429473
410180
421199
409535
429787
410137
373330
371803
373606
373717
372361
371513
371540
371846
393793
373196
374726
374212
372733
394469
372595
373944
372505
372173
400970
374211
372505
372069
393476
395870
373801
371457
371800
371789
431250
372105
372078
372951
373331
472577
373952
373652
372555
374195
383640
372832
373488
373417
372284
372388
372306
373639
374274
372458
373347
374148
373648
372261
373037
373687
457317
372748
373321
372384
377866
373824
372533
373610
373852
375225
373807
373450
371986
374139
373000
378000
374403
372305
373173
371644
423060
448417
373374
371463
371605
380744
371942
372816
372211
372972
394142
372661
371954
372749
374275
393749
371725
372805
373698
371470
385306
372453
372323
373630
374693
403942
372347
372295
372491
372459
425098
372592
372920
372245
371753
443667
460939
480217
464279
424904
425866
426542
439345
443586
445137
427907
431880
440582
441361
442559
442441
458669
423882
372956
373094
372084
372780
373212
373014
382655
374879
373984
377644
372486
373384
372280
373698
378974
373768
373402
372417
372490
372548
384375
373637
373245
373290
372424
436316
373439
372601
372382
373066
459813
373603
375030
371497
372062
395274
372122
373124
371854
373311
400300
371464
371926
371713
372642
383208
371557
373106
371961
373071
373670
458730
374124
371496
372471
371972
371745
372030
371808
373719
373845
373308
373386
373014
373637
372162
373820
372203
373040
373237
377011
374051
397461
373411
372010
377471
373985
373517
374005
379051
415277
482044
429120
374061
372950
411396
372628
373834
372295
372491
427002
391560
373155
374217
372360
401871
374234
373370
372638
376111
435908
373663
373991
373404
372262
379170
372328
373241
394097
373067
385293
374023
372606
412637
372772
389508
373148
403207
373310
375569
374625
372974
372608
373283
373481
373990
373710
373080
373038
371708
373659
372665
371910
372989
372308
381606
372151
373578
373285
371846
379204
398781
373190
373700
372394
372819
374078
374589
373625
372395
373772
379250
372491
374453
373694
393704
426770
375018
373531
372640
372070
374754
374179
372259
372761
374000
379145
372220
372064
372152
373125
405380
372333
372776
372250
371952
447137
459978
372554
373626
373289
395329
371813
373452
371837
372173
380177
372918
372433
373100
371792
389122
373573
371887
373136
372053
372255
373518
449326
372092
371861
372650
373015
372963
437408
373236
376904
476564
431792
373478
372776
404408
372446
372459
371787
371357
397126
372215
399863
454064
371518
402765
372703
372851
373411
373326
426369
372751
372797
371674
371659
377839
373615
372807
371870
374138
374878
374524
373463
372915
458393
374398
373220
373317
373687
373705
375658
372283
373240
372028
371671
377597
373721
371852
373748
373934
375501
372581
373765
373221
373436
469244
372508
373213
373073
373577
372734
373595
373097
372217
373565
373697
403613
373627
372148
372488
374632
428575
372455
374041
372347
372784
433243
372309
373259
374123
373509
379647
373521
373220
372177
373370
391538
373130
373790
373572
373648
390951
373351
371315
373062
371685
372982
373175
372037
374173
373332
372917
371724
372299
372765
372286
373921
373089
372453
372905
372746
377826
372270
371594
373441
373215
382297
372917
373368
373020
372595
425748
374145
373735
373640
372123
372690
381199
372257
428412
425698
373083
374235
373765
373161
373334
375238
373340
373746
374588
373419
373507
374311
372121
372228
373551
376095
373691
372870
373346
373179
374977
375709
373402
373489
373622
372364
379280
373331
372098
380138
373936
372546
372967
371641
372073
374271
402624
372316
373853
372558
372076
428834
373148
372283
373144
372993
394360
373392
373894
372420
372923
410731
371157
402874
372816
373306
379003
371525
371833
371691
371833
382742
373498
372302
372119
372876
371761
372379
373717
372416
371581
371895
461304
371847
373087
372984
374256
373695
372103
373564
371836
371950
372631
373400
372004
373290
383981
373672
373063
374340
373587
373187
378078
456090
373869
373708
373406
373590
373536
373429
372627
372674
384276
371929
372406
372938
372980
402449
373254
371994
373402
372708
385592
373152
373385
373758
372222
441677
373622
373187
373758
373216
395763
372163
373058
373801
374584
402247
374341
372783
373159
373181
445543
480307
374395
380463
380341
375026
373257
373405
373724
430560
373418
373382
372985
372710
372272
378360
371741
371819
372096
371558
400814
373240
371859
372392
423309
409219
372234
373505
371942
373699
394633
371766
373318
373719
373293
429658
373941
372094
374617
373570
384459
373142
372678
373524
372589
472924
373658
373969
373433
372229
374166
374085
372381
373000
373387
374307
374206
372834
372782
373415
374017
373403
373597
372290
373705
377364
374374
372257
372735
372206
378041
373531
373348
372017
373854
374147
373062
372019
373198
373157
373688
373511
372063
374404
372889
373429
441192
372564
373642
372338
371950
394631
374075
373599
373233
372817
393969
371533
373490
371301
372995
401861
373071
372695
371983
373129
390100
372139
415175
372481
372988
430387
371381
373312
371521
372547
388186
373581
372915
372272
372963
378511
372118
434791
373567
373767
373946
432323
374341
430818
372496
387097
373874
373296
372617
373589
428019
373500
373887
372659
374041
389364
372203
387542
379587
373677
395946
372637
373065
374959
373644
389726
372678
371888
373362
372259
374078
373690
372319
372568
373037
374929
373616
373338
373768
373803
373309
373579
373764
372167
374514
375909
372680
374281
373093
372642
389697
373471
372727
373895
372326
373205
374567
372564
474714
375190
423463
373161
373560
372206
372442
372640
378926
372546
372538
372620
370995
376965
372408
372780
371567
372575
376934
373548
371271
372503
373041
409356
371711
374577
376835
372402
443674
373493
382824
373555
373048
395311
372390
372440
372842
373709
386009
373896
372332
372255
372217
385286
373001
372673
373365
373987
374922
374079
373648
462339
373597
374424
372871
373419
372469
372965
373197
373705
371714
373302
373506
373053
373934
372206
373854
373754
380032
372519
373415
373053
453932
380119
373001
373351
372349
372873
374234
374074
373467
374037
372884
430460
427291
374082
400473
375377
377330
373222
373436
372025
372505
461508
389025
373673
372767
372528
374002
481918
378774
372939
372706
372833
372586
371890
372400
371429
372182
372715
372726
372830
373171
390507
463288
374166
373741
372720
376786
372319
373486
373406
373229
372557
380192
380399
395023
374323
377799
372711
374338
371916
373161
378323
372321
385943
372414
372005
381376
373873
372576
372170
373912
372194
383017
373970
374154
373134
374135
396112
373700
373836
373387
373802
434708
373736
456766
373199
372183
409184
373737
373127
373564
373630
379211
372347
373652
373570
373754
392549
373901
371931
372387
371712
388684
374241
376494
451763
373322
422737
372997
374119
372773
371669
373090
372358
371419
373878
373144
371844
372629
372092
372671
373763
374396
372086
373389
431995
401061
416930
373696
446992
373633
373188
374459
372563
373602
374165
374235
373627
373653
372366
373304
373469
373245
372027
373257
372207
373612
458483
374685
372248
372306
373517
373566
373475
373906
373713
372242
423085
374005
373172
374671
373266
374484
651736
373899
372977
372548
395855
373444
373019
373267
372388
380479
372868
372197
374015
373135
400599
374402
373074
373380
373156
373583
372361
374417
373228
373367
374037
373757
377625
372552
373694
374440
375232
371483
371801
372035
376276
373034
373494
372720
372823
375794
371809
372853
371880
372531
371871
374494
372148
458120
372345
383139
373252
372994
373172
372238
372195
372463
373328
372292
372252
373502
403241
373754
373895
374417
373827
394370
373363
373524
459280
374116
435914
373788
373439
373161
372188
402651
373255
372549
374108
372611
379636
372535
373213
371917
373797
373812
373613
373430
373437
372411
373288
432721
373261
374862
430830
399712
373734
371925
373773
373958
395121
373279
372571
372217
371779
389051
372605
373473
373781
372693
464661
372497
372124
372446
373399
372937
372596
373711
373306
372359
374006
372307
373490
372606
372202
376655
373148
371501
371723
372748
373000
373655
372345
405031
373006
381144
373322
371930
373416
372611
377960
372492
373033
373314
371831
371661
414348
373665
373702
372291
372529
478158
535086
392080
380857
374788
373290
372685
373776
374171
372948
372772
372113
372419
373177
374947
372507
373550
373952
371971
373296
373720
372691
457354
372832
376164
417667
406020
374066
372290
375716
374084
372217
373223
373501
379198
374081
373786
371902
373997
372512
374603
374059
373591
463670
374447
374444
373699
373279
371945
373169
373618
373702
372487
373129
371919
374287
393346
373712
372548
372427
385618
373436
372508
373022
456429
372574
371790
372822
373207
444026
373645
372002
371877
373226
372580
386890
371694
373283
372572
372719
379487
373034
371514
374228
375798
465768
372705
373571
372266
375542
385872
373602
373671
372301
372131
374177
372262
372421
373718
373259
372318
372989
373107
373524
373661
373017
374370
376127
373104
372543
372825
372236
373970
372897
373439
373196
373882
373550
371906
374035
371857
374265
373858
373926
373855
374241
379568
380829
373724
373599
373855
373341
372105
374074
373341
373761
386565
374317
373112
373877
375801
379962
372231
374044
374207
374163
426164
372991
372531
383194
372140
383860
373755
371574
371589
373285
373503
371520
373437
371372
371704
373284
372866
373203
373435
371290
377183
372270
372655
371419
459002
372729
373685
373504
372361
373627
372204
373188
373591
373978
372265
373941
374791
373949
373863
372712
373399
379261
372919
373401
373191
373469
378487
372454
373757
373522
371964
421917
373558
382022
432348
372564
389036
373736
373987
374019
374880
403714
373699
373482
375165
372742
447481
372291
375610
373576
372513
402074
373699
372466
373261
374007
412675
372693
374506
372554
374266
384469
372854
389771
374379
373320
373955
375213
374122
371166
373000
371745
372903
371586
372494
373013
371379
373405
372361
372139
371779
373229
372240
371256
371399
372690
381652
373582
413489
372172
372297
373725
373890
373391
372289
373649
373843
372653
373976
372932
372426
371725
379600
372518
371587
373620
373894
429192
373493
372280
462806
373943
379279
373000
373229
373755
372377
380350
373682
374149
373081
373787
385742
374327
372671
373890
373210
373839
372573
372364
373916
458198
374203
372307
371640
372135
373994
373068
373299
373567
373400
372548
372808
372446
372586
373689
372004
372256
374177
373336
373102
373589
372707
373446
374082
372480
373701
372564
415033
372904
371497
372668
371514
394723
371960
425656
429552
373353
372078
372098
371868
372840
373484
472065
372906
371570
371012
372535
383678
372948
373181
371995
372180
443552
373986
373385
371981
372780
380002
374032
372635
397757
400185
380324
497182
373629
374513
373418
373350
374589
372539
371986
373961
378607
373566
373906
372554
373239
413988
373467
372627
373429
375247
386165
372882
375387
373929
372852
378840
373527
373211
373940
373635
373727
373693
374308
373659
373489
372485
372987
373394
372138
373697
372645
372389
373670
374465
374650
372710
372379
372886
372204
372783
385958
379267
372155
373033
372775
371582
372213
373462
371567
373328
371702
378949
373220
371927
372910
402041
427582
371987
373739
373160
371878
378462
373292
372893
371546
371188
378201
372886
373968
372681
373258
373395
378819
373607
372444
418993
419512
374548
372621
373976
372836
373167
373213
374266
373853
372414
377363
374602
373797
435158
373702
376399
431466
374083
373849
374353
373675
445906
374074
372615
373281
374185
372699
373151
372910
372297
373693
374629
373511
371990
374197
372234
372547
373024
374064
372183
373996
385707
374061
372943
374702
373537
379236
373405
372067
373636
373296
379584
372747
372747
372847
372669
419859
372557
371805
372091
372875
372826
372492
374051
374067
372498
371336
372831
371914
371999
371669
373454
371867
373067
372938
371634
372879
371988
373136
373062
372230
372253
373681
374164
372151
464404
372999
373026
373421
373916
372465
373844
373547
372129
373961
373925
372595
379804
373901
372150
373979
372362
385621
374288
373590
372612
419467
422476
372198
373735
372573
372152
378157
373388
372771
373882
373476
374006
374240
373154
372205
374048
372880
373782
372470
372361
373503
374224
372866
373488
373715
373132
373319
373266
373134
372218
371996
378866
373307
374256
372206
372430
373706
374271
373510
372283
427397
393902
429363
372486
371479
371789
375406
373435
371932
371713
371723
375091
372529
372650
371958
371229
385871
377923
373144
371524
372673
373168
390957
374320
374557
410821
374634
374344
372350
373196
374099
372660
386465
373450
372782
373537
371953
414592
373961
373856
373625
374218
379861
372566
407691
375829
372852
387273
372937
372235
373064
372740
379705
373799
372638
373507
373722
372798
373726
372952
373760
373609
373531
373095
372515
373554
462217
372598
372670
376602
412761
590397
545276
395455
375121
373531
373193
373252
373099
373295
373708
374297
373654
373821
373575
390077
384374
372032
372836
371750
371360
371997
373037
372674
372883
371898
372965
373215
373449
371881
371472
379024
372904
372634
372826
372610
371954
470255
373212
372751
373319
372690
413426
373876
372666
372471
374124
378493
373623
374284
372220
373427
385948
372015
373967
373625
446245
380444
459904
372841
372494
373805
379167
373539
373872
372635
372418
423839
373871
372768
374152
372702
377776
372723
372216
372508
373618
372664
372787
416977
372499
373560
374515
372735
373796
373549
373599
373487
373851
372687
373130
373890
374144
373199
373826
372736
372294
373743
373829
373042
374478
373464
378942
372885
375133
371929
371859
373064
372326
372752
371375
371825
371641
385682
371878
371963
371541
372983
420349
372989
373026
371974
375714
379285
372217
373111
373032
373448
384931
371769
373359
374106
372344
372744
372046
374203
374031
373653
373196
374000
373679
372649
373409
460055
374140
373783
373394
372017
373025
374078
372475
374244
373929
373659
372883
372759
373195
374001
374339
397943
372840
373834
372750
374686
454167
373656
373607
372904
373139
374501
372441
373405
373864
373882
385988
373784
373651
373877
372355
379187
373935
373878
373833
373459
379135
374719
374461
373426
372294
445958
428167
374305
374382
376420
372395
372080
371660
372515
379865
373298
371910
372728
372748
373278
381670
386801
417950
372081
372701
381708
372011
372065
372766
371654
380922
372362
372850
373409
373077
419849
372937
372501
373268
373743
380288
373469
373235
461154
373709
396673
372469
372776
372310
373358
386301
373925
373625
372179
372738
373161
373567
373841
372215
372084
374476
372676
373180
371983
372568
374385
374439
371596
373667
372600
373993
373425
374550
372980
373120
373606
373181
372533
373774
373365
372196
374778
372108
372036
373848
412826
373614
374009
373700
372239
373181
382303
372446
372699
373451
373588
387986
372212
373043
373207
371113
378770
372771
373307
372812
372661
373325
455393
373603
370661
372654
373770
372866
372132
372943
372490
371764
371612
371316
371530
398225
373988
371780
372459
374297
374077
373955
400166
459840
374468
372031
372462
373740
373367
372746
372417
436055
375837
375114
373586
372391
374116
372414
373195
372253
372196
380009
373654
373750
460777
372860
374749
372123
372769
373046
372138
372633
373238
373658
373284
372287
372759
374875
372837
374166
374412
372265
392668
374362
372131
461465
372559
385039
375098
372433
373764
374140
380855
373340
373622
372089
372870
378467
374207
371570
373769
373748
426855
372083
372902
381798
449519
381314
371736
371731
372740
371271
377192
371504
371202
372840
372494
371757
371659
370785
372055
372862
373314
371771
371588
371850
371283
373759
372931
372964
372369
373315
372066
372458
373212
372268
373270
373769
373520
372656
372720
373392
372133
379050
373283
372178
373838
375546
441631
374231
372388
372228
373564
429526
373158
373322
373485
372965
380727
373619
371772
373398
372989
384952
372102
373046
373822
372382
379670
372299
465012
373483
372177
378400
373575
372092
489805
376396
406702
372755
372137
372035
372898
490289
374107
373381
373739
372819
401180
373082
372119
372515
372460
403523
373427
371398
371322
371292
379862
371628
372316
373042
370932
413819
373450
373073
372185
372112
372742
371798
371244
372381
377581
373155
371745
373469
371934
373165
372290
373581
372989
374146
372620
372745
374092
372365
372205
373349
424511
373031
373352
373700
372877
459454
373409
373440
373272
373511
372907
374417
371927
373142
372671
372080
381250
372479
372082
373276
373502
380160
371655
373304
371643
372458
506636
373326
372670
373455
372165
379239
373932
372640
373608
372539
379367
373463
373304
372899
371987
373652
372189
372028
373412
373159
373356
374354
372703
373594
373111
372278
373572
372449
371440
371931
373322
372035
372457
371555
371715
371422
373642
371338
371909
371922
371423
377282
371809
378611
372991
372785
385850
372807
373203
372683
373178
415930
374118
373650
374228
373241
379217
372500
372247
372125
372552
385889
372270
373002
457984
408064
381008
373286
372365
372300
373367
378585
374321
371860
372405
373972
375601
374090
373365
373586
373215
374081
373195
407030
435886
411632
451682
375632
372511
372318
371955
384040
373889
372438
374121
373075
397557
372572
372073
372290
372056
432973
373441
373972
373594
373561
400388
373211
374123
373641
371906
414485
560332
553709
562197
539609
529351
537997
602398
570931
523663
644767
578433
517147
534403
543524
537425
537314
547810
535970
538321
521625
543045
522930
525508
625173
542548
528445
543510
603972
519249
529689
525111
526521
530314
550306
535710
527326
523493
518691
551261
519323
515558
519033
517719
524447
524265
580600
580037
574744
612817
756629
710795
660560
634686
629322
613314
427607
416864
415181
457987
414623
412292
414486
418687
409397
411143
411821
411741
428046
413097
410376
409680
414034
412289
409457
408425
409876
413152
412537
408688
409118
414105
427087
410333
413805
408739
408454
411479
424674
417155
409621
450255
412929
411806
431643
416294
524766
505639
476019
466517
471525
472623
471904
423567
375860
373717
371729
371738
380248
497693
371700
371646
371404
372191
373674
383030
384683
373403
373161
373638
372096
371907
373171
374206
374384
373200
373451
373263
373403
372712
471250
373227
373794
373392
374953
374176
372753
373765
372871
380131
372250
372021
372505
373529
385902
373158
373143
373475
373322
378437
373126
374109
372546
373872
378864
372384
373837
372392
373130
424613
373618
373010
373394
373496
374000
372901
495480
372778
540435
463181
373405
372652
478347
372546
383310
372189
373502
376153
371960
397500
372954
373100
371319
371052
436307
372991
372749
371820
372145
386558
372265
371374
372551
471865
379427
372120
372126
372577
371848
377111
371913
372499
372428
373432
373211
373586
372600
373202
372278
373018
373942
373115
373679
373619
373373
371343
373553
373348
372321
372359
371760
373348
372426
373067
372356
372420
373481
372215
372039
372780
372599
372129
372717
371803
373291
437218
372644
373542
373742
372108
373605
372602
372359
372746
372137
378594
373514
372923
372844
372597
384892
373406
371656
372261
373268
379182
373576
477849
372348
373475
417799
374316
373083
373082
373361
372947
372124
372685
371385
372760
372560
372961
373535
373461
373366
371600
372065
371791
473244
372846
371766
372403
371601
372423
371489
416544
372824
372526
371921
371474
371664
373422
372115
373333
372298
374731
374052
373499
461356
571924
373875
373932
373715
372304
373355
374362
373164
372224
371830
373885
376548
417843
382066
380763
372695
372758
372117
372914
374103
375345
378269
372948
372540
373344
373940
372520
372825
373024
372618
372674
373164
373404
373170
373312
373031
373388
375488
383674
372197
373197
373420
477647
373964
373597
372316
372595
374024
372259
373045
373588
373333
380944
372641
372598
374380
371300
386222
372508
372401
371135
372640
421292
478304
371767
372742
373284
380417
372484
371285
372564
371790
384604
373381
373044
372448
372080
372124
372221
372796
371767
372720
372264
400800
373072
372040
372082
374442
374242
373505
373556
373332
374123
371755
372956
372241
374071
376445
373621
372037
372961
373738
371809
381046
373874
372816
372714
373495
372103
373448
373177
372030
373875
417357
373108
373463
373429
373137
386556
372670
372860
372519
371661
380269
372170
454549
376871
530860
372608
373307
372191
373018
371769
385370
373481
372370
373102
372325
436840
373733
373436
371805
373090
396808
373588
373158
373657
372114
402762
371457
371643
371562
371551
378744
372630
371334
372653
371512
379279
372960
371679
372402
371783
373591
373485
373067
371614
372001
375682
373451
371475
374122
372314
373700
371910
373877
373592
373378
374295
372604
372107
372225
373023
377841
373736
371886
371571
373756
373404
373804
481027
373741
372298
384431
374096
373837
372033
373590
372153
380388
372020
373088
372261
372970
381157
373792
373540
372256
372493
386892
372094
471755
372846
372223
422608
373136
372900
372614
371958
379258
373870
372927
371935
372420
372472
372518
372207
373623
373151
372996
373299
373312
373105
372280
373101
372778
371176
371201
372774
372494
373256
373238
371537
372429
373914
373366
372720
372756
372840
371486
373063
372941
372836
469625
373099
393721
374169
372315
373200
380044
372878
373587
449524
373820
380125
374341
373533
372182
373308
392214
374135
373684
373705
373267
376968
378412
373224
373057
373001
373245
372083
373391
373131
373504
373375
385317
372603
372359
372054
372085
428576
373243
372181
372321
373006
379683
372855
373449
373663
372924
385526
373759
373533
372945
372779
380563
371810
372539
373265
372310
373487
372682
373224
373604
373014
374904
374546
377706
372234
372097
372795
373872
373801
373090
372462
371982
373156
371807
372749
371568
371586
372590
372511
372458
371577
373166
373435
372537
432732
371346
373461
417281
373435
372957
371945
372251
385788
372857
373602
374215
373709
379124
373041
373424
371842
371930
379308
373376
372045
373000
373450
385943
373624
373312
372365
373428
374057
373804
373394
373273
373324
373789
372333
373410
373355
372019
373423
373537
372847
372242
377153
373094
372367
373101
373213
449847
374173
374690
491514
372674
372863
439106
373739
373071
374071
373378
389541
372542
371251
372265
372475
483252
372154
372723
372001
372027
389606
373886
373536
373492
372830
372964
372070
371606
372901
372710
373950
373730
371178
371220
373422
373047
470295
372833
372983
372658
372825
372144
371710
373035
372642
378732
371502
372818
373041
371805
372112
404475
373402
373576
374008
373181
421531
373639
372039
372909
371953
378183
373303
373315
371904
373635
385443
373513
373808
373757
372816
380938
372067
371793
373553
373552
378033
372874
372594
376368
372006
372979
373913
373222
372138
372118
