1073744
1062260
1046326
512187
415454
416794
423492
432963
484037
1086700
589246
517833
453460
436711
417486
415888
415376
416806
414620
448601
540079
459651
456320
457329
416063
417395
414891
427577
856348
858558
610793
455125
454192
454601
458293
416716
513403
415723
436258
416280
416063
415284
415988
430332
416001
416579
416944
414970
423219
416664
415219
416454
416560
417131
415664
501630
416972
440125
417046
479240
543797
526240
499532
416188
416649
429502
416642
415282
417033
415090
432729
415589
416330
462352
438448
415550
414524
414312
416229
437225
414953
414299
416470
415817
415525
414765
416233
416318
415204
417318
414110
416221
450426
428965
414814
416667
414787
414286
416744
414402
415487
415555
428694
417667
417768
414826
415346
416690
416857
415632
417286
416557
500277
415704
415159
415755
423545
417075
415423
415243
416628
417219
415359
415571
415757
430056
417241
417208
415413
414679
417367
502945
415440
415696
417714
415342
416540
417253
415271
421650
416888
416246
416968
415211
416296
415572
415226
416738
436363
415140
496552
417452
421854
416912
415222
415505
417323
418111
415461
415241
415023
414938
429505
416237
416249
416531
418068
415284
414737
415656
416533
479153
416930
416054
416767
431189
438563
417253
416462
415929
438463
415019
416490
415893
428930
429856
414199
416959
499144
446144
416001
416947
415923
437924
415779
415719
416007
415454
422213
415767
415557
415160
417302
416410
416925
415239
415589
417102
418113
415393
415841
415389
422610
416354
415323
415861
425488
415578
415782
414940
415269
424167
416712
416888
415758
415947
417427
415492
415305
417171
414906
415256
415148
415443
432397
423246
416698
416353
415291
417738
415543
415491
415698
416292
428641
422025
414697
416415
416475
414903
415932
416239
415317
420174
416702
414576
415270
414301
427836
415678
416549
416637
420538
416206
459437
416899
416052
422375
416556
416450
414151
417042
416639
413820
414803
414916
420465
415858
415724
415338
417209
423934
416155
415642
462240
415726
415634
415515
415955
414404
422490
415184
416688
476012
453534
417519
417652
417010
415210
453320
416523
417167
415092
421026
417814
415508
416897
415116
449131
417356
415548
415742
416928
415994
416164
416781
415651
421458
415512
415169
415620
415760
532177
416076
416758
415346
417496
415285
417358
417857
415105
440945
417395
416931
415328
416835
415808
416729
415702
416990
442788
500886
414817
417269
416970
415099
416658
414404
413891
416282
414615
415532
415222
432710
446089
416330
416235
414250
415388
449489
501576
418401
416249
421791
416559
417210
414678
418095
417683
415225
417019
417315
422886
416105
416715
416612
415764
422650
414986
499260
437538
497079
415559
415409
415476
423997
416345
415909
417435
417518
415243
416820
500278
416091
416196
416421
551085
417374
423730
480553
417302
416575
414915
421116
415697
414754
416997
417160
427398
418688
414567
427793
505707
417904
415170
417104
458268
444295
416323
415562
416649
436230
416426
414908
417600
417175
415872
417083
421847
419643
414885
423338
415906
414792
415882
456172
416020
416986
415594
415295
469211
415279
415404
418003
433773
417716
414558
415497
416352
669520
1495424
973761
417477
415832
441965
416430
415531
417569
427564
415711
417192
415111
415216
417434
415693
415283
415283
415514
421115
460362
417036
416319
415779
417905
416821
415535
414999
422594
416347
416861
414852
421210
417100
415888
415364
415140
417097
417095
416693
499110
426111
417662
415550
417059
415621
416655
417454
415662
416508
415542
445404
415598
416581
417207
422151
417497
415590
415154
502010
440986
415492
415144
415507
428046
416551
417253
416504
417024
423257
416016
415983
414764
416079
417400
414645
427868
417425
503320
449160
498753
520720
418118
415070
416200
414826
414583
446902
415323
415016
416816
420492
415421
416299
415352
417130
440744
417495
416650
415361
424089
415498
415509
415474
417418
417103
415702
417325
417105
415773
422947
416838
416478
416094
416750
461601
415930
415380
416345
431456
417686
414924
416046
422657
414953
415236
414950
415329
419053
417720
415289
415709
414808
417693
415572
424089
415497
415638
416685
415252
417448
416584
421943
415939
415518
417041
415735
416554
416554
416105
415206
431453
415448
415574
502604
415899
416199
415024
416653
414657
414237
415428
414534
416147
414750
420864
415034
415058
414885
415002
414744
415500
415318
459011
484162
416444
414598
416432
415742
414899
415616
415899
414452
415404
415184
417016
417233
415286
429603
416940
476320
417529
479939
476519
491953
417665
417322
416719
416548
414852
415584
453116
414864
416987
417916
422870
417097
416764
416747
415739
484731
416959
415278
415721
428709
416095
415793
416533
415362
425621
416678
416917
415063
416218
418592
415627
416017
415200
417023
414847
427746
417048
415263
423146
417083
414421
415377
414638
415756
416487
416679
416754
437765
415162
416058
417426
415199
414955
415251
499872
414389
414752
414478
414771
414944
414757
427703
415134
416476
415957
415944
415107
414054
414540
416155
427894
416051
455105
499924
419324
415285
416145
416277
415519
416679
415517
416682
414915
416366
421460
416557
415725
416950
417399
417865
415738
415361
415744
439918
415450
414905
415915
419875
416903
417541
416952
415512
426505
415564
417340
417282
416617
417568
415100
414907
415581
418051
415279
471657
417064
429732
417713
416722
414225
416670
437705
415904
416824
415021
414536
422961
415811
414736
415492
417142
501651
416848
417481
414937
423315
414833
415278
416954
422242
417012
415513
416370
416143
431493
414763
444895
415092
415845
415384
415960
416425
415545
422238
414598
416245
415656
414564
415370
414622
414861
415776
419708
414489
415880
414534
416638
422754
416494
415244
415550
415883
417624
415675
416846
417081
420701
415069
415171
417080
417316
416987
415011
415130
416913
419239
417187
415032
462129
415367
422314
415650
415252
415668
415539
415915
415906
414864
416664
428509
414982
415217
416744
416885
416505
416668
417129
415884
422665
416410
415204
416485
415195
429318
415661
416558
417430
416793
416802
416448
414907
414564
421394
415909
414890
415633
428383
505209
416745
416968
413837
431018
462834
538234
453070
456163
415122
415743
416420
414231
452757
414989
416115
416340
415967
416669
416072
416546
416072
442648
416248
414323
416388
421264
416331
415897
416440
415152
422129
415429
415472
416236
415603
416159
461366
415242
416174
415618
415147
414507
416955
415955
421531
416326
416759
414845
429776
415468
414868
415276
416577
426991
415581
416062
423128
421502
416892
415230
417675
416991
414560
417289
417079
416746
417128
428947
415101
415780
415098
422051
415964
415264
416723
504025
423255
417156
415526
417132
417762
415664
415078
416380
415260
415693
416352
414750
417619
416497
421984
414665
414052
416215
505830
414713
415262
416148
415996
422503
414570
414470
414810
422431
414570
415997
414707
415255
416795
416852
415329
414983
414624
422740
416474
415025
416462
421107
418134
415830
415164
415202
429133
415730
415293
507267
527559
544012
532662
494267
446840
462652
413789
412568
417176
412387
413730
413384
411744
424422
413725
411737
412326
411940
412076
412548
411699
414448
413238
413425
412890
412600
414077
420111
412068
414226
414450
414755
412840
414606
411726
413721
412862
413053
412124
412777
412406
419024
412005
412210
419188
412571
414399
414348
414241
411577
424278
413918
413215
413515
411609
411804
412948
411456
411283
414564
413944
411349
412359
499137
441381
414216
413723
412843
418918
413287
412117
413062
413274
413638
413258
413012
411628
412488
441479
412812
411561
413516
413909
413283
412120
413727
413525
419214
411261
413097
411552
425108
416334
411927
412054
413438
413282
412082
413129
412246
412605
420726
413549
414004
412676
417581
413908
411989
412806
412881
420548
413891
489178
414201
417408
412864
413764
414445
414162
447003
412738
414505
413286
423168
411655
413349
412554
411608
412850
413778
411769
412415
410998
424927
413400
414159
412675
412746
413301
415742
412005
413859
418853
410662
413354
411583
413845
413000
411528
413921
411134
411952
410855
413117
412069
411172
419352
413573
412653
499738
424829
412403
411104
410834
412128
409912
411406
411654
412049
413074
419082
411583
411139
413255
429132
412256
412726
411340
412247
418061
411088
411819
412841
411470
414117
414364
411855
412801
412704
411319
411795
411851
412230
417035
412369
411583
412715
412483
418722
410992
412485
411684
412874
412842
411564
411251
412657
417716
412704
413207
412897
412357
412218
412476
412750
411412
445343
503625
411538
413099
412906
436188
413175
412672
412613
411857
412944
413608
413801
553694
443784
411420
411728
410760
418326
411520
496217
412484
412357
434125
413130
410875
410902
414573
413726
411183
413653
412456
410386
411141
412905
411331
413164
417209
410938
412180
411374
413167
412196
411518
410841
413169
416255
411520
412636
412467
411779
437395
412940
411758
411207
413177
411848
413608
452291
413841
419430
411595
413704
412396
411208
413403
412402
413800
412245
413461
412516
412026
413779
411292
437049
413168
414056
412908
505553
412418
413464
412669
411734
413582
411874
411456
411422
411292
417822
411613
412295
413920
422690
413270
410922
410815
412890
470079
413359
412082
414208
413173
412409
411922
410222
412236
411796
412333
412672
410268
410274
425281
411970
412433
410745
412927
459517
411508
410864
412713
410927
412717
412479
411884
411111
423857
410877
412524
412655
425671
412892
411631
412734
411028
419494
411353
612311
450358
411816
413028
411408
411007
411392
446409
413351
410796
413932
426680
413264
411516
411373
410907
411435
413293
412353
422158
411319
411210
412502
411491
412438
413092
412484
411121
411480
412009
437487
413003
412181
412811
412374
412491
412085
412168
497945
413133
412952
412657
412025
410976
425124
411596
412524
412140
417753
411405
411353
411039
409803
414149
412692
412074
411007
411211
423299
412210
410540
410280
410998
410422
411815
412291
410588
416156
410680
410346
410458
410134
421537
411495
411683
410344
414203
457220
412167
410147
411299
418490
411238
411779
410542
412423
412820
412981
411496
412218
411752
411432
413432
412589
411734
417332
483763
411585
412032
434135
411343
412253
411750
411099
411514
413088
411605
412310
411766
416014
412455
411285
475290
412042
488338
441458
410972
413292
418099
412730
411292
412577
412956
410949
411948
411050
412727
438912
411395
412583
411136
425430
411328
413100
413341
413722
410927
411249
411767
412841
411631
423774
414635
412357
410793
434026
411774
412680
412686
411959
416040
412419
411906
411044
412989
422408
410853
411926
411103
410277
410988
412284
410390
412464
416566
410771
410860
410431
412069
440615
413449
411249
411506
435499
412540
411034
411671
412209
425340
412883
413015
410769
412853
411781
410889
412621
410959
411305
411033
411267
411487
411933
496859
411239
411385
411211
411274
411212
411173
412971
411380
412859
411146
411209
412403
411372
418585
412958
410821
410915
411487
412613
442007
412796
410618
412934
413190
411787
413113
410640
418390
412606
413452
412921
422280
411792
411110
413538
412471
412993
414123
411831
410572
410582
416816
409812
410150
410938
415757
411197
442698
493816
454085
579120
498052
514995
516441
508890
450849
440892
413899
419304
412850
410878
412471
411686
412914
413606
411389
411504
436542
412482
411309
410828
414536
414498
411044
413666
410768
418922
411100
413019
411156
412932
419127
412496
412501
412565
412091
413113
411606
410823
410767
422700
411751
411753
410496
411365
417708
444927
412711
412760
412694
412245
413752
410935
411120
442373
413692
411580
411652
422299
412567
412164
412680
412603
413303
499675
412639
412627
411191
422482
413342
411004
411119
412559
411917
411153
411773
410655
426057
412510
410221
412438
411039
412266
411679
410827
409937
412027
411666
410336
411493
411274
422907
412595
412823
410374
416798
410918
410450
412243
412276
411158
410335
455451
412593
486983
413290
466089
477871
449004
433602
412573
413438
412946
428174
411536
410587
413617
413897
427073
411704
410759
412822
412614
417440
412538
411035
412327
410974
412875
411603
413064
410939
471607
411001
410520
412755
419370
412356
411518
412142
460470
417883
412718
412460
412144
412137
425188
411294
411130
411508
412497
413103
410904
413266
410967
423504
411222
411584
412424
411603
509981
412095
411400
411773
413347
411863
412478
411423
410874
418553
410762
413831
411288
413488
411383
410433
411809
411203
411215
411734
412343
411764
411958
417160
412575
412125
410899
411657
410679
411731
411355
411575
417680
412135
412134
413319
411324
425440
419719
461308
411680
413578
412057
412717
411071
411389
419545
411052
411987
411232
412525
412516
412538
414306
411356
412601
411240
412546
417099
411232
414182
411399
412661
412332
414549
537807
411509
412003
413134
422146
411395
413092
412970
412839
411420
411822
413457
412493
434041
412802
411209
411445
440531
412112
411513
411639
411667
421111
412607
413123
412964
411820
417604
411915
410979
411838
498320
411305
413380
413350
411230
416686
410824
410424
410840
410676
413022
410542
411787
413068
412919
412505
410843
425330
412327
418474
412768
412843
413653
411213
411308
411549
412902
412268
423559
413690
412458
413637
412300
434281
411202
412408
410876
421204
426087
412540
411967
411641
425368
410826
412538
410437
412835
410980
411271
411912
412235
412270
412761
411497
410586
412810
423686
410821
495955
412485
427219
413232
411406
412735
412678
411670
411935
412859
411526
411398
425647
412392
411320
411043
416551
410933
412459
413188
411984
417879
411110
411109
411774
412274
447456
413795
464315
457616
426826
412772
432735
411458
411653
424851
412243
412139
410417
411321
410216
410754
410678
410405
439951
411931
411686
410985
417455
411229
412198
410541
411870
411146
413341
411244
410818
446106
413434
411489
411334
412976
411477
411938
411347
411779
412577
422668
412569
412481
411833
413096
425321
413095
411636
412655
412233
495406
411459
411300
412545
424849
410964
411052
411784
413325
411651
412744
412951
412425
412502
411165
411328
411454
410665
481456
448359
411460
412682
411873
411371
411321
412986
411609
417491
412415
413569
412360
411301
411956
412226
411472
411736
412748
411503
458315
412646
412133
436054
414188
412887
412147
423074
413566
410323
411273
412562
412052
410662
410853
410543
410893
418755
410469
411869
500379
421901
412683
412232
410746
412493
410506
410276
411535
470468
411364
450868
547905
519730
411830
441248
413607
412435
411924
436446
414104
412722
411276
411619
417854
412819
413603
413063
411396
449519
411408
413468
412346
411498
411692
411453
411792
412986
502401
412008
411614
412908
412782
412761
412954
410959
412159
412337
411939
412724
412960
412507
435434
411013
411238
412853
423364
411707
412065
412139
412736
410959
411622
413009
412528
412839
417525
412784
411307
413226
424511
412508
411093
412305
411719
416410
454313
410747
411114
412185
413059
411206
410943
411830
412248
410303
412101
412743
412511
416903
410597
411218
410426
410852
411939
411084
495369
411107
412911
413059
413101
411433
411038
419092
411138
412436
412617
417725
413856
413211
412376
411228
411000
411653
411436
411217
414087
418266
411997
411046
412024
426292
412506
412375
412927
410971
422452
411634
412451
413886
412378
411771
411022
412920
412901
415403
411459
413440
414011
413494
564454
551997
452950
462207
577517
486420
413286
411705
434938
410759
413311
412552
449430
412652
412920
411119
412683
428891
411686
412070
410783
411581
429503
411984
410826
412379
414048
411416
410299
412110
412114
418266
497061
429912
412666
423039
411113
411379
411007
410785
411220
410557
411458
411602
411509
435260
414430
412248
413798
415291
411721
490285
413107
412882
427155
411973
412925
411736
417525
413810
413186
411682
411053
411343
411329
412503
411235
411390
423734
411555
414354
411338
421931
476976
492062
412888
411770
422511
412198
411631
412103
412980
412986
411222
411828
411215
549088
412021
414784
411460
411616
412407
411242
413719
411237
412936
412960
413697
411072
411578
418274
411586
413212
411044
474006
413032
522719
468025
412111
441602
411490
410848
412280
419347
411375
411331
410611
411148
444535
432056
411181
410877
421612
412943
410605
410806
413134
416550
411577
411595
412575
412484
418211
412649
417349
411815
412558
411910
412529
411284
411719
428410
415851
420264
412643
412328
410995
421526
412651
411755
412544
412901
411933
411337
411376
419018
412120
412950
411312
413286
412635
411172
413776
414327
412809
411491
496046
412834
412365
413275
412270
412467
412637
410570
411250
412423
412613
411431
423987
414177
411192
411308
412796
412262
441991
413245
412396
412214
414981
412260
413320
411600
426735
411355
412895
412021
416327
412336
410134
412597
410138
411809
410859
512433
416605
414888
410676
412631
411096
411101
410412
413615
412207
411353
411173
417128
410160
412777
410963
423763
412755
465951
476813
454976
435878
411012
413337
412085
430058
413203
411018
412048
411754
428619
412473
413209
411234
411052
439160
411811
413000
411080
412981
498227
412856
411675
413183
425223
413360
412018
411499
411613
413182
411050
413044
412650
412950
411665
411385
412647
412975
424201
412081
413158
411397
412889
412895
412660
413473
412949
418090
411021
413256
411222
412866
445440
412480
413258
411499
416167
413505
418053
411416
414067
417464
410333
411067
410362
422772
413227
411880
412693
411873
410498
411268
411069
411069
412172
417747
411893
411191
500405
418621
411162
412532
411878
410553
418182
411622
411626
411125
413410
418609
412061
412725
411538
411219
414219
413757
412072
448859
417226
411550
414204
413801
411151
423531
411940
413324
411363
411524
412293
412749
411205
411615
418569
412510
413068
412436
421062
429350
527613
411561
411621
441493
413490
411165
413323
425697
412646
414507
411410
411768
412867
411612
411724
412345
411353
450621
413771
411381
411987
412786
412544
410819
413244
411153
418489
413228
413044
411486
414079
417730
414063
412905
412049
410625
411101
420410
411203
412540
418363
410746
412355
410746
411994
412067
413015
410813
412078
418439
410533
410417
413676
411977
436149
410374
489572
412282
413235
412665
411742
413233
411640
418373
413355
413667
413339
414295
411444
411657
411695
411353
413258
412483
410694
411834
411481
437169
413282
412040
412878
419363
410927
412236
413043
412183
412878
413277
411134
411697
413252
422989
412123
413116
412465
419614
411872
411704
413289
411799
433976
413283
412540
411930
412378
411651
413363
412180
410724
412846
413614
411467
410801
411929
513335
413752
412817
475960
497475
411865
412484
411170
413233
444736
412274
411527
412447
432496
412108
410887
411768
411228
412867
500219
411727
411033
411788
423268
412353
410841
411114
412255
411637
412298
411764
411151
431218
411855
411583
411488
412925
411733
411527
412573
412768
414190
411671
413272
412110
411718
417907
413935
494581
414410
414189
412049
412677
428811
412296
478273
412137
413549
410957
418106
412580
412924
411372
412801
411052
412938
412629
411400
411111
425650
412289
412802
412589
418122
412111
412111
412859
496690
427141
412696
412705
410840
410981
412543
413335
411064
411427
412132
410884
412363
411321
410901
417948
410814
411915
412795
486526
410876
410674
410708
410309
411742
411934
411112
411345
410669
628595
412406
412527
410667
482183
412358
411857
412989
410562
498762
411941
410755
412534
411419
463186
413665
411813
412156
436005
412878
411628
412593
413226
414127
411430
417304
575095
533472
512479
512584
454566
560232
503626
467393
486313
432313
410810
412903
412811
417692
412987
412905
411577
413024
435028
410960
495859
445945
432481
413281
412744
411616
411541
412781
410987
411595
413379
502996
418156
412577
411881
411250
414112
413393
412689
497288
411637
434034
411809
411026
412616
415252
411379
412943
411932
411717
427933
413522
411941
410564
411190
439574
411330
410817
412119
412614
413019
410709
411195
411800
416927
413191
410485
414014
411958
411524
410656
412138
412785
410020
410723
411686
411932
454342
421204
413975
412220
410886
416737
412657
411478
414434
413151
414316
410540
411957
412883
411759
418097
410594
411902
412834
410842
498105
410500
410917
412166
423693
411726
410778
413304
481708
428589
412434
411769
433516
531523
466945
571607
412795
434619
413193
411771
413553
424550
412670
413207
411665
413259
413167
411404
412308
413447
411433
447378
411945
412024
411866
418439
411321
456385
411259
412890
418141
413909
415406
412294
424322
412939
411578
411063
410921
411308
411059
410417
411376
413161
460233
411339
410671
499119
416008
411801
410841
412802
412167
412007
411238
411332
410299
412005
417804
412714
412074
412446
414259
412065
414312
424977
496583
464831
411869
413409
411898
418773
411684
411011
411315
418551
411564
412287
413623
413113
412677
417645
410852
411150
412909
411427
413094
413777
412650
411360
465543
412047
413864
412255
413327
411299
411865
414107
412754
411966
410755
412720
411807
412520
496681
411864
411827
412894
417030
412711
411048
413376
411189
412709
413503
471150
411630
411906
413102
516030
541802
413727
435015
411748
411687
411493
422774
410950
412046
411861
411943
429345
412770
410698
412310
412352
429404
411473
411070
412562
424689
412451
457254
411357
410913
424509
410983
411354
413824
418453
411567
413728
411523
411377
412208
411985
413965
411563
414468
468189
413987
412838
422373
411088
414288
412844
413177
410938
418538
412798
412712
411465
412015
412810
411695
412676
410975
411104
411836
413011
412552
493053
465627
412595
412356
411616
412777
411571
412141
413159
412507
418835
411823
413064
411777
412075
411831
412071
411546
411496
413572
411973
412184
411290
412520
459757
413214
414266
411547
412507
412867
417235
411805
410987
411044
411358
410221
410621
409911
487678
411881
412256
410337
410813
412034
412628
412380
411681
459606
410839
412944
410855
410470
463908
412987
411713
417774
465762
473205
413077
413047
411925
412136
411542
410929
411948
434319
411118
411718
411889
428694
412159
411762
411744
413309
425682
413396
460954
413732
411456
412999
413180
412281
413008
412746
413266
413280
413605
412529
425064
412995
411430
413515
454733
411837
411168
412270
500014
418669
412150
413307
411387
411864
424672
411272
410980
411977
412318
413074
413270
411828
412304
417093
411336
417893
411505
484710
414654
414990
411879
411434
410337
410573
412129
412653
410630
418281
413868
413448
411685
424663
411064
410987
412232
411629
412682
411113
412835
411435
411933
460731
413386
413379
410998
411409
414640
413364
413213
413596
418563
413011
412557
411985
411901
411661
420956
413362
411666
411325
413938
411882
411879
411418
458569
413741
412769
411966
418764
411955
412293
466074
412983
411153
413185
500239
413247
458103
468171
544437
483053
453876
412374
412113
412799
411675
415204
411695
412676
411201
411403
434958
411576
415479
413179
417080
411515
412131
411128
412689
425160
412809
411500
411450
413367
411967
413389
412760
412432
411626
412457
412426
410895
419954
424634
412166
411187
411755
418064
412159
412429
411979
411104
410483
412040
413213
410916
409957
423122
412496
412451
412320
491232
412917
410687
412458
411252
417755
411479
411802
414003
413095
412466
411896
412891
413336
410842
411909
412848
410788
411584
432862
410584
411607
412736
416946
412364
411436
411105
412967
417374
411053
412037
413305
411378
418160
412648
412591
411765
411693
455662
412420
414168
411115
420055
412997
411618
410830
413335
415139
410786
413235
413667
414368
411229
411387
413110
411483
418470
474324
498300
413101
411410
413784
412723
413079
413557
423324
413365
412292
410646
410822
414819
502475
557003
488288
417986
412751
417576
411436
533803
507018
451002
474244
512491
515984
412876
412792
421950
412920
412694
412006
411611
486104
413119
411744
413128
412445
411469
413133
411351
413629
434101
411035
411881
412948
430661
413226
411471
412097
412857
414182
411790
411553
411080
453105
419109
412633
411057
411641
412912
412618
412549
414061
411418
418252
414258
411698
412492
418438
411786
411858
412471
413653
412912
499119
411167
413167
411736
460553
411583
411347
412754
412550
411768
412465
411847
411967
424764
412820
411622
411719
411115
412831
489368
412572
411437
410421
411655
412372
411743
412501
464842
410806
411624
412571
413651
410695
412511
410458
412372
413013
413635
414766
412976
472240
411868
462755
466504
411383
427990
411686
412301
412686
410783
414756
414044
413420
411804
411457
411832
411928
414437
411131
434105
411785
410613
411091
413390
411232
411907
412644
419697
412920
412803
413047
413053
412600
464245
414073
411841
454171
412891
411680
411653
411269
411683
424090
412105
414051
412910
412728
412743
412571
411953
411415
411462
414008
410967
441445
411320
514004
410931
411773
413025
416671
412970
412811
412762
411791
412862
411382
412402
414708
413111
424957
411356
412046
412403
410671
410462
411018
410392
412926
455356
411425
412092
410904
412248
411232
412368
410647
410399
411624
410584
409954
412422
410523
416507
458585
412790
411829
425676
413530
411382
413828
413474
413061
411668
412659
411782
410972
417195
410983
411602
411126
422814
412107
411300
503141
412421
416564
412745
410878
410166
412361
412795
410811
412866
412481
412523
412964
462001
517411
416200
411613
411515
454890
413598
441323
411151
412998
411079
414047
411684
413899
411068
412309
412962
411667
411737
413892
410734
467540
413183
412536
414050
498029
413304
413030
411874
412835
417833
413057
412041
411159
410967
411610
411915
410904
410330
410453
412807
411757
412076
410647
534779
412648
412713
410884
411783
410437
412097
410697
411928
410402
411075
410671
412183
412092
418064
412159
412387
411633
412121
460977
414160
412740
413891
460905
411535
413330
413288
411719
412959
412364
410909
412762
410894
410981
414358
411784
412770
422535
412544
502155
413279
417960
412723
411851
411343
411540
413660
411653
412845
411557
411885
426203
412872
411294
427897
419688
411491
410992
492042
411391
419143
413408
413096
411374
412881
470459
411750
411939
411446
522734
518112
472455
414785
413922
412269
411577
411012
420902
449501
412784
412352
411203
425508
412431
410236
410895
410939
411307
411360
413291
412239
410824
466274
412132
411310
410644
494938
411073
410641
410637
410843
416658
412981
411985
411309
413328
411415
413040
412758
413207
413727
410993
411558
411409
412563
465942
411188
413804
412266
412707
412932
411054
411419
413492
418644
411365
411310
410802
412458
425866
411792
412681
412224
412933
454285
411371
411086
412981
459441
412996
411415
412628
412265
412692
412454
411373
412470
410824
412252
412489
413052
413073
418844
412623
499696
410674
411472
412791
412679
412901
411156
465846
413027
414733
413333
410757
410884
412858
411979
411375
412218
411492
410647
488272
412176
423636
412383
412110
411121
413825
412716
410424
459723
410927
411195
412972
495372
476162
563872
413674
413959
414584
497479
444086
411490
411821
411419
416252
414592
411227
411037
412893
433848
413195
411519
414105
411289
420615
412858
412009
411780
501016
413135
411068
412910
411319
424027
410735
411486
412556
417113
411118
413475
413886
411097
412893
413172
411225
411850
411712
468477
411803
412280
412148
411035
411317
412455
411439
411495
418830
411506
411776
412775
411466
412528
411714
411007
413038
412144
413545
412734
411694
411777
461381
412540
413314
410971
583940
413093
411457
410301
412483
420537
413633
412907
410843
410515
412725
455567
411570
411013
424386
414046
411235
410548
412326
412496
411318
411243
412570
411904
413053
410715
412719
410696
425741
411685
412057
496893
418318
413319
413837
414642
411400
411719
411841
412006
411523
413365
423805
411646
413392
411580
412933
472631
412596
411524
413484
459428
413072
411660
412730
432020
413841
463710
541937
504791
509577
503251
506145
492631
487261
470775
449381
477388
413877
411677
411347
412115
411425
411132
413489
413106
410988
441226
412315
411774
411925
416513
411677
415540
410792
409709
412672
498445
412894
410601
412795
413542
411545
412234
411765
412538
411900
412198
410953
411870
418446
410566
412699
410864
411491
412472
412549
412851
410977
410939
412429
411673
413298
413049
418763
412250
412858
411303
416428
411330
411423
411213
411666
410640
414297
424480
411793
411747
418257
413335
410457
411990
435822
413216
411732
412695
412033
436192
411918
411556
411868
414188
412365
414048
411295
495125
411692
411496
412949
412615
412968
425777
412849
412983
411943
418191
411371
412558
411754
411536
412903
411124
411292
493128
510658
521674
413214
413084
411613
453253
449676
450396
451315
443651
411209
413271
411463
411003
482798
410952
412034
411225
429059
411715
411087
412717
410447
417586
412867
411860
411917
411332
411447
412521
410377
410828
411440
411150
410819
435476
411983
466886
417899
412966
412865
411079
413439
412512
411984
412464
418599
412553
411492
411238
417613
413699
411176
414126
412010
412466
412969
498173
412918
411535
459047
412463
411799
413281
411362
411355
412855
412880
411676
423521
414884
411410
411627
412794
418603
411855
414063
411420
412341
414366
411609
411316
412981
463671
412861
413066
412730
413826
414320
412679
412720
413937
411126
411637
413569
454094
412339
424829
410954
411101
411942
417157
413415
410866
412118
412080
411295
411923
413571
410557
411381
424270
447419
470987
411501
498321
460009
468502
449709
415126
412078
410783
412165
413315
431378
413683
411624
413745
411647
421436
412503
411662
412360
438451
413845
413841
411448
410608
426263
412952
411109
412868
415878
411679
411340
413466
412488
412839
412898
411497
431110
413397
469538
499021
412795
412871
413657
412163
411674
411766
413112
418330
412694
412222
412986
412848
412430
411879
413552
411199
412765
411572
411972
412815
411692
462332
411725
413237
411390
422198
412123
414770
411112
411709
411987
413329
411360
412155
412070
417472
410585
457051
412142
410910
411846
410893
410130
411832
459520
411241
411182
411959
410986
410998
412418
412037
410320
411226
410891
411599
412279
496144
417809
411183
411699
411205
412396
411638
411183
412465
411247
412334
411977
410715
411718
411580
417462
412904
414131
412842
420131
413030
411497
412048
467382
540507
416743
412074
412772
411165
411736
410691
413108
414021
480721
411556
411957
415166
411237
500791
412947
410970
413049
433863
411282
413723
410958
414195
411787
411722
412262
411886
412837
411047
413224
410534
413056
465600
486201
412859
413083
412788
411928
411933
412320
410780
422322
410454
411186
412706
413347
410190
410585
411834
410410
410682
410777
451849
412978
412905
483665
412284
412865
412572
419253
410656
412588
412410
410617
411174
411432
413670
412655
412374
424698
410873
411908
495122
413458
413696
411550
412986
411653
455529
412791
412866
410860
414970
414593
413722
412903
411490
412171
412508
413114
410944
491055
419012
413322
412210
411493
414245
411163
412429
412101
412766
412813
411113
412823
412347
413678
419836
412299
411753
411939
414077
412567
411991
413642
411961
417808
412535
435839
462356
469029
460835
530086
413395
418538
413523
412019
411964
415057
413173
495126
413796
498155
427960
411150
412453
410593
411264
425118
410969
410285
411694
411716
432884
410320
411581
409762
411203
412047
492661
412263
409843
423892
410158
410788
413932
420201
413491
414038
411972
413261
412864
411468
410813
412392
412928
424999
418191
454132
412145
463663
413216
412826
410890
412346
431681
412256
413904
414115
412706
424393
412156
412913
413198
411938
413308
412169
428478
442082
515338
451387
451545
437081
480468
413840
413795
412336
412831
416469
411935
412545
412209
413241
412726
411567
411655
417774
438931
414053
410979
411220
417339
410568
412465
413370
412554
480147
418413
410803
410825
433219
412392
410169
412472
410594
410591
412402
411433
411321
410256
439240
454465
412852
411854
414477
412437
410865
410891
411455
471282
410731
458147
467848
492414
526147
471237
481013
473951
419819
520758
468827
511706
456344
452337
411941
412744
437631
413213
411135
411239
413137
413286
457371
412464
412153
438921
411514
414293
413280
418218
412800
410994
411503
411433
411345
412384
412444
411011
411254
417902
412740
413614
412735
413773
412594
411835
413549
411477
423612
411401
412530
411147
413309
411768
411916
413271
413034
410674
411417
411325
412855
418038
423784
412886
416395
414833
415723
410990
410797
412404
410146
411672
412582
409837
410135
412281
424673
411698
412045
411716
497221
411065
409864
410560
411785
417741
411295
410858
410893
411112
463157
410720
411693
411147
412852
411752
411018
410952
411641
417522
413525
414235
411531
412386
421489
411604
412145
412804
411458
452205
468987
415330
440336
413685
412846
411564
412775
411802
413824
411013
411212
413655
460011
427619
428572
410512
412554
414032
411915
412604
414413
424902
411510
413126
414268
452894
412722
411377
431109
503799
420070
412558
411498
411430
412340
412923
438684
412969
414106
419991
411354
412592
412021
420044
411739
410793
413388
412575
411085
411416
410598
412019
411997
417459
415834
410709
411915
410559
410399
412133
410304
410531
410247
410780
412413
411409
415619
411639
412487
411878
412763
412069
412812
413071
411338
411897
425982
412933
413169
412414
411173
413239
411775
411138
412444
507513
411597
411165
413374
412811
424885
411647
411252
412693
457078
413573
412772
412466
411783
419420
411364
411481
412461
412886
426501
411903
411414
412991
411235
411548
411807
411291
411411
438765
411101
475539
410992
467921
411938
462556
501463
451037
525586
496298
410902
411266
411356
411925
411779
411846
411346
441593
412912
411635
411351
418705
410916
410807
410494
410476
456703
411062
484127
411990
424022
410758
413672
410843
410504
462769
412285
413909
410824
412109
417619
410934
412788
412188
413101
411367
411678
418196
412861
451730
411568
411685
412282
411338
413343
412992
412032
412229
411661
412915
412706
412919
412462
416849
413582
413506
410994
427764
411673
414214
412025
413230
411594
412952
412834
412261
411454
418618
410567
411047
413153
412831
414042
411689
412615
412883
513210
411697
412819
412557
410482
411918
414357
411824
413988
412220
411519
412776
413640
413040
423993
411364
412753
410860
412320
413435
412112
413413
410562
410499
410740
411641
411003
411702
423409
410909
410762
411710
509386
411705
411580
413283
425280
462154
553531
468290
450556
459178
412619
410591
410424
414121
412149
412095
412428
412008
412410
411442
411051
410666
411030
469350
412099
496983
411665
413169
411364
412659
412955
412531
418957
411427
413710
412518
413241
435000
412342
411628
413086
411066
413236
412242
412754
411738
458828
413963
413176
412755
411104
412799
412679
412878
412251
418487
413147
412452
412291
411041
418937
411315
411218
412983
417348
411344
413034
527929
414489
421301
414324
412319
411919
411497
413556
412011
418721
411562
424903
412683
412426
410751
497244
412337
410414
413497
411870
418135
411889
413530
411752
413798
417993
413521
411861
410359
411071
410339
412040
411991
412788
416333
461218
411322
412036
424511
411788
414253
466745
411929
411791
411651
414347
412546
412333
463361
413617
411720
414631
411729
411621
440966
411210
413473
416102
411731
412076
412119
412656
414279
411725
411074
413248
412766
411277
412072
412452
412721
490177
455398
542574
478511
434893
411425
411746
411510
419491
412698
413564
411576
422695
434382
527205
411612
412858
417409
414781
411540
443243
412554
450042
472873
412114
411944
419340
485768
411568
410026
418996
410995
410651
411575
411074
411859
412987
413416
410457
412855
435973
410267
410763
412599
414705
413430
411259
410390
410772
425749
412247
412343
412210
411828
411186
412050
412769
412156
455358
410855
412790
411592
412547
425205
413133
411567
411523
459708
412070
411966
411534
412837
418154
414623
411411
413003
412647
428589
502011
412420
412274
412982
413030
412587
413324
412801
433776
412116
413200
412269
477392
412236
413355
412973
413217
412811
413038
499067
464819
467657
468325
412871
411433
411275
448672
411292
412594
413253
415675
411818
413135
411099
413975
412587
414793
411363
498148
410988
411660
410556
413574
411914
410891
410735
412257
412170
411953
416167
410780
412128
410929
411972
413100
412245
411715
412763
411603
411650
410867
412540
410855
417741
410762
413079
411286
424511
414386
411866
413168
412568
413389
410963
412839
411525
416990
418055
410760
411129
413147
430839
413169
412691
413416
410752
419512
412198
411838
412782
416199
411067
411330
412051
413435
412343
419556
412167
412042
412984
418247
411245
412449
412959
418995
413535
413507
412383
412486
425798
411294
411666
413003
412472
419144
501293
411346
412534
412546
412492
411068
411986
411067
424083
412892
413779
411970
412393
411679
412086
413736
412106
411677
410964
412623
412504
413252
424048
469087
412443
411965
410805
412486
510951
483231
462303
412655
412228
413329
505349
413689
412008
412224
498947
411802
411169
410772
411384
411308
414114
412492
412911
413014
412198
425603
411491
412633
414372
419244
414008
411433
411303
411928
455842
413434
411304
413320
411674
418179
411684
411460
414082
413324
413731
414081
411338
412592
419104
411881
411397
413520
467276
411974
411653
411442
412837
413874
412921
412747
413401
412986
418040
413131
413518
411888
413829
411188
412003
413406
412955
413500
462751
411424
414149
414365
410767
411904
412124
410968
413209
411114
412174
411244
412170
416850
412348
413951
414033
418687
412192
502201
411098
412430
410695
410852
412561
410387
410851
463389
412117
414272
411770
414022
413364
411761
411505
413042
423189
411386
413657
412349
418545
411267
430981
412275
411233
411054
412302
470697
467841
412293
413515
411712
410802
412906
477230
411887
413865
506216
417396
412077
412915
413018
412400
433822
411439
410985
412802
411281
412848
411312
411951
412723
411225
412290
412673
411693
411948
466191
412038
411758
413568
417746
411682
422971
412629
412373
411424
411916
412648
411853
413363
425945
411215
410643
411356
451188
413202
412039
410988
411551
455986
412809
412139
411709
411356
412691
412037
411712
410699
410990
410908
413058
411420
412050
418269
495822
413671
410191
424163
412299
412866
411664
410282
411956
411271
413267
411978
412821
418617
414299
410991
412721
412705
413215
481727
413189
411297
418486
412421
411311
411565
411370
416854
411231
412471
411445
414902
413517
413903
413779
412863
418966
414455
416209
411311
411797
412792
413113
412432
412616
412084
413837
411586
446968
521405
468872
413506
411913
410985
481581
412956
420699
486571
416688
412668
413157
413536
410708
427603
412468
411924
413436
413396
411738
410168
411180
411420
412917
413056
411571
411103
415201
462004
413236
412452
410934
418249
412665
412085
410633
410240
412193
411550
411624
410896
412597
417810
411343
411423
411427
420005
417748
413747
413044
411085
460393
413113
412748
412608
412643
414594
412288
411419
411616
411230
412007
413809
414194
413519
424568
498808
410965
412454
413343
412518
411120
410590
412512
411812
412338
412562
412451
411695
424867
411010
412738
410800
413817
412630
411870
411169
411038
416887
412896
412886
412740
410911
412934
411305
411220
410478
413331
413837
411232
413070
411289
419774
411813
451910
411161
411610
411426
410735
410808
410633
412782
410186
411537
411690
410731
416670
410606
412785
411956
414162
411836
412064
410634
500279
416042
411627
589304
448212
514250
527642
451055
413240
414691
411623
411424
412084
411098
434860
411964
417033
413010
497007
411926
413172
411776
413103
426100
413254
412416
411260
412349
413051
413295
411678
411471
412710
411746
411515
411118
411508
424990
411573
413296
411880
413891
414403
412470
411408
411107
412728
412978
412700
412665
411861
426854
411564
411424
412670
413871
413170
418693
412532
411961
418653
411629
411381
413772
411166
461746
411907
413272
412340
411609
412418
412497
412152
411793
415960
412471
510793
411626
415822
411579
412327
411486
410295
410617
410759
410197
411684
410969
474158
411964
412208
411273
418021
411698
410738
412549
413084
418810
412927
413396
412318
410823
411826
411508
413068
412449
411767
411994
412909
411210
412518
500746
413128
410945
412694
412387
411443
413636
411513
412906
441245
411223
412630
413206
416468
413209
411984
411639
411993
416786
412638
413103
412234
412978
415085
411914
413588
411844
412866
411084
412751
412627
412800
432133
412751
412361
413350
424794
411309
412888
413206
412905
413193
455762
412216
413182
411313
476439
412641
412756
412350
410533
411842
411816
412304
411969
417557
413178
412436
410937
410310
415553
486338
412196
412126
410277
411746
412800
411748
410376
458864
412171
410694
412536
418861
412214
411869
412592
413382
412904
413283
418283
413850
411405
419412
412671
411071
413362
412897
411872
411536
411329
411017
463597
411717
412621
411929
412931
412029
413040
413095
420001
410912
411610
412498
412008
412784
424600
412490
413523
412770
418845
411182
411253
411540
413382
414140
433824
519224
426819
416394
411423
410822
411662
413011
431221
411691
411472
411254
411717
419516
411256
410626
410587
411446
413718
412750
412009
410979
539740
411080
410241
412698
417242
412224
411866
410341
410493
412476
411740
411408
410603
410730
417137
411114
412376
413487
415635
411613
410913
410340
411644
463306
411313
413460
411441
413056
411269
413418
413280
411721
412804
412894
412569
411061
411639
423715
451934
410650
412396
418072
411520
411880
411977
411408
412078
412800
411377
412331
411431
423911
411530
411054
412286
410726
413094
411719
502633
411515
417763
411981
412348
412522
412617
421163
411908
412231
412006
412030
411290
412362
411648
411992
417533
411152
413114
483845
424903
411554
413223
410942
412440
412912
431802
412503
411754
410780
416751
412427
410600
410797
413184
413503
412306
413116
411510
435609
479401
446374
411071
411433
411502
412190
412666
412254
447174
411197
412526
412827
425888
410643
410796
413416
413126
412072
412757
413208
412867
411394
421093
429365
411056
411504
412370
411599
412563
411100
412307
418550
412534
412239
410925
422658
457187
411685
412098
411639
412823
412311
411682
412291
410770
417533
412485
411362
410736
411735
410996
411319
411216
410921
416374
412147
497878
411112
413419
412759
412478
412908
410711
413356
412275
410772
412048
411970
417065
412508
413445
411098
411686
412217
410938
412118
412308
411808
410866
412381
411155
410872
417576
411977
412479
410995
460771
411824
411235
411398
411125
412533
411386
411386
455994
413081
410715
411670
410723
411110
412062
412274
410988
412859
411459
424844
411549
410626
412538
412747
412326
411847
411585
411952
500376
411332
411095
431526
474046
480185
413056
411878
412948
432628
411659
412220
412587
412689
419489
411630
411462
411011
459204
412442
411897
411042
413041
418324
411525
412950
412821
412500
410941
412540
413086
412434
423729
411887
412763
411227
411282
432913
496386
411188
412738
413052
412253
412992
412544
411423
426107
410807
410894
411187
414269
411402
411298
410851
412043
411937
410376
410938
412195
412376
424715
411541
410827
410442
414049
412921
411113
411400
411095
418570
411131
411197
412580
411432
421440
410662
491557
413212
412783
413020
412523
413421
410823
417816
412965
411480
411112
468833
411658
411797
412215
411282
410887
413124
411843
411564
500633
417253
412030
412026
410857
411312
411987
412531
411289
413300
419752
411985
411455
410929
412185
460220
413123
410968
412745
488669
413375
412884
413477
412793
419084
411257
413621
483195
527787
464697
411452
411602
433640
411884
411749
412190
411353
411942
413712
413414
413025
412177
562272
415075
412433
411350
447825
411431
412126
411282
410670
412883
413311
410849
411991
410489
449424
413000
411486
412853
465799
411293
411812
411259
411858
410326
411923
411985
412385
416103
412988
412530
411495
412200
425410
412265
498420
413209
412192
411716
411055
412262
413105
459481
411535
411917
411476
421831
411129
411959
411451
412820
412569
413231
417376
426196
412471
433212
411196
411401
411883
419369
412201
412225
413204
413528
468291
412155
412814
411775
412412
418854
413092
411570
415471
411245
412690
410640
411655
412124
417771
412423
411241
411717
411324
412663
412280
411201
412944
412869
412181
412559
412191
412818
412952
411109
412855
411991
412055
412321
412048
410109
412494
515567
567685
465410
411194
416763
410820
411580
410888
412120
478092
410874
412249
411118
412033
412499
410656
412605
412727
434169
412140
410346
412545
412471
411163
411898
411439
411987
412614
412526
462009
411547
412736
488126
548211
422273
413207
420288
411201
411643
410809
413383
412062
412574
412991
410904
411142
412113
412773
412491
413748
418979
412224
413238
412179
465341
412494
411703
411607
412534
417415
411109
412635
412202
410900
417663
412547
412222
475647
412554
412185
411950
413104
411980
416812
412370
413506
413441
421216
415925
412819
410689
411894
410956
410891
410980
411154
412831
417483
410340
411610
411183
412361
411129
411540
412646
412516
410628
411675
411039
426400
411693
463021
412618
411064
413720
432860
411828
413377
412642
413471
424115
413144
411648
411243
453237
411903
412719
478878
445767
433695
412356
411867
412556
414426
457689
411293
412552
411884
413133
412967
411883
413223
412589
433121
411889
411431
413175
412730
411646
412269
413094
412654
417395
411282
455219
413453
415795
411447
412100
411167
412207
412867
411389
413113
413070
413284
417917
411721
411630
412840
412219
411287
412714
498842
413824
425022
413748
410858
412582
410426
412798
411253
411755
411039
410188
412058
412017
412099
442024
427232
413031
411497
411486
413295
411241
410793
411144
412647
412946
412586
412236
410872
413422
472096
411526
413158
412712
411220
411529
411594
412979
457787
419274
411249
412466
411555
423166
411650
412195
413334
412824
410866
413313
411438
414466
413285
464221
412050
412179
412619
427460
499807
412855
412108
410910
416358
411684
411929
411330
411939
416890
411498
413289
411337
412157
412614
410530
411576
411733
452549
452871
413249
418153
420210
412611
420028
572260
526414
427585
412795
413272
412958
413927
412337
414263
414627
411531
432364
412192
495894
411092
429235
414277
411151
412473
411905
416169
411381
411898
412129
411089
417040
412908
411411
413014
409795
411084
411831
413167
411173
416147
411762
411455
413071
413050
415245
413193
413326
411121
413953
413298
411901
411835
413768
417755
412686
411295
411126
419944
412417
411039
412748
411392
412317
413878
410719
412233
413017
466847
412826
413253
410851
417123
413201
411129
413324
411426
509658
411723
411611
413919
411264
413978
411383
413264
411377
412218
411053
412439
411211
411081
465196
410925
411250
412236
411821
484836
411057
410971
411091
412947
412861
411024
413161
410263
424841
410221
411366
412076
412017
412316
411033
410926
412002
452500
528956
473523
467063
413581
414224
411301
414416
412519
439934
412713
411143
412136
417944
411117
411116
414276
411930
439224
413575
489031
412312
414086
412636
411478
412034
413988
410840
411370
413670
411017
411953
425284
412737
411902
411387
419975
413074
411524
414378
413140
417132
412043
413563
411541
411163
460656
412662
410936
413018
411311
413079
411705
413106
412412
418193
412373
412478
412618
426054
412778
412810
411259
412689
412044
411751
414527
411670
411199
464015
411350
411090
412107
424154
411565
412127
411486
412669
504524
410855
411258
411426
411474
410273
411993
410835
412484
410067
410753
411378
412536
410560
460174
410823
411550
412356
411773
413357
411122
410813
412932
413083
411386
411057
411888
413710
419735
412999
412919
413342
412604
411011
412682
411272
414571
443095
462566
411175
411529
436677
520680
469430
471232
478041
451109
451218
450585
451280
439147
412225
412831
413060
417597
411964
411219
419895
412974
458546
413354
411317
411447
414292
413171
410974
411216
412387
411489
411366
411599
412754
411316
417645
412475
411636
495768
412231
412925
411158
412319
412498
458047
412331
411106
411206
412491
412218
411230
411264
411175
411119
412048
410546
413793
421826
431861
411328
410783
410579
411573
416600
412309
411342
412343
411792
411320
412093
411499
410759
433213
410597
410654
410582
424977
413333
412831
411103
413032
412261
412681
412397
411024
412718
418474
411116
412963
412990
460026
413150
413137
413431
411361
423558
498280
411327
412160
412753
411735
412756
411554
412067
412687
412628
412873
411884
412584
425209
410929
411358
411765
414142
413235
413820
412549
413067
471556
533208
469341
413567
411076
411606
411764
412785
411361
441830
412935
412390
412930
422627
412040
411306
498074
411332
478917
413129
413950
410751
412659
417527
412786
411588
412898
410461
410973
410794
411565
412415
424291
411798
411958
412830
417533
411190
410934
410566
412266
412843
412977
411307
411136
410738
426014
412299
410990
413525
411139
411404
410907
412169
449759
418271
411279
410928
411870
411437
413132
413188
411162
413169
413438
412188
411499
411373
413664
417757
411181
411007
412896
412348
499883
412559
411530
411496
410928
412663
411378
411461
413251
418718
411294
411965
412471
465776
412377
414480
420174
411181
418852
489070
412671
412884
418787
413326
411268
411328
412474
412654
412495
411425
413061
411236
418213
412763
412943
414489
460711
413067
411193
412298
411587
425637
411896
412286
412144
410958
412207
411185
412655
507228
504198
507775
514812
485201
486627
453086
429234
413535
411715
411957
412409
411874
415347
435285
412458
412081
412117
432848
413596
412933
415594
411493
418590
411283
412835
457406
411457
412845
416945
411511
411544
413023
412411
413309
413021
413246
420942
412295
411420
413395
419875
411930
412321
412244
411206
512779
411625
414317
411397
412800
433014
412423
411441
413282
413588
411437
412467
412740
412681
424579
411616
412900
412693
412038
494021
413193
411425
413097
413212
413060
411035
411756
413023
425848
411396
412796
410657
421000
412610
412976
412541
411306
417607
412002
412764
412474
412841
413716
410446
410947
412736
411166
411554
410646
411186
410689
418676
413747
412126
412659
413667
415397
411851
412124
412567
412078
413347
462591
413605
412384
415260
464410
455238
412866
435234
413918
411472
411602
421528
412033
412824
416499
412577
463160
411551
411849
412837
410900
426428
412975
413535
411190
412704
412879
410726
413388
411920
418172
411420
413242
412537
425445
412275
412417
411455
411645
411608
412230
411453
411395
411886
417798
412376
412050
411773
411873
413530
412563
412854
412841
503443
414387
412140
413021
410794
412884
412071
411570
412492
412639
411778
413093
412245
411018
418873
413186
411500
412315
417517
411275
412311
410661
411902
413112
410227
410936
412702
411018
418535
411079
410861
412266
418130
413257
412503
411276
411577
424502
464019
411450
410578
412550
411427
410938
412082
412971
417853
416779
412735
410957
411270
424237
413306
411415
411613
411274
412314
413201
500544
411798
417275
412218
410827
414279
410768
486177
411427
420895
538768
462600
413254
412881
413159
412481
420649
412295
411719
417540
412409
413041
411522
412853
412941
439351
413872
411013
413184
412778
411209
411312
413125
413126
424712
411382
412104
412270
502985
411221
410611
412734
410847
411881
410942
412467
411723
412631
425223
411210
410423
411317
412185
411692
412342
412012
411942
411418
412540
411141
488598
411850
412301
410959
412270
420457
429333
413232
412051
412585
411707
413377
411871
412123
413056
412501
412423
413478
412338
412284
418086
412523
411102
411288
417393
413632
411089
411326
411757
412020
412125
412711
411325
411210
417496
420040
410987
412043
410860
413094
411015
412840
412255
424686
411066
411061
412731
410605
415682
413257
412397
412731
412087
411343
411588
496730
411147
1165131
1274698
548845
414716
488931
420288
410952
410755
412120
495790
533855
525311
412146
428759
413512
411251
412114
411329
411196
411198
411194
411896
410608
447648
411009
412531
411139
416421
411063
411065
411609
437898
417503
411523
411696
411615
412950
423845
412586
410929
411298
412736
413041
411398
413080
411172
417328
411780
410925
412875
424466
503389
412185
412220
410813
410842
411451
410327
412683
410644
433888
412234
411165
410924
432979
413196
412587
411292
412466
412951
413427
413098
412051
413555
410992
411754
412517
412467
411013
412716
412255
410960
412653
417342
412867
412767
412671
411928
412797
462778
411278
412370
410979
411230
410981
412863
410733
417370
412124
412829
412158
412133
412021
412491
412203
410761
410289
412174
411061
499107
412331
418252
412290
412593
412614
415635
412811
411796
411450
412848
411201
411712
411147
411326
412368
416304
484809
447250
459428
443929
412447
412354
412556
411255
417580
411546
413384
411835
412920
410897
411241
411329
411979
439873
412613
412661
412380
484339
413142
411972
412466
413277
418184
412105
413267
411660
411057
418449
410850
413009
412536
413075
413191
411329
412448
411241
422242
413043
411073
411550
411866
412256
412053
413590
411408
413613
411785
412239
412095
412519
417896
413499
411860
410848
417942
416108
422556
411167
411849
422126
410834
411777
410409
410774
417408
412198
411577
499396
412179
411951
411236
412512
412405
423834
430408
473505
427112
413929
413342
413338
411451
411877
418796
412625
411534
413453
413815
411235
410695
412228
411358
413133
413538
411551
496038
411911
418022
411170
411282
412274
412308
411961
411720
411562
412353
418937
413224
412888
412168
472940
413012
418849
473933
489305
450937
411351
411722
412641
415687
412687
412102
411225
412607
428153
410956
411168
412780
413191
420177
411930
411119
412753
484305
411205
413093
412644
412765
461313
412259
412852
411720
422690
411910
411133
411517
411873
425330
414341
410980
410795
410985
419171
410808
410798
410980
413170
412160
411630
411350
412354
461954
410426
410439
412741
417714
412967
412451
411572
411728
411757
456311
411510
411203
411220
419381
413937
413051
411356
410945
412730
412191
411956
411436
463938
411771
411679
412910
411031
413336
412798
500306
412384
413910
411303
411120
412805
411263
425029
411288
410971
412848
417719
412876
413042
411420
411700
412045
411366
413115
411439
412415
423109
416940
422138
412760
411048
413204
410940
413045
412338
416152
411716
412198
410668
411346
412223
412676
413136
416030
544496
411442
410956
413066
424645
412207
412453
410626
411705
411190
412069
411591
412717
411384
433736
410592
411248
411269
418202
411311
411206
412568
411381
464137
411148
413766
413388
412514
413053
413087
412785
411400
413211
413274
412391
413076
412703
424602
499790
412520
410935
413877
412657
412285
412593
411290
411634
413244
410979
413055
411347
424611
410677
412413
411363
411694
413131
488229
412743
412652
418692
410916
412767
413281
412665
411391
411283
411031
411377
413237
413262
412212
410969
411342
420720
410890
413047
412468
426187
411269
411260
412878
411390
413639
411528
412237
411963
410723
418603
411853
410441
412465
420821
412259
411579
411153
419780
416412
411675
412672
411987
410858
411368
411792
412754
411337
411940
412200
412857
412396
412499
417973
410587
410664
410744
546809
412324
429054
507092
412550
440277
411142
411420
410995
419882
411661
412068
412252
412677
424183
410864
410971
411515
410993
514984
412724
411923
413167
411554
412538
412548
410695
413024
417769
411682
411584
412405
425828
410949
412492
412489
411513
412332
411491
410709
412288
411292
417649
412573
410643
411072
413149
412630
412515
412711
411020
418266
413097
410849
412764
413856
411380
449969
411301
410816
411252
411714
410578
410763
411707
417976
412364
411324
412321
418728
411597
410386
412274
412297
412674
410192
410551
497549
411682
418406
410703
411873
411029
411772
410765
412123
410665
411225
423865
412845
412230
412564
412968
459858
431821
411785
487606
411448
410877
411518
412024
412009
423567
411846
412848
411193
418585
412693
410573
412917
410855
412121
411602
411237
412231
416365
464370
412925
411118
413753
411385
410948
410612
413445
520785
462556
499145
413033
413361
441152
411279
410639
413888
428955
499794
412432
410898
413782
465767
411897
412628
410825
413938
422400
413015
412326
411069
412223
411686
412067
412922
411254
423122
455120
412267
410471
433889
413110
411286
411676
412207
411577
410911
410776
411622
429883
433314
412388
410193
411523
417845
410912
411667
410830
413143
418678
413482
410823
412930
410603
412949
412880
410816
412041
412707
411740
411377
412915
412483
418830
412007
412263
415886
410508
411426
411755
411094
410722
423854
411748
410995
411085
411519
416837
413020
411544
413017
413079
413361
412459
411876
498909
425548
410654
411494
412236
419195
411328
413448
412643
411346
412473
410803
411251
410884
411284
482744
482771
411353
411673
454226
411294
411391
412065
411979
417543
472074
413805
453150
415763
413645
411364
416421
416357
442155
411395
412307
412115
414592
499722
412271
410894
411317
482231
412576
410521
410759
413795
410634
411099
410936
413236
411807
411206
411675
413548
412952
423493
413084
413588
413561
410922
413228
412543
412002
412737
463753
412134
413002
411750
412159
413286
412225
411791
411177
412131
411769
463208
413415
412351
418718
411415
412445
410920
422217
410839
411671
411156
412557
413469
413079
412057
411316
448515
418537
413017
410752
496597
411197
411383
412002
411600
411572
417391
412191
411517
413065
412700
411737
411545
411103
411456
413660
411658
412505
412241
486974
418492
411435
411930
412213
413206
412337
410804
412086
411686
411135
412324
411674
412195
410822
418414
410804
410770
411999
416126
413296
413267
411655
412956
424943
411116
411249
411533
475532
410808
412417
527129
525568
497362
411644
412384
411644
413008
496287
411556
411321
413268
473852
411498
411318
412255
428833
413431
412959
410993
411040
422835
413057
412012
411352
411420
419258
411513
412895
411231
411611
412494
411617
411358
410930
472098
411979
412808
411585
413392
413248
412672
412719
411003
413018
411966
452350
411525
412489
424233
411330
413258
413517
412646
411200
412773
413260
412434
460541
413548
412108
412456
412413
411053
410830
412212
494661
411193
412864
410518
413208
410745
418211
411762
410731
410954
412691
411427
411340
410037
412417
410888
411457
411477
411079
412470
417817
410605
411413
413259
411934
411528
411347
412942
411784
417310
411141
412111
411763
412736
418099
411790
412962
411086
458196
412033
411735
411310
413099
417512
411417
411783
411158
417784
411471
436434
413185
429717
438807
413186
411420
411272
410983
458096
411361
411594
412405
411409
413158
411544
412845
411657
438620
412721
411770
410817
417105
413246
411498
412379
412601
418258
410915
493044
410897
413910
411016
411768
412415
411789
411421
411251
411702
411126
412107
418122
412290
412167
412596
423236
412597
411312
490194
411994
418667
412971
410571
412829
410447
415607
411124
412333
410460
411573
413734
413205
411365
410382
419692
410683
411404
412576
418417
411177
412731
413019
411116
420641
412789
413220
411235
411841
420173
411630
411401
411722
421832
411998
411076
412529
446316
423533
411327
412728
413188
410946
412935
410750
413135
411382
412595
411898
411503
412798
411921
423767
411355
411589
411468
412704
502679
412867
413421
412208
411263
411059
412601
412022
411766
424335
412890
413576
411144
441155
412763
453540
463670
411433
433296
497144
412326
412031
412099
413021
412369
411387
412515
433819
410938
410662
410897
420193
411392
411568
412267
410974
410305
412731
410879
410916
413018
417496
410628
411225
411684
413348
411998
412820
411347
412528
425387
411294
411916
411102
411746
412992
411329
419498
412628
410867
410694
412702
411223
412634
425366
411329
412111
411600
413790
412087
413014
410797
412558
411419
411637
412646
410849
493658
424382
411235
413171
412600
410901
412992
410910
411148
412942
416520
413081
412539
411024
411334
466553
413003
412585
412840
511845
413317
412875
410974
413026
412518
412580
413148
411825
410993
410848
411079
412441
411139
418477
412314
412565
411563
417218
482593
411365
412366
411104
412354
412411
410886
411458
412599
417941
412791
412409
411595
412714
413071
412832
412718
412209
422824
490817
564454
411370
412656
412957
412560
411624
412748
442950
412594
412372
411241
433492
411380
412455
412409
411340
411790
421989
411763
412941
413002
420028
411312
410831
411390
411947
411872
411342
412303
411666
434341
412626
412603
412360
412251
416687
410733
459607
412633
411648
411691
411093
412600
412657
417498
411064
410983
411464
416717
412805
411115
413051
412797
411159
411498
413276
412549
497634
414243
413606
412904
410325
412317
410718
412780
412229
413368
423327
411179
411964
410726
410813
410967
410807
410559
412286
411598
411098
412145
412315
411217
424829
410608
411217
410574
412181
412847
411364
411627
410919
410697
412905
411371
412922
411410
494376
411844
411628
410467
420675
412717
411580
412529
412758
416701
413484
411504
411780
412006
425812
411158
411102
412503
411497
412696
497261
411857
411899
419423
527902
415105
411450
411867
411660
413127
412991
413297
441856
412754
412712
412885
422069
412841
411777
494549
411205
431973
410808
412344
412580
412183
421441
412631
413154
412744
411575
411539
412404
413683
410323
424154
411398
410639
487499
412133
410578
411640
412734
412138
410939
411471
410511
428927
411140
413023
411975
411204
410612
422206
412796
410219
411696
411757
417869
412510
413488
412937
424773
413106
411422
413023
410998
412073
414241
413967
413791
412068
461674
412881
412794
412821
456529
411592
413007
410974
412249
417272
411054
412963
410849
412898
412813
412863
410772
412357
412530
412984
411888
413229
410899
459610
498798
412747
411236
411298
411547
412186
412322
412695
412539
411885
410252
412671
411184
418313
412655
412532
412449
417414
411758
412966
412906
411561
461336
412909
412048
413041
412059
473988
467467
410923
410662
434348
415954
414033
410713
422592
411593
412087
499041
411960
433775
411717
411193
412121
411790
413923
411575
410733
412249
412218
412698
411928
412765
411769
418196
411521
412581
411773
412783
412036
413471
411674
411022
423744
411541
412322
412863
410882
465848
411603
410539
411907
412320
412534
411719
412791
453112
425285
411159
412605
410590
412428
412797
414029
413524
410743
411217
412590
412224
410534
412506
464045
414008
412552
413213
414340
501495
417522
412997
411510
416122
411239
412844
412831
410736
424581
411608
412625
412472
412209
412986
412564
412485
411937
458773
481974
412873
410714
422649
411072
411249
412244
412024
410879
410888
411991
410411
411073
416403
410007
410882
412049
424953
411224
489225
411470
410489
410830
412360
471641
410455
411349
482114
470754
412691
413046
439873
412995
411680
411253
430904
412921
412309
413665
412677
412891
411621
413142
411140
410747
482349
411232
412390
412407
412461
412262
412969
412644
412973
416683
411402
412268
451043
414647
411187
412448
412885
411147
410969
412481
411656
412619
411030
464910
410733
412784
412318
424310
411757
411597
412915
412373
501267
412718
410581
411531
413065
416843
412474
412807
410573
412503
412788
411513
411772
410307
453493
412188
411280
411668
411990
413028
410906
410630
410546
411713
412234
412376
410692
410665
417520
409926
412413
412001
411147
412062
409933
411721
410646
413064
458023
412812
413219
410540
418511
412109
410882
412516
411045
412565
413051
413131
412427
422464
413263
410933
411031
412298
417862
412511
499406
412199
412874
412010
412627
412951
412749
482865
413046
411583
425660
452791
468916
412643
412730
410823
442966
509352
460620
411436
411752
411091
411084
412336
410847
479892
413490
411261
412892
411241
412200
411435
411574
412242
422774
413079
412980
412999
499572
412651
410895
411295
412574
410442
412304
411959
410770
410444
468486
412828
410820
409937
411677
412147
410619
411952
410530
489100
411088
410487
411327
412057
423519
411928
412323
411125
412605
410113
411522
411854
411172
414005
413414
412573
428765
412136
427043
411432
412099
412308
413295
412554
412018
411648
413090
417048
413866
412538
412830
411030
412082
411899
412363
410595
427258
535357
413124
412626
411300
411577
412794
412965
413267
410756
411501
411056
412727
411380
418563
411637
412653
412979
413943
413225
412043
502571
411393
462411
411849
411386
412814
412266
413410
412129
460309
413007
410892
546125
450754
413433
417075
410830
414969
411757
415446
411336
412207
410898
411555
412355
474354
410421
410252
411680
412365
411915
412320
411692
412422
428152
410245
412517
412055
514799
412191
411698
411731
412891
411292
413006
412194
412961
411555
480136
413302
412451
411568
410216
413265
412556
411929
411700
464983
411101
412829
411530
412424
411040
410860
411277
411053
412459
412167
412900
411171
412337
461976
410940
411791
411396
411570
489684
411490
411150
412407
411475
412895
412560
410996
411623
424737
412981
411098
411252
413871
411297
412069
411177
410969
412840
412568
497248
412557
410611
411923
412513
412027
411021
412921
412788
410310
410659
411813
417124
411468
411826
412651
412715
411890
412463
411574
411050
411698
411823
412570
410827
410553
417336
411551
411052
412341
411609
433103
411154
411533
460376
481230
469358
413317
496172
412923
413323
413319
412100
411896
483845
412258
412823
413201
412731
413669
411879
411391
410919
419894
411661
411367
412869
490041
412564
411215
412767
412338
412729
412543
411520
412379
410928
464918
410221
411374
411968
423544
433297
413039
410804
412705
419029
410799
411531
412501
412385
413109
411737
411750
410877
412727
411994
410692
411968
411069
458895
412348
411422
413294
413074
410919
416398
411141
411885
410214
413111
410599
410695
412218
418585
410295
412773
410846
412017
412762
411140
412465
411197
411950
412651
502346
411237
410705
411134
411751
410281
410482
410317
411436
412967
412732
411465
425193
410753
412713
412698
412622
413011
413872
412921
412986
413262
412055
412321
411080
411548
424693
411315
411138
412788
417576
410768
412689
412943
412783
416540
412377
464931
470933
412441
412663
411640
412201
411210
479142
413543
412939
456380
488489
461694
412644
411243
412899
440622
411071
412466
415426
453867
412551
411447
413087
411572
416052
412689
411640
432030
412675
414283
412354
412971
414625
410798
412429
436247
412884
411629
417249
412264
411171
412072
426289
411135
411030
410674
412273
411111
412426
410580
411879
410556
459589
414638
412240
412049
410355
411070
415256
411108
412493
417899
411365
411509
429360
413292
412946
413053
411988
410717
411146
411071
412997
413078
411929
459739
411402
499556
410963
412511
412239
411430
411630
412761
411284
412620
410745
410734
412881
418003
412058
412808
412490
412079
412656
410355
411284
411092
463286
411835
412081
411568
411140
410948
412020
412209
411736
412163
412424
411264
413499
412501
425250
413036
467706
457063
415828
410789
410706
412557
412162
412038
410679
411102
411820
410262
423862
410128
411465
411162
426500
411797
410697
412444
410947
517968
412415
412223
411949
433490
412966
410980
411842
410497
411732
412343
411456
412298
412197
417881
413510
413103
412616
412166
493107
412169
413515
443298
438606
412939
412285
412949
426179
412887
413005
411646
411932
461823
411672
411545
412463
412574
411825
413436
410912
411100
412686
412443
412193
410584
412499
424314
411233
410828
411941
412472
412272
412831
412715
410950
412803
412234
414394
411550
413115
425091
413039
412601
413156
411099
412730
412924
411146
411316
417663
411042
412295
412787
412200
423362
411336
410761
499684
412594
411341
410773
411612
411992
418525
412461
411646
412546
414564
412325
410528
411347
410942
411917
410919
409911
422141
498559
474958
425404
469193
413198
446549
411324
412828
411267
412136
433226
411875
412603
411287
413114
412989
412428
411647
410948
481722
412730
411138
412188
420816
412131
412712
410638
411117
413413
411735
411899
413337
412523
427912
412772
411307
413098
412946
411269
412814
413570
412519
419293
419736
420309
412326
426973
413787
411918
447343
412517
411151
413427
411284
412842
412318
1185167
939084
414277
411908
411776
413220
412906
411330
412036
410969
414127
412611
410208
411372
464820
411254
416895
412166
416952
410612
411912
411880
412128
412234
410764
410161
411926
411831
424275
411838
411935
412815
416891
410702
410441
412569
496424
413058
411647
412211
412277
414059
423983
411798
412776
411221
411121
411356
412904
410952
411443
416874
411602
413646
423419
489577
412283
412955
460950
412851
412569
465153
470386
411218
414693
411568
412392
410648
411322
412910
411288
412492
411467
412721
514109
412873
412417
412580
417840
411488
411211
412013
412273
476824
413311
412725
412848
413184
417410
411825
413074
412653
412537
411349
411221
411368
413078
425252
412195
413319
410628
412496
411540
410618
412408
410789
411308
410921
411239
410609
411095
424209
454816
411778
412334
412221
410959
410304
410793
410690
418702
412218
411934
410873
411595
413328
411341
411463
419188
412547
414012
412935
499955
412268
417672
413115
411115
412321
412075
411263
410764
411793
412073
411316
412346
411996
411160
412088
416725
411550
411085
412513
413667
412293
411053
411602
410927
419250
410221
412466
411783
411673
410866
411657
411376
412893
410965
411219
412518
411697
430269
417244
410640
411101
412657
458609
413951
411109
509843
446943
440707
411573
410912
412400
428475
413140
411356
414159
411685
428102
411533
410904
412168
411487
419100
410450
410057
411931
411314
410957
412163
412034
412245
419016
426877
411927
411802
410847
451586
410903
410659
411746
417653
410358
413404
413101
412208
411909
413334
412125
412513
413635
411851
411805
412874
411664
425218
411804
497290
410945
416474
411367
411616
411026
412630
411319
411221
411168
411153
411248
416849
412246
411358
412312
457074
412123
411190
411673
413308
424787
412394
411148
413188
411179
411816
412027
410849
411609
412718
412140
413280
411316
412121
424248
410850
412634
453842
455949
412429
412119
412355
413230
411753
410756
412990
413232
412323
423292
411698
410655
421790
411172
412014
411225
409695
412016
553178
410632
410738
410906
413064
412273
410205
410999
412075
411539
411717
413207
411499
501514
412026
468319
412766
413345
413275
420076
411303
411014
413952
421536
411354
414039
412215
413334
411344
413874
411074
412929
425023
412195
412255
411588
413367
413038
502888
411529
411576
418916
413097
412295
412624
412227
424618
411370
412055
412167
413208
411450
411184
410698
412866
420308
413090
433791
411518
413567
412367
411310
411083
411525
411453
413173
410828
412861
411154
416591
412887
412229
411070
461547
411999
410897
430129
410904
418064
413220
410770
411085
410135
417300
412276
411349
411816
411139
