1003812
921858
520967
536405
521797
531220
521063
529663
575897
582714
807488
611883
543671
431827
497092
427175
425504
425312
424527
423316
425654
424258
424935
424453
501163
389445
389259
388569
389254
399136
388314
388638
388178
465339
389018
388599
388738
388674
392899
388887
388268
388371
388414
389126
389378
389039
388121
388689
388701
390470
388541
387623
388707
406733
389625
388944
389404
387426
396023
388400
388848
387334
389019
401170
398495
387084
389042
387623
447656
388488
387589
388373
392744
387084
394421
388082
388470
388259
388462
388784
388284
388364
388339
388961
388411
387507
388633
387938
388425
387892
388618
389394
388828
389092
466762
388426
387962
400270
388975
387627
387575
389095
394443
387766
388105
387630
388619
499286
503339
392485
388762
389037
389039
388355
469210
388504
433694
388592
387995
388900
389199
410124
388524
388164
388436
389735
423442
388590
388218
388441
388470
395582
388569
389682
389680
389227
390281
388177
388559
389207
388380
390158
388212
389046
389112
387734
388867
389141
388576
388592
388589
388579
393955
388372
390140
473878
389178
388789
388840
388222
394333
388373
388612
388101
388448
447822
390670
387943
388536
387533
402067
399754
389627
388282
387877
395277
388104
388203
388388
389283
390145
388905
388994
389054
389266
388775
388966
388707
389727
388720
388352
388446
388530
388219
388768
429297
389516
388732
389114
389014
389634
388602
388852
388808
394627
389518
389170
389163
388809
394415
389622
388615
388963
405446
474018
389641
438028
389135
398051
389132
388662
388581
388927
395438
389754
388602
388996
389140
389822
388346
389162
388546
388081
441754
390454
388167
413568
387591
428572
387124
387726
389392
388244
401373
388278
388186
387963
388524
395048
387919
387361
387471
388075
395171
388550
388420
387602
389914
400306
387674
404492
388540
386257
386925
388808
386303
387103
392123
387533
387525
387338
387295
388640
389293
388937
387688
386860
423595
389027
388654
388704
389235
388740
388901
389313
389873
388502
388953
388976
389097
388363
388708
396147
388762
388700
389420
388723
419114
388744
389563
390207
389042
402809
388559
388690
388706
389195
395356
388207
388276
389116
388604
439604
388906
389229
387728
388300
389464
431258
388271
388579
387738
388397
388538
388430
388227
388766
388505
388134
389301
388275
388760
388956
388095
388121
388716
388048
387334
469745
388929
449460
410156
387699
388177
387691
390003
404854
388683
387087
386837
391273
388877
387478
388755
387626
395910
389867
387049
425188
387634
390041
386816
387351
388408
387292
389047
390457
388707
390001
387450
392974
388421
387784
387485
387742
400481
387143
387123
387101
469309
397219
386948
388353
388097
388589
428461
388443
389142
388632
388700
389531
388964
391944
388665
394940
388678
389040
388505
389262
389789
388970
389321
388883
388464
388786
388503
388415
389463
388407
389407
388892
388581
389159
388696
388585
388728
388788
389922
389542
477734
396234
388483
387211
388084
389119
387135
389532
388147
387144
388148
387230
388786
387560
388695
388628
390134
387434
389825
387163
388905
465769
388026
388879
390556
388642
390929
387802
388445
389778
389146
390019
388954
388146
394435
389141
388823
388128
389303
435176
390493
389249
389723
388363
401873
389207
445996
390667
392819
389483
388544
388292
388124
389037
390380
386941
386528
389627
387423
391062
388676
427692
389434
450330
389143
396670
388525
388736
395787
388717
388575
388286
388608
401719
388301
388063
388606
388861
389169
388674
388096
388588
480558
389510
388602
388077
388744
390720
389579
388433
388291
388255
388339
387787
388805
387561
387653
387433
387947
388714
387046
388395
388492
389078
387125
387180
388610
393155
387617
387556
387814
387877
429065
387162
387394
388762
388563
400996
387881
389682
389154
388430
395391
478511
387488
387251
389402
388855
389084
388736
388972
390859
388279
388257
388421
388490
388879
397822
388125
388450
387590
389508
388960
389266
388515
389202
388502
389662
387681
388509
388731
394086
387778
387640
387999
387730
393912
388039
387496
387825
387969
443080
388777
430012
388882
387534
394222
388620
388557
388860
390653
389271
468814
495356
389500
413650
390100
388895
387457
387936
418399
388173
388306
392024
389001
448212
389512
388347
388396
389310
393499
388904
389472
388121
395181
389730
390186
388473
389189
393819
388593
388928
388704
390327
473965
389537
388581
388841
388823
439859
388462
388921
388873
388972
417238
388267
389114
388469
389621
402914
389022
388968
389512
388956
468695
388660
388491
389407
395179
389208
388544
388939
388829
434321
389317
389224
388020
388937
387822
388479
389467
389308
387715
389140
437390
388194
387800
389025
388133
388590
388787
387394
387839
393130
389624
389215
387786
388866
434861
387487
389103
389265
388723
400157
388283
476126
387823
387178
388955
388081
388418
387069
387828
388597
387724
387475
387918
403178
388546
390009
388473
390445
435410
388322
388592
388305
387732
388498
387349
388433
387272
388346
389262
388561
450407
388972
389641
394429
387775
388291
389404
388194
395243
389140
388394
388023
475497
437604
387593
388256
388359
388911
388254
388040
388782
389234
387831
389315
388410
388131
388855
389821
388480
388025
387923
387993
389460
388782
388158
387934
387617
388755
388447
387887
389663
388091
387771
389168
387697
389291
387655
388241
388951
388727
388678
388058
433514
388650
387872
388662
388778
402696
388341
389745
388085
388164
430635
386809
388920
388042
388170
389003
387913
416665
389321
390753
389651
476805
386948
388122
388234
387299
387689
388903
387293
388732
387772
389210
387250
388753
387739
391024
388087
388619
388420
388881
388909
389122
389134
389091
395373
389070
388809
388466
388350
402178
388978
389264
389235
389750
395629
388977
389329
388962
387950
436089
388908
388965
475594
392050
389141
389239
388715
388960
388056
389862
387853
389417
387477
389797
389344
388689
389436
388613
389212
487483
441492
388827
569758
487459
426005
424073
424646
432392
388840
389074
387744
389570
418692
388152
389790
388417
389929
416093
387736
387531
388235
427978
388479
388509
387871
387254
389812
389541
387038
387438
387603
387844
387700
387284
386997
387839
388115
387088
388589
388063
388288
387522
473079
388443
389148
388930
395085
388762
388902
388779
389394
429376
388240
389289
389401
388636
401548
388645
389544
388776
389157
395452
389083
389818
389210
389192
389165
388919
388623
389255
390241
389170
389168
389036
389123
389286
389979
388318
389154
388737
388667
389046
388485
478502
388854
388955
389193
388490
389251
388724
394691
388645
388810
389005
388194
408338
389593
388847
389430
388936
441798
389168
390949
389964
389136
389605
388493
388200
388398
388296
388020
388264
387942
388045
401082
388302
388158
445373
404442
426064
389599
388142
389897
388447
448009
388063
387905
387798
388495
417660
387527
388458
389061
389168
418169
388991
388547
388462
388335
388113
388842
389185
388409
389066
403780
389156
388950
389260
388562
388933
388534
388981
388583
389398
388763
391369
388165
406217
387047
387446
386112
386919
388017
386888
458794
386696
387097
386483
394053
388017
387512
387607
386979
434936
388444
386809
388259
387239
394236
386881
387391
386962
387764
393250
386983
387906
386887
386948
388830
388077
386823
386897
393644
387863
386471
387167
386477
437770
386677
386164
386699
386586
386287
386939
386293
464868
386208
386921
386252
386144
387583
386816
386345
387476
386981
386483
385243
386948
386463
387823
387613
386864
387898
387620
387904
387554
392050
394795
388014
386840
387608
386836
400378
387502
386799
387499
386683
394046
386692
387762
386948
387216
393532
387016
386748
388036
485855
446468
387881
387540
386625
387204
387571
386952
387257
386657
398259
388384
387118
387939
386822
410366
386951
387008
386606
387047
419636
387279
387284
387320
387430
427621
385995
387299
387445
386594
388171
386599
385833
386518
385939
386913
387004
385667
384956
385339
385377
397984
385675
385628
386248
387197
385821
386847
385616
387296
388417
385790
385873
386384
386646
386464
386424
386329
385724
385960
386720
386933
386150
387567
393102
386347
386394
386260
386776
392264
386909
386544
386393
386355
438238
387406
385831
386782
386484
411527
538848
392462
386848
387503
386577
386093
386369
386757
406469
386864
386822
386092
385726
403765
386115
386818
386324
384894
449096
385478
385806
386841
387639
414920
386254
386227
386167
385713
385906
385533
385930
385635
385907
386541
385729
386418
385764
386942
388209
387002
386058
444433
553113
386573
389502
388460
386035
386166
384600
383799
384350
383960
400486
384737
384064
384034
384992
430910
385959
385577
383739
384013
407372
384255
385953
385063
383515
442933
385505
386455
385933
384652
726255
387871
385527
385219
386796
388158
386464
387160
386358
387586
429836
387026
385498
385597
392511
386751
386435
386563
386940
426579
386808
386871
386195
386336
399541
385896
386444
385032
385477
392695
386002
462480
385997
386290
391705
386598
386289
386071
385850
387224
386131
386342
385750
386438
386372
386064
386283
386628
393144
386537
386124
385933
392539
385640
386379
385480
386470
385726
386751
386633
386803
387369
419375
402808
387682
383704
384349
383555
453172
386173
385211
385075
468223
409919
384148
385524
385765
385776
407550
384397
384895
383871
383347
416636
383868
385473
384869
387808
387484
385004
387206
384653
388371
384591
447073
516576
386657
386781
385921
386110
386305
387034
396846
385870
385737
385382
385274
401043
386021
386276
385288
386096
420132
394799
385984
384677
384304
427291
385987
386039
385169
386493
391843
386420
386830
386157
385663
386135
385783
386374
386730
386219
386419
387116
387149
384918
384748
385884
385687
385740
386174
402644
387714
386028
386908
386694
386287
385544
386287
388633
387600
384552
385088
385683
391041
385677
398984
385792
385625
383939
384238
390249
384142
385166
385874
385018
432014
385437
384145
385919
383765
398410
384010
384191
384222
384277
393606
386106
386628
386568
398174
392237
384056
386169
384769
384512
385602
386202
384805
387175
384775
387503
386446
384295
384410
471110
387517
384922
385990
386498
386090
389892
386805
386856
386058
386155
386772
386823
386449
385227
386391
387272
385871
386095
384757
387562
387209
386375
386197
385803
393261
386244
432745
390868
386409
396805
385808
386676
385238
386455
391862
384909
386650
386658
399621
387495
387786
387403
391535
388992
384820
384041
384099
385206
387814
386407
385142
385195
386003
385262
385822
385067
385213
385934
390354
386901
471513
383620
383273
398707
385215
385610
384832
384617
428260
386777
385920
386701
386601
393314
385820
386037
386368
386102
400122
385931
391071
387360
385968
386614
386324
386821
385549
386454
386582
386485
386121
386459
387719
386010
386007
385700
386047
386653
386768
385977
386736
471982
386188
386295
386293
438504
465164
402699
386810
385696
386174
387486
437238
385972
386675
386140
385254
433197
384615
386402
384979
386198
386220
386433
384204
384246
385730
386423
385932
386788
390551
385693
385441
383399
384816
384795
387530
384218
386015
386409
384396
425008
430953
384087
384733
385320
385598
385905
385480
449344
384501
504315
388935
385595
385459
384936
410314
384857
386935
387574
387990
408937
477959
387674
386979
446434
386487
386159
385920
384301
391695
384808
386461
386555
384421
385421
386501
384537
387175
385474
386612
386543
386730
385412
385819
390281
386728
385849
386642
386548
426301
385436
385982
385889
384057
400202
384697
386316
384549
384582
392593
386227
385917
470213
385921
393010
385766
386153
384704
385818
398723
385747
385110
384300
385559
432640
386358
384343
385806
385075
386501
384881
384192
384481
396458
385892
385329
385625
385162
385575
385387
384933
385437
385074
383787
386858
385200
385332
385092
385107
384327
385110
385416
385466
469462
386081
386221
384271
386719
386663
384541
384763
386995
386530
384785
386203
385885
386554
387158
391641
387965
384684
386555
384698
428715
386703
385604
384009
384827
398849
386155
384722
385776
388001
393216
386114
385716
385276
434654
545045
384837
384640
387655
386457
429990
387486
384173
384127
437196
387830
386833
387443
387425
414496
386787
387891
388040
386954
399874
386821
386544
387265
387539
393475
388204
433739
387120
388087
387646
386243
385738
386172
387318
388130
386780
387112
383626
387352
387256
385745
386373
386262
385788
387182
385972
430608
387170
384425
386357
386938
385787
386078
385080
385852
386067
384767
387558
386612
386249
387322
398626
386113
386317
386401
387401
386217
475777
394105
387015
387967
387317
386919
392733
386808
387376
387012
386959
398941
387682
386552
386210
386776
433662
386404
385837
386050
428184
387222
384883
384660
384686
399894
384653
384725
384423
386126
385152
385806
385184
384764
385092
389751
384539
385197
386380
386601
386278
463353
385756
385479
385928
385613
384377
384648
386211
384253
387444
385665
383526
385681
405888
458722
387313
385516
385050
385232
408794
386159
386560
385144
385575
402452
385293
385178
385708
385208
386405
385640
385069
385334
398021
385929
385857
387833
386134
392680
386707
386367
476577
385444
388228
386954
386906
386118
386036
386864
386244
385932
385939
386179
397019
385946
386517
386215
387010
399618
385507
385640
386706
385766
393047
386885
386674
385903
385880
392656
385921
386037
385279
387074
437716
386113
386530
387407
386388
387855
385656
386115
386093
479459
386870
386425
386881
386213
398451
388155
386109
386284
385929
386448
386109
385627
385712
386347
386716
385053
384876
385130
386811
386362
386225
385536
386988
385108
385165
385429
385533
384785
385560
385711
385107
385568
385701
385156
396250
384815
385303
385604
386042
426492
471740
386045
386368
386295
394132
387033
387068
386431
386950
400737
386194
386956
385536
386523
392939
388164
386553
442585
389647
386068
461456
387174
385722
388217
387878
385228
385980
386160
399831
385919
385741
386974
386520
411642
386293
385291
386190
385527
399768
386225
429018
386444
387522
392845
385914
385658
386255
387240
426215
385994
386720
385754
385397
388615
385587
385848
401958
388290
386243
387582
386284
472395
385984
388415
386027
386589
386086
386090
386875
387436
385230
384939
385586
386548
385732
385639
384983
386080
386132
386260
385358
428795
396901
386696
385842
385772
387310
392570
385398
386641
385984
387384
393059
387094
385682
387124
386441
438991
386606
386124
387494
385556
476224
386225
385806
385980
386229
386419
385394
386568
386590
385738
387504
388925
390145
421521
386284
385661
386620
386690
386436
385853
388977
386501
385318
386587
385867
385597
386072
385314
385805
386140
386195
385493
386096
386305
386145
385855
387084
385482
386112
400655
386402
476530
500226
428004
386664
385871
385554
386924
387896
391636
387042
386471
384881
392018
426319
385963
385570
385176
411225
385427
386196
473479
389173
393543
386541
386902
385845
386791
434538
386134
392530
404408
385431
387749
385544
385799
385610
385488
386483
387718
387438
386578
387075
386465
387293
387009
385855
386057
387287
386150
386580
385986
386221
386347
386618
385630
386330
386940
385975
390653
386549
385972
476555
386339
386818
386234
387223
393372
386200
385873
386834
386242
412850
386173
386387
386365
386157
435664
386104
386566
386205
385965
394475
386900
386401
386134
385857
386611
386039
386178
385921
385255
388233
385555
385631
386403
385441
387083
387321
387161
385411
433168
385456
431762
386135
386814
385935
385521
385507
386874
384921
386422
384934
385538
385240
385714
386035
385767
385289
385551
385048
385759
385066
392210
388867
448495
412604
386292
386454
385407
386388
423414
385623
386113
386817
386524
408718
386182
386575
386227
386387
415448
386729
385335
396829
400690
387714
387954
386471
386241
385935
387831
385551
385437
385516
387217
386754
386049
386919
386564
386648
387904
386773
386717
386727
385817
386793
387292
385349
386639
386646
387423
386010
386225
386144
442197
384776
386448
385727
387066
390229
385753
386282
387485
387973
478164
386441
385750
385359
385650
399009
387191
385488
385457
384886
393647
385899
386349
385860
386894
432452
385867
385960
384908
385149
388206
386624
386304
385858
385714
385708
385547
386604
385475
386056
386232
387884
385578
385954
386196
387079
386333
386795
387208
386389
385927
477539
386731
387062
386310
386705
385773
385795
386304
385986
385908
388036
386436
385537
400208
386317
387170
386819
386139
392191
387197
386307
386832
386301
435738
436696
521219
386547
390072
386515
385800
386192
386375
388568
387515
386153
386705
385633
386312
386285
385665
429934
386451
388283
386741
385584
386331
386904
386809
386137
385909
385178
385767
396805
385813
385907
385311
384656
390298
386889
386464
386717
463727
391808
385705
385762
385791
385617
400792
385348
385520
385003
385176
431844
385147
384734
387196
387388
392643
385969
386488
386096
386437
392554
387235
386416
387202
392910
385611
385958
385957
385378
386431
386571
385358
386017
386685
387478
387092
385819
386589
385945
385665
387490
386462
386464
386970
386165
385926
385961
387103
386526
387010
386105
385914
386306
386588
392398
385764
385946
385822
385945
426676
385839
394022
387808
386797
399402
387037
386676
386320
385129
393306
386362
386373
385970
386654
392716
406336
386981
384902
386822
398539
385538
386054
385493
438709
388202
384697
385397
386775
387100
424123
442783
385325
385523
395017
384766
386285
384739
392233
385361
384949
384237
473095
394677
387260
385915
385549
384947
387981
386471
385029
386132
387588
386946
388557
386278
386114
385712
386594
387053
386446
386017
391144
397703
385782
386174
386614
386118
392113
386732
386649
385882
386174
436714
386483
387062
387660
386796
398960
386156
386558
386346
387204
480781
387415
385965
386195
386158
387507
386571
386703
387194
400793
386999
387090
467506
388466
386061
386713
386973
385755
385949
386353
386789
388426
388211
385777
399050
385937
385328
384653
385112
392026
386277
386503
385402
385401
391874
385226
385790
386577
385094
434146
384585
472309
385130
386111
390566
384033
385547
384961
385652
386988
386802
386233
386229
386787
387100
386671
386594
386537
386302
386969
386384
387020
387733
385951
386953
386049
386513
385819
385948
387340
449675
386481
520756
437945
386047
385784
386719
386186
416171
387482
386602
386024
386650
416750
385914
386007
387438
385897
411840
386493
386411
385775
404228
387841
385049
386623
405833
462807
389166
386892
385797
407206
394524
385523
386890
384608
384831
392295
386177
386235
391331
386121
440730
386962
387074
386141
385455
393692
385727
385314
385794
384380
413525
385619
385933
386020
385276
386545
385652
386229
385954
385549
385575
385526
385219
384511
385260
386505
386624
385998
386150
397480
386032
401155
385920
386249
386237
385884
386558
386086
386599
386442
385580
387444
386455
386342
386550
386738
386605
385906
386368
386059
387322
387148
386811
386589
391918
386703
386073
386254
385881
399342
386114
385996
385743
386604
391646
385798
386257
386077
386051
392200
386278
385979
415233
385788
446890
387452
386237
388130
385837
392938
392936
429652
386743
394016
394315
450248
386755
389214
386869
386321
386306
385017
469295
407155
385045
384501
386902
386060
443997
384805
383760
386110
386825
420981
387389
384904
384113
383171
392270
384312
386244
383503
394647
386802
385992
386135
383918
384824
387154
386502
386157
386266
437264
385942
386395
387922
386313
385645
386693
386228
386120
387665
386145
435119
386983
385879
386210
386752
385972
386174
386497
385972
386745
385116
387319
386038
385698
386685
385658
385834
387262
386236
385960
427418
386432
387237
385658
391290
385773
386226
386292
386932
400691
384990
386238
385630
386540
391836
386293
385973
386472
385992
426608
384967
462918
387212
385621
387127
385485
385563
385562
385451
385444
385186
385968
385327
386043
385801
385884
385564
385799
386414
386251
385397
385411
395293
386579
385709
385891
385538
385199
385367
386380
388568
386291
385341
391690
431581
427090
463967
428123
429693
424138
423763
425081
447479
424889
422538
422721
497074
424636
424578
422996
424485
455046
424773
423796
425387
423859
422362
421492
421418
420855
475866
422487
423027
423288
423903
421764
422764
424493
421543
479769
423120
423285
422694
423368
424398
422756
425032
440758
404132
438792
386748
385863
386327
393548
386262
386893
386674
386229
387815
386182
385808
403041
389094
386528
386623
385799
385559
385792
385756
386304
386520
385462
385812
385774
386365
385513
386767
385642
385576
385982
385796
385596
385853
386182
385095
386851
386378
385992
386564
387437
395024
387765
392336
387311
387015
387255
387066
392843
386036
386329
386970
387141
398256
386650
386682
386272
386349
392524
386727
387953
386644
386568
429088
386533
386207
386693
386308
387588
386447
385403
385468
386273
386894
385927
386490
386383
387723
447893
387310
386466
486485
470681
444625
388586
386923
385796
451108
386425
386718
386566
386386
408459
387126
386382
387937
385646
396996
387046
386190
387130
391168
394345
386550
383953
387281
386570
384543
385454
385420
385268
386701
387384
385583
386253
385496
404901
385989
384904
386573
384926
385304
386368
386080
385925
386235
398411
384580
386473
386845
387047
392085
386329
385860
385463
386693
434044
386112
386484
385880
386332
398937
386157
467886
386828
385635
392736
386406
387126
386554
385888
385959
385735
386326
386772
386210
387470
387725
385899
386082
386568
386781
386683
386835
387119
386487
386960
387910
386300
387911
386602
386449
386062
386798
386781
386694
386035
396480
386781
385946
386695
393870
385995
388603
469482
448720
387223
386485
386755
388227
416955
386501
385311
387441
384575
408366
385342
386387
385599
384724
420137
386783
385159
385842
469391
440360
386255
385833
386184
386403
385515
387360
385264
387286
402663
385397
386612
386050
386504
406562
387218
384189
386787
387929
395281
387382
385529
387421
386953
399573
386109
385351
386324
388199
433554
386416
386295
386812
387028
386662
386082
386736
385959
388895
387829
471172
388874
386176
387193
386111
386208
386381
387477
386268
386017
386152
386118
385687
388742
387183
386660
386801
386050
386358
386954
387482
386577
386454
391932
385086
385552
386041
386291
399333
385767
386276
386045
386759
391305
385203
385424
385452
385899
426515
385842
386300
474728
386978
399154
385687
384628
386916
385866
394086
385231
386256
385339
386304
390722
385750
385532
385811
385114
388483
386226
387692
391845
426470
386435
386676
387422
385841
386724
387275
386120
386915
385566
386243
386121
385712
386472
386785
386260
386848
386101
386331
385084
477544
386285
387722
386095
386436
386500
386962
386827
386521
387109
391630
386798
386533
385703
386279
392467
394405
387401
386781
386917
404583
386596
386095
385716
386465
393938
452925
514445
386772
388091
385248
386730
386315
386455
386827
387063
386175
386557
386996
387832
386782
386031
385986
385310
399396
386774
385840
386028
385421
398486
385573
385619
385838
384721
432390
386624
385519
387377
384958
391991
386175
427789
385997
385992
398222
386531
386661
386170
386293
388095
386030
386803
386284
386291
388112
386189
386588
387025
387176
386798
386525
385710
394081
386056
386270
385833
387104
386945
386671
385130
387026
388433
386096
386815
386636
386986
386436
386218
386161
386208
386468
386776
385840
426084
385292
386898
386678
385400
397921
386991
386321
386433
386014
393734
387177
386252
386051
386578
393219
385391
386003
386391
386363
485286
386855
386699
387998
386834
387282
385666
402672
455079
462622
386659
385267
386602
385700
407897
385486
386028
386756
385678
415666
393131
385493
385186
384570
407952
385679
385895
387258
385683
454979
385809
386148
386471
386450
392360
386626
386652
386206
393746
386127
405180
386164
386319
386020
385344
385903
386924
386736
388434
386367
386060
386687
386722
386663
385291
386566
387180
386458
386537
387185
386463
435260
385143
392031
385938
385884
385894
385257
391117
384541
386018
385267
385795
396414
385951
386710
385683
385923
427633
386536
386452
387517
386598
394294
385617
391845
429279
387133
386188
387067
386228
387996
385932
388649
384725
385721
387635
385938
387317
385871
385526
385827
473447
385558
385805
384953
387004
385713
385503
385151
386420
385646
385536
385963
385194
385443
385911
385676
386041
385784
386761
386452
386709
387084
386782
407635
386011
426709
384707
397912
386701
422543
540681
443766
386468
385827
390993
386175
386359
385602
385687
386328
387550
385639
386138
386134
386455
387917
386841
386120
387180
442087
386251
386861
386812
386438
412208
385331
385202
385656
385939
399006
385737
395722
386185
386244
392958
386812
386542
385060
386135
391887
384728
385663
387206
386107
388072
386572
385998
385947
387347
387003
386233
387125
386016
385130
385835
385966
385001
385979
385742
385208
385399
385849
384693
385233
385070
386185
385547
386529
385300
385835
384799
385587
470973
397420
385290
386558
385649
385935
391534
386594
385308
386464
385802
392666
386038
386324
386321
386419
399544
385866
386268
386281
385657
427631
386320
386748
386423
386214
392384
385878
386938
386326
386490
386065
385836
386710
386329
387117
386794
386963
386682
387161
386720
474376
386384
391800
386033
385521
386440
386400
385989
386510
386184
453941
388561
387850
386265
402194
386373
385704
386322
386076
421749
464270
385174
385926
386343
409319
386834
385590
384836
386392
453921
385748
385475
385830
386017
394292
401054
551614
389841
405718
385206
510401
385332
385611
409607
385140
385486
384466
385510
417484
385066
385448
385276
389373
444191
386215
385701
386658
385985
390874
386266
386634
386602
397647
386060
385759
386246
386282
385610
386342
386800
386096
386193
385082
386528
386355
386255
386395
386705
387325
386466
386241
430247
388086
387222
387208
386263
386364
389528
386998
386320
386306
386481
401701
386198
385703
405273
386068
415254
385428
390279
387362
393605
448663
386760
386909
386306
386967
423973
387531
386591
386320
386513
386277
387949
388766
385312
391092
386245
385318
385124
386114
479503
386290
386246
384714
385533
426748
385618
385378
385295
385677
392179
384928
385264
385550
385630
398857
401839
386298
386867
457999
386879
471036
386470
387452
387054
386424
385994
385425
385814
386567
388168
386567
385662
386301
407243
386209
387709
385053
386439
392426
386001
387854
386919
386544
399628
385655
387123
385795
386563
392517
385714
384546
386640
386793
434430
386224
386894
385601
385744
387141
386386
386184
434524
391270
386601
385269
384723
386156
385445
386704
385819
385539
386032
386876
386216
385859
386757
386338
386754
385551
386779
386238
386297
385864
384797
385532
385454
385774
385937
385752
387052
386091
385496
391364
385114
385386
385350
385921
390661
385282
385465
385701
385723
518553
386254
385327
385173
385579
392056
385943
386155
385167
388077
393218
386354
386413
386821
386359
399010
385104
386318
386360
386757
395446
386753
386295
387013
385180
400316
386707
387342
386678
386508
386705
387290
387094
386076
387717
386517
454458
388262
469471
446279
459455
387035
385085
387256
424532
387327
386458
386753
387151
451019
386125
386299
387542
386685
392239
387222
386400
385948
404488
386958
386103
474998
386825
387140
386604
386542
387342
386029
385817
385651
385381
386405
386016
385901
386185
385706
385656
386240
386067
384322
385572
390959
385500
392691
385537
386371
385410
385670
397779
386169
385493
385246
385498
485616
386562
386385
386557
387710
427305
384796
386902
386635
475603
386823
385353
386049
385734
393228
386160
386807
386768
385978
386854
387480
387127
386162
386287
385890
386247
386267
385555
386496
386447
393409
388140
386658
385968
387174
386948
385850
386351
386255
386521
385937
385445
386915
386362
386277
386823
384921
387162
386624
385986
469481
385785
386103
385681
434127
384975
385303
386380
386506
392784
384812
386575
386772
386218
391966
384897
384970
385522
386206
399707
521403
385380
385454
391414
385424
385521
385229
384779
387084
385426
385516
385460
384913
386650
387435
386099
384820
385148
384741
386962
386585
470589
385646
407907
385926
384950
385966
387544
444423
385252
386310
387791
386441
457251
386810
385871
385866
386747
390973
386200
386997
387144
387670
386151
386383
385758
385946
391432
386892
386043
386025
386521
386021
386058
385985
386348
386271
386204
386305
386942
385775
386767
436273
387392
386390
387069
386044
387279
385525
386271
386770
388250
386223
386073
386016
385706
386356
392749
386099
385389
386188
385590
426190
386393
386214
386878
384990
398438
386657
421013
385202
386971
392676
385438
386366
386369
385151
391882
384241
385742
385131
385195
386685
474118
385841
385141
385708
386288
386039
386565
387138
385684
386701
386014
386525
386837
386434
386541
386881
386393
386309
385976
386892
386453
454939
389527
408972
413082
397558
386711
386361
394790
387225
387691
387040
394156
388479
387666
386066
387389
390194
386252
387723
387189
386046
387492
387377
386671
385972
385643
386587
386491
386321
385828
386176
386270
386003
387509
385935
385781
396704
386628
385703
386164
472157
394144
386042
386232
385981
387716
393963
384355
385421
385400
386657
398952
386288
385504
386462
385066
426422
384999
385416
385810
386058
386154
385667
386013
385650
385384
386471
385873
385557
386611
385566
385596
386380
385393
387034
392010
386939
385806
386754
385814
385745
472545
386486
386136
385932
385364
386458
386012
386005
386584
386697
387171
386045
386785
387271
386156
388487
386259
385251
387774
391861
391408
386205
387143
385961
426113
385487
386531
386062
385705
401419
386227
386291
387309
386505
392857
385096
386472
386046
386038
393661
385299
472806
386272
385888
430895
387349
421308
388060
387395
386838
386084
386861
385991
388965
387191
387363
385840
385703
407878
385250
385590
465059
385821
413991
386753
384847
385326
383849
392787
385509
387203
385330
385293
440165
384553
385291
385098
385351
386285
385115
386267
426099
392963
385413
386416
387082
385969
397733
387875
386845
386407
386541
385745
387230
386002
384843
385691
386363
384939
386179
387508
386013
458241
386481
385226
386228
386147
386164
385647
386000
385699
385910
384973
386185
384828
386540
410094
408389
386090
385317
385518
387018
459785
387839
385929
386063
387581
409005
385860
386469
386254
386465
402988
386723
386702
387217
386508
387171
386382
387235
386823
391956
387701
458397
386069
385765
386520
386564
385838
385104
387235
385387
385280
384926
385446
385499
384876
385602
385407
385423
385428
385889
386098
385486
391318
386122
385090
385879
386850
432054
399776
419915
386378
386577
386389
386885
423956
386175
385983
386254
386987
397354
386286
386097
476219
392429
388239
387230
387626
387865
387344
386698
384539
386224
386383
386417
386515
385965
386800
386360
385660
386670
386194
386364
386686
386162
386372
387327
386223
385171
392352
386862
387277
386102
385664
392059
386854
387089
385736
387613
432992
385914
386419
385956
385748
477569
387327
385939
387945
386113
393124
387208
385636
386017
385631
397776
385294
385117
385656
385970
385961
384409
386092
386099
386193
388651
385746
385748
385416
385297
385857
385487
386093
385590
389469
385467
385358
385934
386177
385680
385541
385217
386066
386789
386631
386386
469286
386240
386571
387040
387072
386254
387351
385523
390695
385943
386515
385758
386562
398509
386994
385557
401184
386678
393862
385671
428930
386482
386356
392957
385778
386855
387005
386411
441964
386172
393345
433491
388449
387007
386449
385897
386143
387205
385589
385033
385984
471955
387899
386847
386593
385966
387298
397517
386265
387140
385619
387408
433441
386914
385535
384974
385405
398448
384956
384824
385503
386727
393191
385386
387472
385871
386840
391737
386324
386208
386386
386808
395204
386300
385326
386329
385528
386096
385241
385278
385675
387203
473427
386018
385999
387934
385916
385919
385504
387762
385741
386344
385764
385802
385758
387344
385722
388619
385508
386494
386362
386546
385943
386520
385851
386506
392619
386770
386297
386239
386093
391116
385914
386256
387699
386126
397851
386058
386118
386466
386586
391844
386337
475710
386938
385903
428041
385870
386052
386480
386290
398357
387569
386392
387787
386228
388009
385778
387051
386278
386575
386074
387098
389312
386783
386112
386589
385454
384265
385516
386874
385909
385554
385766
385695
441844
515721
388264
385978
386235
414936
385880
385635
385933
385637
418751
385923
385472
386470
386854
439800
387131
400717
385502
390785
387772
386569
386704
386364
392392
387179
387607
386155
386017
475648
386559
387609
395633
386773
386234
824087
794863
730331
730510
738381
729429
729434
444972
386202
386045
386717
386515
387288
439083
388420
385749
387984
386087
386135
386727
387289
386673
385311
385849
387416
386411
387569
389013
386936
385882
386172
391863
385894
385897
385111
385982
400403
386864
387329
385961
389371
411511
386378
384145
384836
385046
392334
384992
393586
385201
385058
417711
385038
385425
385608
384807
392802
385671
384899
384856
386589
392326
385372
385792
385419
385530
398983
385248
386852
402275
385406
385804
385633
386047
386439
385993
400746
385513
385930
386052
386370
386065
387087
394940
386482
423296
394543
385213
386410
386356
392132
447709
562070
415497
386646
416404
386827
385988
386686
386011
399067
387328
386226
386599
385857
387038
387520
386181
386336
387354
385922
386510
385499
386795
390403
386190
386657
386721
385680
387720
386976
385708
386488
385402
389117
386863
386633
385865
386286
387883
402936
386517
385394
387365
385680
385253
384946
385028
385302
401024
388102
385257
384242
384337
386462
387009
387295
384882
385277
385930
390620
385476
385521
385476
398007
385123
386549
388191
385940
392355
386579
386186
385285
385859
394063
386593
386886
387055
385963
399486
386278
387746
387766
386056
411737
385816
385693
386731
385360
394343
386463
385746
386066
386375
398865
387087
386556
386373
386533
385822
387148
386752
401580
386076
387263
386312
385813
386858
400122
395114
385388
385678
386112
388028
387098
385619
385982
386015
391114
403186
386437
417822
415258
387036
387714
385100
386634
386834
389467
386082
385027
385871
385597
385319
386325
385418
385238
384926
385591
385504
384610
385737
385189
405324
385677
384828
386873
385414
391756
386024
384991
385040
385802
397814
385285
387278
385881
386704
411040
385555
386148
385868
386638
393818
394569
386274
386405
386278
399595
386677
385929
386666
386145
392111
386428
386012
386707
390660
397275
386396
387482
386834
386052
394533
386165
386732
385554
397766
414476
386401
386541
386288
387884
385933
385900
385983
386196
386682
386027
385789
386265
386234
385978
386298
385712
402460
386022
386332
385653
386787
386490
385372
386046
386413
386992
386069
387576
394236
386115
385569
385502
385256
390624
385563
385618
393176
385427
397921
385683
385263
385178
385964
404082
385666
385997
385425
385707
391384
384222
385515
385326
384819
398833
386076
386233
386499
389315
396475
413529
402002
386471
386259
396411
386148
385767
386184
385549
395373
385952
386262
385931
391949
386307
390315
502690
386293
387153
386360
386015
385906
385430
386523
386424
386168
386389
385759
391180
385211
385972
385819
385155
400032
385905
385299
386610
386370
398690
402054
385355
401242
385731
393156
385266
386767
386136
385908
392204
386775
386006
385757
386783
398996
386718
385720
386472
393127
410192
385391
390582
384859
384871
386145
385834
386099
385890
385261
386418
386142
385135
385791
385597
385531
385809
385701
385684
391740
386025
385229
385597
386413
403718
395185
386861
385899
386203
386396
385894
384641
386284
385629
386082
387171
386308
386523
418332
387548
386344
387116
387305
402737
386700
386109
386518
386901
386544
386020
386598
385664
385647
386038
397080
386271
386249
385191
386503
393391
385654
384732
385190
388251
391407
386456
386369
399996
409350
414222
386380
386523
386184
386661
412435
384925
386223
386604
385703
408326
386432
386073
385331
385585
424062
385894
385948
386477
388353
393249
385817
385426
385920
392642
400088
384685
385728
385485
403503
385767
384493
386024
385606
385355
384489
393498
385324
385189
385748
385998
385295
385464
384728
386298
386064
387004
386875
386607
386102
386545
385511
386488
386501
386209
457643
389155
392251
386194
403015
386695
386644
386846
386009
392705
386711
386477
386388
386445
392689
387296
386339
385931
386237
399703
387583
388328
401834
386298
411794
385819
385825
386175
386191
388305
385961
385717
385996
386065
387289
387201
386298
385665
384886
385292
386088
385977
387000
386259
386310
386893
385958
386723
389199
386523
386093
386156
389245
391313
386019
385138
385208
385273
385049
386475
385493
387205
385753
395319
386523
385040
385725
385400
403747
391576
413991
385256
385378
386284
385842
385865
387279
385436
404558
386568
386964
386371
386952
406870
386727
386426
386182
385205
408262
386364
386130
387205
386394
401763
385501
386151
385654
385981
411000
386476
386328
385250
384994
392427
386080
386648
386396
386252
396950
385195
386065
385878
385155
386762
385478
385776
385027
385818
386907
386484
385684
386476
386389
389855
386143
402672
385971
392262
386373
390233
387091
385544
384909
386103
386016
386309
386126
386045
385589
385806
385788
388257
386115
386421
385423
389877
385455
386154
385535
384409
386177
385656
386017
385923
385071
385416
386417
385894
385265
385074
385041
385198
385849
386897
384740
385179
385628
396692
386310
394072
385968
385457
401463
386819
386955
386699
386020
392000
386374
385602
386072
387253
398392
386298
387047
386020
386439
408825
386905
386452
385946
386266
392162
385352
386483
391775
385628
413200
384909
385424
386309
386618
399204
385874
385863
385835
385570
392709
386491
385912
385648
402679
387162
386232
385765
386296
385566
386653
386524
385912
385661
390282
386292
386673
385963
385815
386058
386533
401717
386571
386586
386753
385478
385908
384915
386655
385361
386285
385383
386240
385469
385632
385570
385953
386304
387237
386194
385741
385163
394405
386264
391142
385590
385957
386064
385749
396760
387020
385991
386054
385456
390662
385837
385306
386165
385355
393095
385400
386326
386109
386592
418018
385749
385478
385880
385886
392516
386537
385238
385588
385785
392379
385491
386626
385474
385545
399251
385718
385879
385093
397350
391914
385403
386191
385890
386037
411533
385900
385476
385185
385926
387131
386748
386417
393479
386503
385987
385103
386700
385540
390937
393608
385832
385100
386116
396474
386108
386275
387685
385981
388931
403245
384845
386030
385872
385371
384921
384146
385950
386189
385370
385921
412714
392565
395655
385399
385645
385433
384963
385040
396659
385387
386140
386577
386496
412511
385701
384970
386034
386649
408376
385551
400639
385622
386471
393300
386057
385283
385985
385935
398031
386412
386475
386663
386739
398280
386345
386113
385990
386171
410946
385722
389688
386451
385873
395021
385330
384610
385918
385995
386804
385270
385588
385858
390006
386430
386003
386702
386368
386191
386344
387544
385710
400909
389219
385952
384718
386478
385051
385573
386000
386529
386050
387391
387145
386281
386703
386287
386660
385584
386240
385691
384666
384711
394961
386541
385104
385543
384601
385805
385859
385800
385096
385055
391449
384121
385126
385513
384305
391117
385552
386099
384825
386945
398811
386367
385933
386038
386167
391825
386084
386290
386028
385915
411472
386336
385881
385631
386066
398331
385854
385785
386213
386085
405579
401374
415021
386553
386328
394404
384833
384993
386193
385579
391419
386657
386156
385839
392642
386698
386271
386186
385795
390570
386962
390383
384676
385609
386204
385822
384566
386588
386526
386151
387559
385702
385550
386807
386133
386668
386181
385628
385625
386423
386364
386229
388565
385456
385559
385658
384906
385666
385773
385035
385352
385573
384859
384725
396036
385398
385112
385918
385141
390895
386038
385506
385606
402123
401224
385836
385795
385280
385928
398622
386008
387937
385451
385690
392008
414458
386244
385925
395763
407889
386175
385905
385551
387630
414331
385812
385957
386371
385477
399461
385613
385379
385238
386932
386434
385788
386131
386098
398666
386389
385724
384973
386580
385867
397916
385993
386263
385799
385585
386589
386286
385938
385942
390545
386504
385166
386565
385919
386120
386289
408341
409543
386184
386176
385372
390403
385973
386840
387132
386026
387110
386006
386441
396480
385312
385844
386136
385923
400907
385474
385543
386780
385146
414551
385944
385756
386118
385183
392403
386095
385492
385611
385204
392521
384899
385773
384890
386729
399035
385702
386221
385866
386060
411241
385392
386167
401369
385944
385172
386049
385507
386414
385961
387533
387542
386090
386002
386201
386218
386026
385526
385356
387990
385880
386637
386061
391823
403476
385571
385621
386755
386069
385793
385549
386260
385618
386471
386555
386297
385384
386036
386065
384928
386108
385406
386951
385616
385941
385908
385767
385745
385953
386599
386589
387319
385691
386279
387446
385835
385099
385701
384904
385653
385483
385210
385452
385861
390557
401768
385042
385338
385092
416188
385765
385541
385615
384773
406881
385076
386489
385197
385261
392254
385081
385187
385803
390403
399599
393082
404751
385713
385847
406168
385931
386747
385914
386793
394531
385001
386225
385584
387393
392382
385278
386381
386028
394379
387290
385765
402032
384942
388466
386010
385865
385129
385865
386239
385867
386007
385134
386379
386074
386349
385908
385408
386180
386826
385590
385754
390188
386233
386655
385799
386145
385875
386082
386734
385769
384816
386668
386561
386635
386537
385035
386480
386434
397508
385592
385524
384906
385489
401207
386748
388746
385582
387077
392432
385992
384901
386210
385312
399089
386131
385915
385457
385485
391881
385065
385226
385517
386833
408724
385348
385344
386366
386671
418019
386236
385215
386397
385758
386596
386495
385782
385873
386503
386276
386334
386501
386262
386360
389686
385659
386617
386726
392672
386099
386183
386138
386476
397718
386691
385955
385507
385646
385940
386250
386124
385734
386450
385787
385583
385925
403864
404344
386576
386046
386356
386763
385952
386238
385749
385549
386722
385788
386036
386640
386189
387009
385758
396752
385561
385964
401545
385831
397911
385921
386169
385071
385819
394036
387713
385329
384848
384848
393007
385502
386082
384415
384983
417376
385736
385169
385720
385916
392338
385539
385661
385241
385478
400556
385897
387339
387831
386338
387468
386943
386576
386930
386805
385489
385823
385987
385707
408605
390839
385745
385818
385221
396933
387033
385493
385325
393838
387554
388226
384771
386553
386491
386617
386337
386453
385673
386012
386710
390094
386373
386777
385568
385993
385699
385972
385879
385524
385758
385635
386141
386095
417002
385191
386132
386096
386423
386317
390804
386495
385993
386924
385400
391458
385917
386909
384995
386137
411921
388167
385151
385892
384479
391492
385032
385592
385204
385778
392100
385293
401875
384564
385184
398943
385878
410329
384661
385459
406483
385873
385364
385359
385272
397348
386126
384415
386538
385981
390414
386315
388244
388400
398494
386455
385809
385757
387133
386392
386413
386114
386058
386241
388136
386594
412438
386413
386535
385632
386608
386416
386221
401815
389233
420743
421817
420709
420463
435586
418485
385446
386763
396124
385928
386746
387198
386345
393418
384950
385473
386227
386260
403086
385813
385004
385627
387641
386569
385996
386267
386391
386188
385955
386543
386154
387096
386490
386690
387656
387113
384809
386727
385705
396421
385692
385493
384980
385108
385838
384403
391965
385404
398987
386097
385394
385402
385154
390779
385826
385413
384615
385493
391518
385095
385992
385635
386351
398792
386299
385347
385493
386042
412055
386224
387185
386005
386180
392615
386181
386325
385599
385920
398270
386620
404084
385576
385790
393368
385195
386408
386044
394657
391156
385908
386156
385748
403656
391112
386876
385718
387812
398169
387684
386571
391338
387222
391772
386873
385842
386485
386051
386616
385305
386786
385451
385383
386703
386098
386055
386763
386527
385868
387169
386547
386417
386181
386989
386705
385202
385391
386469
385426
385397
386295
385893
385094
392385
526656
388405
384600
386078
402129
385783
386122
386045
385452
426031
385792
385807
386575
386515
390985
386372
386109
388269
388761
386966
385866
386235
386983
386547
396082
386312
385743
386843
391939
386995
387555
387159
385825
389859
388025
385996
387088
386366
388238
385957
386046
385902
386701
385666
386249
386362
386156
386792
392300
386137
402163
386713
386038
386621
386863
385960
386366
387207
386217
386958
386662
386311
387168
396383
385703
386174
386478
386663
391632
394695
394385
386855
386224
394873
386384
388251
386283
387683
399027
387126
385853
385785
385774
410627
386562
386289
386271
385392
393010
387092
386520
394087
387574
399174
385896
384511
386209
387230
386421
386161
385293
385021
384995
386052
386180
386666
386704
386368
395467
385630
404590
386683
417928
400353
386540
386601
386283
386960
386441
386402
387770
386100
387243
386507
385959
386948
387127
388958
387021
386443
385581
386000
386641
387080
385808
385756
386436
396884
386186
387047
386223
385710
391414
386892
386666
386550
387048
392511
386111
386084
387679
386137
399178
402156
386775
386505
386981
411865
386689
387893
387275
385848
392722
386080
386445
386019
386064
399583
386044
385333
385402
386422
385405
392318
385636
385886
385447
396363
385932
384749
385769
385884
392643
385717
385261
385205
391463
387088
386043
385906
386312
385722
386515
386932
394377
387391
386077
387276
386878
386239
386507
385795
386525
386612
386839
385972
403926
386438
385782
390691
405815
388109
386397
385467
391708
387883
402013
386038
385243
386020
385506
408072
386330
385196
386251
386005
414486
386310
386527
386033
385658
413016
385393
387605
387847
385968
392917
386808
409007
385664
386252
388552
386583
386921
386531
385848
386700
385970
386515
386550
385958
387883
387029
386154
385211
390469
406014
386215
386599
386970
386622
385472
385393
385328
385064
384888
385452
385965
384950
387114
385970
386468
386093
386386
385294
384674
392126
385496
385809
385306
386208
387740
386272
387200
387415
387044
386122
386182
386468
385714
387049
386215
386141
386664
385901
387294
385837
395352
387108
386743
398073
385781
385941
386581
385993
403284
387529
386150
387936
386566
392852
386399
386293
385888
387198
398078
386207
386047
398782
410433
433855
386606
386561
386629
386963
386939
386479
386401
387259
391667
387042
385597
405248
386419
386568
391076
403038
402754
406493
386655
387953
386881
386016
385940
386235
394723
386073
386802
385600
402216
387042
385686
385123
384812
405736
385816
385447
386621
392989
398955
385281
385891
387567
385272
391918
385595
385498
385292
385079
392238
387407
385945
386760
386982
399124
386026
387721
387111
387166
412243
387065
387012
386918
387550
387858
386323
387254
387952
387057
388305
388569
387083
387478
392778
387432
387053
387068
388390
384306
388169
401565
386517
386226
389823
386552
385489
386218
387118
387100
385514
385989
385829
387031
397065
387035
387529
387886
386512
387110
385990
390322
387093
386651
385984
388323
386705
386663
386916
387002
386697
386626
387209
387508
398284
385998
386714
384773
385689
391282
386150
385540
399434
385653
392003
385783
385712
385336
386242
398720
385294
386459
386626
386402
410208
385326
386722
386512
385521
391843
386958
387205
398873
396899
391851
387728
387256
386109
398252
386574
386368
386827
386313
397446
387782
387659
412060
386835
390447
388461
386894
387327
386169
392880
386962
387844
385825
386410
387635
387072
386792
385709
386813
386400
386613
387021
386405
386154
390787
387436
387791
386984
387101
399474
397950
388165
386521
386706
399010
387344
387632
387106
386952
393628
386951
387135
386707
385988
391322
386882
385993
387141
387248
399996
386247
386362
386224
386034
410703
385440
387166
385943
386991
386130
386204
386817
385794
386817
387127
385428
387200
387272
391182
386704
385025
402979
385753
393578
385835
386553
387800
386594
392046
387808
385976
386734
387293
386164
387151
387278
387179
386970
384741
386562
387088
390913
386458
386378
385943
386046
386415
386471
386685
392011
386318
386488
386902
386147
387018
387211
387420
386973
397486
386201
387062
390956
387078
428480
386291
388043
386816
387092
409918
388404
388575
388126
386468
416030
386447
387248
387235
386384
412647
386679
386609
386640
386059
393628
388181
387171
386806
387745
386827
385541
386600
387277
392442
384997
386273
385418
385415
391074
385513
386070
384846
385664
389736
386136
387344
386236
386107
386145
385849
385691
386832
385307
386869
385924
385897
386718
387143
387227
399828
387433
387155
386710
386989
387915
403277
388913
386759
387017
387632
387858
386808
387382
398479
388327
387833
387255
387116
392305
386961
387664
386928
387457
392648
387282
394432
387984
387206
399480
388204
387778
386708
387365
412401
386976
386447
387261
386996
394312
387140
386842
387036
386898
398030
387481
388092
391814
386538
388039
387103
387848
386884
392210
387878
387192
387532
386501
393833
388352
386756
385881
386751
386285
387015
386554
385970
386851
403075
387581
404182
391570
401927
387516
387144
387375
384853
385166
385685
385813
383689
385772
384123
393885
386334
384956
385389
384212
407158
384649
385180
385342
385220
408972
384220
384439
384226
384992
392240
386800
384796
384195
386204
397314
385887
386129
386327
385718
409644
401938
386302
386913
385742
392151
386761
386208
386516
386148
397930
386439
386010
384999
385174
386739
385517
384612
385790
384919
385818
389298
386395
386033
386541
393507
386185
385963
386054
390907
386300
385971
386074
385978
385625
386797
386282
385884
387464
386179
386319
386768
385121
385814
385508
385507
386244
385926
385641
385951
385902
385108
385236
385772
385297
385831
385443
384406
385213
384485
384206
387046
384830
401221
385424
386479
387129
385944
386157
397513
388154
385935
385695
385791
399677
385996
385828
385375
385055
391441
385961
386644
385343
389632
398506
386515
386133
388064
390902
391675
405700
404299
385845
385785
408115
386829
386246
385534
386396
415322
385669
385952
386997
385388
493948
411102
392200
386284
386961
386741
385959
386294
386368
387111
386530
385643
386843
386343
393752
387603
385918
473178
386032
407887
386447
385848
385777
387289
398806
421309
385125
386553
385617
393103
386838
385231
386997
385953
386314
385863
385654
385230
384295
387630
386174
402157
385361
396518
391411
385744
387014
385820
391555
387381
387016
386013
387640
386491
386097
385660
387462
385984
386198
386171
386305
385915
386401
386164
385710
386663
387194
386701
387569
386985
386760
386777
385842
386395
387104
386212
386656
388040
387612
387521
386505
385708
400360
396335
385527
386620
386371
385879
391277
386059
385788
386162
387127
401020
386923
386196
386693
385801
398544
385125
387307
386069
385610
400677
386484
386551
385683
386076
404641
386859
386561
405351
388223
414129
386097
384905
384949
385986
396871
385691
384612
386305
392451
386648
385929
386444
385759
390753
386558
384965
384945
384643
385203
385680
386115
386276
385512
385886
385802
386372
385978
385809
386765
386172
402462
386042
386841
386364
385046
386036
386070
385879
386546
386611
386433
385760
385720
385945
386124
386244
386401
386962
391991
386326
392569
385933
386595
402450
385396
385789
386456
384980
398226
385530
385918
385920
386208
391288
385973
386817
386188
385815
392192
386025
386734
392645
386671
398953
385851
386017
386016
385823
411450
386235
385915
386037
386391
392597
386862
385756
386148
386495
397311
385865
385490
384932
401775
387636
384616
386103
385575
385277
386654
386880
385501
385861
404022
390666
385686
385002
384687
391144
385507
385792
385607
384898
389539
386282
385857
386099
385703
385823
386074
386092
386300
385567
386593
385713
386464
390252
393875
386456
386974
399170
424698
386141
406435
402756
385864
386331
387262
409315
386530
386444
386025
385341
407409
386031
385564
385748
386160
415190
386700
386082
386480
386268
409408
385871
387400
386606
385406
386366
386493
386595
385809
386538
385841
386058
386505
386525
385687
385964
386378
386192
386334
392482
386410
386167
395739
387045
389913
386047
385456
385709
384489
385506
386058
385401
385405
386970
385573
385403
385512
386177
384341
385334
385963
385394
385240
397512
385875
385288
385155
385355
385563
386185
386409
385884
386288
386203
386392
385966
386014
386541
385703
393561
386711
387288
385470
386331
390491
386261
385965
386074
386168
399066
386328
385856
385721
386077
406458
386790
386939
386089
386988
392341
387655
389790
401303
386459
415091
385968
433589
390525
393765
385665
386604
385003
386221
391871
385871
385914
385630
403177
389140
420335
419268
386100
386464
385963
386832
386168
385738
386219
385862
386827
385826
386216
393219
404534
385450
384937
385483
386280
400615
385209
385611
385551
385388
405976
385738
401561
385374
385854
418973
386421
386251
385801
385568
392061
385158
387218
385356
386264
391875
387208
386013
385767
386601
397919
386009
388350
386109
385896
397234
385572
386822
385585
385610
386106
387245
385614
386465
398122
386899
386032
384839
385743
391062
386374
386253
386225
394277
386595
386996
385927
387521
386832
389222
385860
386795
386011
385812
386447
387132
386535
386902
385608
385962
385383
385921
385675
385806
403028
385827
386453
386139
386833
393998
386964
386199
386258
385465
386761
386856
386256
385896
386374
397179
387472
384860
385328
385167
391932
384494
384881
385111
384485
389932
384263
385279
385034
385127
400834
384919
385744
385563
385604
411062
386009
385950
388761
404024
420659
410007
387544
384910
386414
392649
386066
386273
385022
389263
386288
387070
386411
385993
398995
385024
385558
386011
498730
388497
386058
387060
387614
400063
385712
387920
386965
385782
386470
391899
385872
386020
386162
387250
397335
385741
386644
386830
385334
391400
385657
385847
401977
386418
408769
386743
386356
386870
386486
398792
385216
386338
386374
386300
392630
385557
385598
385488
386054
391966
385766
386633
393866
386823
406238
384610
385083
385033
385716
401802
385061
385180
385049
385380
385402
385394
385230
385384
385421
386943
385318
385101
385306
391488
385195
385005
386724
385125
390092
386138
385488
387713
386907
391114
387430
386134
385820
386681
385916
385993
385885
386009
385177
386371
401251
385590
385612
385896
385887
385822
386348
386128
387791
386499
385088
386755
385547
385437
386875
386393
386061
385903
389936
403179
393253
397519
393264
409092
434296
395799
386105
386041
386542
408662
411912
386897
386540
386242
396119
386345
385464
386943
386081
395178
385418
401741
386015
386130
385944
385766
385807
386499
384946
386023
385524
385748
385000
385024
385021
385418
385059
385000
384857
385884
385066
388583
385486
390319
385807
385822
385389
385338
385699
384256
385034
385320
385066
385130
386162
385887
384527
385612
386336
385426
385573
385969
386790
385926
385321
385878
386103
386412
394571
386369
385895
384886
385771
397004
386073
385273
386195
386553
390861
387141
386232
386591
385665
407921
385140
385758
385616
385507
398248
385912
385778
385864
386127
411243
386210
386056
385407
386676
392567
385462
386555
386767
385730
404398
386438
385943
385861
386061
391845
386969
386300
385466
385997
386051
386285
386658
385359
385465
396021
385457
384711
385656
391128
387553
385170
403098
385276
390288
412574
410340
385609
384967
386511
384713
385156
385014
385163
386358
384600
385757
386100
385673
386536
386113
385775
394491
386060
386857
385489
385665
386248
386274
392018
385249
385521
385795
385750
391296
386096
385769
385670
385706
399135
385955
385690
385908
385846
411064
388755
385751
385487
386330
392213
385494
386055
385780
385566
397732
386329
385610
386090
385583
392988
386442
384563
385762
401757
385535
386930
386296
385683
386714
400304
385837
385254
386197
386204
385378
386219
385910
385555
386926
386538
386742
385949
384597
385450
389289
385177
385248
385015
386011
385961
384712
384064
385060
392422
385507
384349
385203
385284
384897
385459
385206
385372
385617
384588
385057
384922
384626
384883
387078
385763
385824
386542
386656
386968
385639
386459
386053
390688
386439
385576
386079
386818
386188
397457
386563
400978
387246
387462
416241
386940
410678
385638
386279
409292
386207
386499
386226
385845
408719
387058
386221
385647
385778
418192
385550
387280
385345
385285
386812
386917
386104
386387
385274
386140
386296
386057
385138
386028
386405
385382
385960
386447
386756
386445
386607
386266
391662
398629
386526
388916
385749
385498
385218
385228
384675
385333
384994
385210
385051
385846
385119
384645
386422
385667
385671
385586
385123
401551
385402
385617
386224
385614
386719
384932
384769
385285
385947
385898
385607
386154
385535
384772
385394
387017
385217
385818
385701
393520
385800
386677
386343
386540
391188
386425
385363
386394
385118
411015
386536
386432
386268
385553
392051
386311
386280
386145
385835
392703
394316
387023
387439
386521
399110
385047
385735
386314
385569
392344
385259
385596
386654
385976
410961
386275
385904
385757
386068
386498
386522
397769
387100
385973
386707
385824
385644
395792
391904
391412
406350
385642
383956
389462
386226
385171
385478
385081
390705
384992
385122
385471
385323
385877
385207
385911
384515
384608
385389
386059
384882
385507
385367
384707
385139
389492
385881
384860
385065
386065
385853
385759
402188
404625
386273
386790
386297
386045
392016
386651
384994
385179
386008
391634
384882
385735
385336
385469
397814
385198
386185
385944
388571
391352
385595
385907
385297
385352
411681
385994
385857
386088
385959
398637
385445
385151
386112
386563
391851
384651
385412
386098
386325
386044
385233
386302
386261
386002
387529
386787
386407
386263
392044
392371
385189
386127
386609
386495
385938
383948
385386
385526
385183
386089
401574
385048
384905
383835
385451
384650
385728
384983
385222
386498
384799
384329
384706
390133
386360
384691
384743
385640
385031
385289
391351
386483
385940
385639
384895
385887
385868
385946
385909
384819
403432
384856
386420
422761
396708
411991
386711
386417
411592
386479
386436
401566
386339
414703
386790
385201
385730
386297
408842
385817
386428
385407
386096
392244
386608
385662
386115
385979
386994
386176
385030
385582
391224
396340
384928
386135
385251
385949
385927
385317
385313
385788
386033
384640
386172
385319
385958
386313
385786
386468
386266
386031
393204
387038
385264
385198
384603
390598
385595
385735
385531
384663
386135
385334
384902
384902
385455
385051
385778
386006
386818
385050
386303
401785
386461
385357
385096
385842
386065
384764
386772
386499
386406
385905
385842
386009
386509
396925
385742
385898
386229
385168
392211
391153
386179
385809
385397
392125
386249
385877
386515
386032
398818
386031
385640
385155
385916
410219
385787
385522
385891
385339
392826
386510
386090
386110
385519
398009
385617
385022
385404
385616
392526
386402
385550
384729
385858
386294
389153
404684
386632
405424
386070
385919
385819
401705
388340
386592
386077
385928
385528
391004
409142
386522
385782
384114
385868
386963
386211
385673
385185
385718
386008
385598
384805
389592
385460
385895
386530
385280
385345
385826
385681
385600
385265
385406
390893
385716
386501
386529
387603
391216
386428
386652
385976
386067
408016
386461
386304
385851
385975
411542
386056
385222
385190
385936
392346
386245
386212
385757
386361
398834
386009
386128
386763
386280
392634
397627
385807
385947
386003
392479
386047
385606
386012
386057
413644
386427
386043
385821
386708
387058
385583
385625
386768
386166
385129
385679
386484
386068
395992
414058
386093
386355
386542
385884
387334
387062
385673
386500
395321
386090
384741
384894
384041
384908
385103
385463
400421
384190
385440
385747
385213
384757
385339
385580
385552
384947
385085
384766
385672
385719
385556
396607
396683
420251
385325
385934
387204
386114
405970
386784
388188
386621
386213
414201
385993
385664
386604
386085
408497
386520
386521
385858
386160
393601
385844
386016
386329
385663
417432
386211
386811
386611
386959
386492
385808
386457
391753
402814
386626
385361
386414
385252
398683
386160
386091
385974
386046
389647
402179
385515
386708
387040
390134
387871
385997
385980
386111
386248
386193
385854
386078
385588
386229
386551
386223
386506
386005
385962
385663
385128
384753
385033
385589
385889
385069
385256
385142
386343
387107
384366
385788
385332
390016
385062
384885
385467
385443
396172
385629
395121
385693
385544
394122
384949
386755
385974
385713
409452
385941
390506
385839
386128
432725
386345
385814
386222
386236
424908
420790
421855
422272
421841
421830
404330
386049
385858
387279
385066
385654
387315
386012
398414
386177
386279
386621
387127
408065
385759
390634
406091
390670
415751
386236
385486
385874
385784
408138
386685
386233
385899
384835
407219
386381
386272
386308
386298
387221
386833
385505
385558
391494
392507
386431
385827
385540
388031
386235
385072
385405
385996
384441
386637
385256
384881
385315
385240
384962
385343
385454
385797
385881
402068
385093
385099
384139
390131
385314
384560
385375
385444
385291
385400
386339
386853
386178
386193
385824
386014
385730
384997
386099
392228
386264
386195
385920
386273
386652
385904
385973
385317
396915
386009
386169
385825
386617
398199
385407
385178
386271
386177
391698
386576
385995
385117
386269
394077
387190
386024
385825
386070
398919
385773
386281
385747
386664
410648
385830
385412
385793
386070
392209
386148
385556
401998
386281
397510
385369
385564
385740
385772
386082
385376
387056
385756
386578
385637
385932
385748
385308
385536
405312
385706
385082
389274
385448
397159
385657
404660
402795
388401
385412
385453
384666
385480
385615
386352
385137
390365
385227
385668
386542
386296
386262
386017
402314
386135
386726
386235
386559
397321
386293
386370
386004
385443
392732
386252
386425
386497
385731
391810
386210
385623
386053
385681
398434
392079
386374
386142
386004
411257
386369
386684
386108
385666
392609
385205
386302
386635
385576
399146
385770
387187
386175
385792
392630
386499
386432
386184
385602
391684
385904
385996
386299
385656
396834
386503
386296
385973
387255
386967
385618
385918
386405
385251
386487
384190
401561
385726
386393
385705
385279
385264
385340
385309
386249
385625
385462
385952
391294
385079
384578
385835
385523
387025
385281
385107
413541
385423
385341
385283
385606
386165
385928
386032
386695
386725
385752
385515
385951
385971
386894
384790
385438
398400
386061
386310
386082
386630
391438
389113
385990
394701
401183
413942
385155
386044
386058
386265
409038
386818
386677
385221
386348
407794
386560
386428
386108
386333
401402
385757
386350
386294
385501
386796
386680
385713
385786
391948
385939
386425
385471
386477
387937
385522
385771
385998
385572
397665
386140
385532
386298
386284
389680
385193
385420
385047
385130
385559
385572
385023
386831
385625
385683
385823
384811
385557
384734
387044
385251
397628
385837
385227
385878
386182
385543
386097
385629
385483
386830
386081
385956
386481
385833
387082
386250
387841
385546
397623
385627
387457
397119
386423
392237
386049
385371
386787
386898
392278
386216
385704
385698
385878
416531
385972
385733
385559
385815
392644
385357
407963
386503
386181
391829
386123
385096
386010
385980
398482
385985
385945
386052
385922
386351
385865
386435
386038
386461
398597
385865
386650
386222
414234
386152
387184
387445
386180
409448
386322
386586
409233
405097
385210
387090
384813
384711
384747
385408
386034
384595
385602
384870
388079
384975
385432
384473
385122
385246
386141
385860
384798
385482
446603
448447
642103
471956
501866
517432
502817
527901
501112
418823
385776
386663
386153
386864
385953
386030
386979
386420
386040
385794
385439
385669
395400
385624
385526
386155
385775
406360
386354
401553
385096
385847
415024
386252
386132
385994
386710
410615
384927
385454
385366
386084
399241
385284
385889
385829
385860
391639
385447
390440
386057
385694
392457
386208
386102
385938
386834
386606
387743
386265
385936
385860
398823
385713
385292
385651
399933
398605
384887
385960
385463
396558
387524
385303
385502
385310
384907
386921
385232
385016
385261
384726
386042
385676
385041
384138
388822
385756
386133
385591
388000
401517
385267
385914
385382
385572
385982
386344
386239
408338
386188
391121
408513
394549
385556
386791
400543
385877
385372
385576
385870
404366
386004
385981
386093
385153
414454
386349
385929
386213
385938
408533
386733
386154
399637
385437
393037
386167
385454
385771
385947
398410
403229
386051
386398
386081
399894
386756
387060
386115
385992
386517
386980
386853
385629
386830
386479
386724
386039
386311
392614
505021
393869
387944
387372
389979
386539
386056
385981
385569
386329
385670
385790
385248
384369
391122
384671
385922
385230
385052
391113
385414
385294
395799
385349
398228
385889
385722
385855
385159
392085
385047
385374
385883
386044
411022
413687
385752
386780
385279
414945
385439
385369
385146
394300
408464
385963
386131
385974
386678
396001
385215
385573
385404
385840
391711
385301
385577
385827
397126
387091
384968
386272
386029
385832
385548
385337
385472
386393
386692
386262
386801
386364
386673
385669
407784
403533
385573
385753
385682
385649
385566
386017
386480
386825
402381
386062
387597
386459
395194
386013
385843
386213
386799
401333
385277
385063
384802
385373
412774
384277
385535
385249
384300
390577
391232
385535
385154
385397
409342
384965
385011
384728
385488
398796
384718
385242
384403
384948
392127
385459
386597
386538
384915
392771
385090
391263
385437
385808
397258
386214
390751
408603
386603
392565
385226
386514
386516
386582
386416
386252
386387
385586
385992
386833
386385
387570
397310
385841
385928
386631
385434
386358
385633
386140
386446
386860
385680
386058
385186
385629
385962
386022
386444
385594
385284
385683
385934
386542
386472
387120
385507
385969
386242
386355
384811
386792
386197
386476
385119
386298
386620
387327
398754
387002
384535
385716
386550
413361
386001
385192
385946
385306
391303
385079
385356
385736
385172
391186
383999
385309
388627
389459
425205
385766
385136
385667
385433
414445
387241
386140
385743
385729
394785
385907
386116
386198
385788
390697
385852
386172
386392
392554
386248
386169
385534
385875
391064
384855
386348
386301
385166
390274
386016
386472
386043
385545
386382
385894
385482
385944
385907
385545
385586
385896
385556
386056
385587
385600
385797
402784
386193
385966
386810
386330
386769
386076
386407
386230
385755
386221
385489
385630
386000
386008
385638
385527
390018
386004
385471
390269
385886
390032
385143
385372
385280
384915
396774
385426
392616
385368
385573
409433
385081
385183
384476
384724
391732
385298
384694
385694
385200
398460
384793
384958
385155
384846
392119
386923
386281
386616
385617
392036
385624
386327
385100
385828
416955
385289
385707
385836
386493
401181
385884
385614
387325
387564
385123
385966
385495
386012
399793
386345
386171
386026
386691
386190
386989
401957
384543
399251
412056
386403
386793
386686
384303
386811
384640
386365
386462
385958
385403
386436
386596
385968
386388
387572
388654
387188
385907
387885
406099
385827
402694
386367
386254
404756
386129
386091
385922
386221
391232
384384
385887
385544
385468
398464
386349
386668
385825
385088
393405
385299
388431
389135
384711
391303
385521
385507
385554
385457
416546
385418
386140
385175
385635
386642
385895
385615
427249
392444
386564
385009
386538
386295
386682
386045
385823
385220
387141
385403
386495
385834
386277
386120
390782
385718
386535
385354
385968
385918
386337
386343
387148
386207
401597
385759
385581
386065
385368
386122
386047
385975
385994
386042
386184
385713
386218
385673
385515
386431
385127
384136
384715
385833
390361
384502
385430
385572
385236
397315
385553
385521
384434
386430
391371
385835
385328
385586
385214
391160
385331
386411
385458
386043
422667
402150
401870
385864
385302
407960
384942
385259
384863
384349
408491
385710
384768
385294
383658
491499
407138
426148
386623
386565
387962
388267
386514
386570
386689
385734
384852
386431
385823
386515
386843
386164
436177
386650
391138
385837
386272
385617
385616
391389
389576
426711
402714
386099
399555
385847
385785
385889
386422
411109
386367
386810
385862
385822
393218
385943
387354
386447
385341
387947
389657
385793
390964
386830
416514
387767
387862
386992
387080
386036
385845
385595
385713
392311
386417
385367
386631
386878
386209
385393
386052
386633
385211
391243
386066
385715
385580
385826
386111
386482
386487
385506
385565
384983
385434
385403
385842
385962
386019
385380
384633
385128
385553
385581
401862
384948
385140
385153
386741
386613
386006
386398
386031
392358
386182
386056
385951
387521
398178
386668
386602
386136
385856
404472
390996
390851
394897
390637
408104
386333
386602
385675
386016
415304
387343
388007
387767
388249
408520
386096
385791
386541
386300
394052
405530
401669
385776
405881
386266
385906
385367
385391
386065
385842
386291
386275
385747
385840
385592
387166
386523
385982
386327
386201
386709
392324
386429
386301
385753
386985
386378
384943
385665
386239
385348
385556
385083
385442
386304
386187
385622
386292
386215
385849
385619
385778
385431
385220
384824
385370
385702
385096
397057
385485
385374
385825
385759
399904
385607
412007
385357
385868
411849
406233
386368
386423
385086
422579
385921
384599
386459
386899
409507
386178
386005
385844
386200
401636
385524
387242
386659
385914
395787
385527
387746
386750
391873
386458
386034
385776
386614
391244
385554
386279
385712
387077
386718
386054
386701
386114
385699
386080
387037
385885
386252
386779
389222
386201
402364
386662
386308
386895
404380
389372
410896
386496
386055
385702
386623
386094
386676
396190
385426
384968
385295
385635
407804
385708
391389
385781
385315
407262
385020
384923
384756
385039
392497
384691
384542
385150
385177
398402
385436
385672
385132
386508
392565
386401
385848
386157
385743
392431
386116
385817
385433
386065
415479
387030
386444
385486
386173
386359
385992
386105
385907
385678
386545
385993
385941
386467
404828
386293
387021
385996
386703
424218
398744
386076
384977
385746
385826
386042
385552
386036
385917
386515
385912
385483
385809
385555
391256
385389
385207
385382
385962
391144
386203
386002
385472
386042
399457
386004
385432
386028
385706
406120
387218
390724
391439
385515
392702
401711
385699
386487
384673
398858
384995
384929
385165
385640
390491
385818
385450
