501849
484934
486192
483851
483234
483968
484481
483834
484150
485372
473577
403390
489748
407393
448037
629812
582512
583931
481839
421825
403467
403689
427951
405031
403740
425337
403700
403573
401942
403519
555593
447544
440389
436712
404415
402767
422954
402569
403734
401655
402895
424626
401573
401358
402973
406182
404483
403454
403967
489172
405142
406487
407562
402821
402472
467986
403603
403014
401835
416310
403610
403096
402087
403245
402374
419428
402123
403015
428924
435069
403897
403830
403357
401223
412644
403315
403719
403786
402985
404503
402244
402142
402056
409171
401771
402820
403934
403276
431695
404586
404080
402856
406433
449250
407551
475236
404676
431286
404485
421132
403062
402567
455580
403414
403089
403112
411495
403117
403708
403102
404005
423573
416704
405671
403411
401885
439192
401184
400634
402948
417449
402354
401721
402670
400867
402847
403815
401862
403672
402570
418808
401723
402702
402598
402040
405151
401429
403036
403042
404825
402500
402878
403508
404024
404247
403051
403913
488993
403462
471643
403231
403835
403389
412408
404680
404230
401703
402887
402575
403698
403699
403097
401782
431247
402028
402449
401476
410797
410204
402819
403703
403496
404215
401960
401558
403380
403688
420023
403751
403808
403302
403347
409170
403634
403852
402628
408881
402923
403705
402555
401609
403125
404116
403337
403330
403269
455320
402494
402394
402978
402370
425061
402588
402104
401794
413316
505108
401753
400775
403825
403113
402699
401549
402533
403073
485965
405276
403400
403835
403308
403778
402566
402099
402320
419749
403492
402533
403034
403216
433667
402695
403480
401744
406719
402467
402892
403920
403418
404295
403756
403869
402328
404034
459066
403915
403106
403372
402243
406026
402031
401895
403305
402348
402045
403818
401783
402130
404189
403284
403211
403409
404272
431945
403262
402762
488027
463172
402595
403766
403579
403294
403495
410161
414569
403343
403700
438957
404038
403271
403601
401720
414848
403002
401735
445540
403920
402108
403569
403001
402763
459225
403145
402543
402114
402703
431303
403076
403146
402616
414670
403720
402309
402666
403136
403054
403631
403269
403879
401141
409605
402799
403991
403517
402331
462285
403287
401526
403515
410798
401861
402990
402548
401962
402539
487688
401615
403147
403001
429540
403954
403326
403447
403630
402652
402636
403062
403820
438172
971340
1116921
407802
403158
405603
402391
402358
404165
403411
418618
404030
403003
403533
403687
426730
401800
403399
403041
403872
404849
403717
489904
402510
403208
404320
403270
402772
403711
425412
403043
401943
401655
401636
430264
403341
403919
403243
406791
401965
402424
404711
411276
451517
401496
402912
403233
403202
436759
403607
403254
402489
408691
401648
402448
403394
402801
402525
403378
401604
403116
402344
417651
402911
401952
402832
402734
412051
403539
412633
403855
407374
403981
403749
403692
403700
422118
403394
403281
403781
403287
491713
403927
403920
403024
418914
403964
402959
404301
403990
404205
404394
403123
403186
403523
426201
403543
403842
403557
402973
409504
410932
403657
402770
409476
546431
411096
402841
403683
411338
403898
403139
402368
464925
405528
402750
402320
402483
433741
403259
476097
402811
402582
405038
404549
404291
402034
405035
402862
403208
415845
404936
436921
404699
403349
402698
402359
456237
403153
403271
403108
409356
403028
401695
401099
402917
403752
402863
402677
402835
401925
409814
403390
403077
401388
402010
409079
403553
402793
403649
457797
404187
402995
402339
401556
403836
402661
404643
408429
403658
409890
402607
402833
402237
402550
413470
402431
401767
402530
449584
403702
403506
403573
403547
403752
403384
402816
403739
403853
416652
403732
403836
403514
403702
403601
403261
403969
403587
403275
430246
457759
403908
403350
404390
403900
402343
402421
402137
444624
403596
401901
401525
403564
403233
403132
403255
402347
402846
415815
401768
403468
401921
402325
400997
402555
402430
403108
411858
419882
403406
403372
402886
404118
403515
446236
422843
403669
402227
436247
404433
402949
431873
402282
401152
403283
428937
404561
404459
403940
404197
427825
403460
403719
404073
403483
445413
402143
403850
485700
402231
403979
403256
404137
404050
402215
403442
403388
403617
403064
404142
403697
403688
404277
403893
452339
404105
403814
446185
404486
403867
403783
403902
403109
403975
403169
402755
403601
403628
415077
404328
403667
403168
403606
455061
404080
404339
403847
404206
401830
403750
403487
404505
404323
403650
402686
402595
402571
412274
403576
402771
402289
403329
403364
403677
403685
403903
403008
489804
402959
402502
403231
408808
403693
403201
402442
403043
443836
403116
402935
403304
402804
403866
401349
403435
402905
404472
401736
486444
403668
403292
407399
404105
403511
403462
403535
415509
403232
403230
403398
405334
402031
408413
404081
403837
403761
403973
446451
404888
403227
581048
404014
402721
403388
406335
403255
403405
404198
403858
410025
403799
402709
401998
402996
462331
403737
403981
431653
414887
403243
401813
403538
403221
404222
402008
402431
402512
401683
416028
403100
403444
403118
401733
409984
403670
403542
406447
404911
403706
402590
401669
403939
403202
402923
402142
401831
401155
407909
401944
402083
402032
401935
409967
403112
403148
402779
442939
404031
403710
402469
402610
403548
403443
402371
404290
402029
410145
403891
403447
402488
403289
418021
403457
403012
402287
404143
402648
402652
404245
403263
402100
403565
403557
403645
402250
450804
403964
403365
403435
403703
411028
403648
403634
403550
405259
403900
426277
403674
411043
404495
403432
403505
403270
403024
410064
403587
402792
403945
403229
445042
403979
403759
402870
404937
403308
403466
429046
405250
403699
403477
403413
403239
418101
479468
461752
405764
403575
409213
402650
402957
403041
403259
449308
402418
401970
403577
401780
430175
403875
401756
402669
414348
403355
401855
401943
402916
402155
403079
401459
402987
403078
443691
404130
403740
403631
487526
402519
403573
402177
403719
403528
403774
403888
402906
403689
403441
403263
403919
403578
403749
418054
403771
402922
403671
403428
488736
402764
404021
403930
404498
403579
408523
403211
402925
415231
403634
403334
403330
404130
410495
403401
403994
403782
403340
447227
403314
403372
403636
404573
403686
403528
403615
403138
445469
403974
403057
403873
403643
408583
403630
403619
403558
414957
403459
404871
403518
403469
403013
402789
403166
403454
403283
409048
403053
403142
402862
402986
404072
403582
402842
403452
403376
403063
403581
496243
403308
407193
403983
404676
402395
401646
411569
402791
401815
401717
404185
403462
401433
402434
402418
447331
403940
404391
406581
402634
431254
403642
403740
403891
407733
403772
403566
403063
403465
404251
403615
402451
402948
402142
432497
401632
403260
403821
452893
404311
402826
403713
403083
403841
403408
403828
404073
403678
414964
404158
402324
401377
403243
409127
403006
402158
403544
402887
484643
402982
401547
403473
403840
402196
402326
402485
402154
408309
403963
401501
402657
418721
404539
399978
400136
399858
413043
401060
407520
402022
399598
400336
400292
398824
401022
400932
442857
400597
401137
399388
400960
413481
399441
400767
399667
407845
399108
443274
400922
401541
400634
400459
433571
481635
590624
553637
402930
399751
404449
401838
400429
401373
401240
401433
401128
401110
497211
400548
415553
400936
399493
400460
460645
500410
402318
401150
401451
401555
401762
401349
400719
400331
459219
402268
401565
441845
403003
409900
400286
401205
401140
403535
401812
399858
400793
401279
402394
401648
400990
401438
400151
445021
402066
400384
399385
399668
412175
410170
400258
398792
400235
400118
399616
405567
400993
405849
400726
400284
400364
400565
405910
400550
399927
399721
399420
410788
401836
399515
401903
399581
401732
399022
400125
401195
402362
401757
401677
401846
400647
412873
401136
400999
400508
400203
406825
473852
399877
399449
400787
400992
398636
398873
399335
400396
399168
399892
400040
400162
407635
401873
399710
399819
400644
406259
400175
485273
398763
415612
400648
400688
400619
399896
400773
401874
400560
400038
401455
442409
400814
399716
400423
400836
412705
400952
399937
484641
400401
400561
398996
400240
399726
401206
400720
403732
400587
399826
412057
453204
403072
449706
418100
401411
398849
399637
403256
400589
399737
398048
398522
398734
420648
400081
399995
398223
399738
427418
398976
399117
399726
399275
399028
398713
399425
399352
400330
401306
399482
400244
400548
405787
400578
398549
399851
400236
406825
400256
400080
400625
399329
410678
400200
399971
401007
398922
400172
399394
400385
399369
401030
400110
398387
400512
398993
411982
399161
400119
400579
400487
404907
398556
400397
399045
400985
400705
477573
400763
399939
399173
400239
400868
397545
400262
439272
400535
400159
400070
400191
406782
400686
400728
398951
400093
399860
399609
488953
399598
399315
399905
399529
398165
399880
400303
398876
399207
399032
398397
445740
400086
398776
399091
398059
405048
398316
398468
489889
400300
399439
399043
396642
400279
398763
401061
399906
400524
400343
405481
400474
400005
402484
406394
454867
399545
398046
405907
400990
400365
399044
398963
398079
421034
398692
399839
400106
400205
412755
398275
399751
398116
448063
399724
398673
400151
400268
400841
398842
399780
399524
398801
404688
399094
399443
400378
396719
408775
400119
398972
399919
406531
398989
399340
397506
398365
398749
399117
398375
399348
398882
454264
399558
399830
398319
399269
406143
398465
397310
399506
397119
398850
396828
397491
399209
399675
398507
399076
398209
398366
397994
398332
399226
398963
398780
440513
398174
396808
398516
399204
412355
398294
398607
398082
401684
428081
396764
475054
398778
399290
399037
398817
398727
399318
411641
399818
398006
398572
400282
441613
400036
399597
399888
398867
398247
398151
398408
484822
400888
399753
399722
398323
399564
405671
398869
399439
399224
399654
411808
399655
399778
435492
398969
400356
400663
399268
399409
488615
398400
397231
398209
397897
399920
398408
396952
396977
396776
489924
399895
398045
398582
399193
406915
399428
399076
401329
404566
399897
399755
398729
398633
426086
398671
398105
398239
399542
419747
397925
399232
398655
399297
406016
550837
399051
397973
419682
399247
399421
397780
398978
462477
400030
399867
399481
407720
400785
398348
397819
399065
400582
398792
400210
398475
399221
403773
399092
480971
398326
398466
403463
399379
398191
397342
398495
400715
398218
400498
397790
399401
398880
400410
398111
397651
397560
399628
398241
480767
397772
412267
399609
399277
398734
398906
404370
400163
398275
398045
505844
402694
399987
398853
400470
414093
400717
399037
444180
398397
399980
399260
398699
399605
396876
397660
414598
399347
399353
396896
396913
398445
399610
398419
453524
399312
399333
397740
479538
399880
456175
397641
397957
400738
400164
399497
398055
399766
419254
396865
398094
397601
399170
453069
398926
399776
399236
465800
486560
398679
397047
398150
406409
399957
399359
398609
398382
425143
398815
397820
399416
399913
398736
398385
398636
399715
401346
397437
480816
397695
398819
399266
398737
399518
398140
400012
410637
398696
398779
397992
397375
404943
400062
399344
398200
397575
399930
398405
483423
398354
399788
399867
398517
399370
397664
397889
400058
397981
398274
397126
404862
399795
400508
399553
399161
411558
399442
398955
408184
397693
398327
397642
399353
406338
399728
398988
397176
398128
397443
446418
398893
399598
397828
399450
404640
399091
400143
399456
401735
398471
399207
398719
400344
400869
399967
398409
399722
398808
399474
400509
398646
399812
399564
441431
418916
497299
401962
490080
468921
471621
399829
398751
409918
399372
399213
399452
425355
398643
399791
399726
398476
407777
451395
402405
399383
398546
486407
399014
399098
398818
400558
405310
398595
399753
403326
399232
399734
400186
404682
398537
399975
398895
398926
397965
400358
406196
402409
398575
398289
399013
399849
398222
399804
406278
403245
398286
398058
397855
399546
398205
399584
399321
397912
397857
410508
400244
399591
399648
399897
397031
399575
399369
399150
399642
398246
399010
399097
399199
400021
399606
397935
398275
399799
406589
398601
399967
399464
399614
404340
398568
398008
399701
411933
400034
399848
399484
400056
400172
399293
399931
400055
400559
405640
399275
400086
399563
471201
411287
399555
398480
398606
397996
399179
400217
399798
400462
400204
401751
399045
398616
399400
400938
399781
399648
400273
400136
488523
400670
400243
451285
439697
399562
398525
399685
399228
399119
399309
400013
398725
398798
455749
398257
402591
399549
398220
500434
400834
399632
398516
399445
400276
400076
398611
399270
400700
398198
398222
399104
399693
420775
399110
399115
398581
399199
412187
406266
398909
422732
480440
403882
400797
398555
400796
406359
398621
398731
398583
400151
414649
399778
399725
398437
399051
398429
398247
399929
399804
400205
400304
398236
398768
400191
400542
399333
398689
400027
400164
406045
398685
400472
398959
399179
400390
400464
400386
479076
400797
398386
398357
398151
398312
400536
399986
398335
400614
398796
441145
399249
423895
398238
400289
411659
398974
398557
398677
485687
398777
398785
398862
397598
399635
399250
398627
398064
396448
409275
398110
398168
399301
397815
439348
397725
399005
398511
398282
484250
399662
397985
398931
398389
467531
420800
460659
399815
415685
398786
398682
398102
418599
399053
399348
399390
399281
398930
398818
399941
398796
397808
426638
398860
398893
399169
399297
399519
398411
399894
399178
402348
400694
398621
398800
398323
399684
399733
400247
400132
400417
447024
400124
400074
398707
398631
412567
400059
400127
399116
411896
398906
399926
398882
398701
398934
400143
400373
444842
398887
401251
399632
400251
398552
400495
439717
399649
400068
399460
399605
400774
399586
399429
400475
413899
397970
398085
399098
471379
398390
399318
396924
398198
397400
404492
398868
399307
398370
397878
445915
399431
398620
399770
397928
400225
399456
399473
398688
480184
398440
398365
400143
398152
399186
398556
397820
398647
398549
404474
398761
399173
399818
398355
438417
398524
399863
400060
400511
481348
399341
399779
399451
398932
399203
399162
419717
401179
405436
398616
399125
526039
399389
459000
398883
399628
399926
401218
444927
399000
399109
399196
424987
399231
398377
397404
396861
427793
398589
399446
398031
401257
401423
399950
399654
399701
399459
399404
404879
398952
400176
451539
399452
399643
404225
400389
405559
399958
399189
399698
398192
398575
398292
399319
397632
397878
398767
397820
399726
398880
400541
399563
398721
397953
398006
438994
397384
397632
399598
396413
410894
398634
398191
398111
400073
399266
399390
399143
399399
398083
398426
398718
398309
398542
411005
397760
398265
399478
399477
441137
398548
398536
398852
399892
400067
399909
399615
399829
401378
399041
398077
400189
398334
397397
397798
398891
416964
399814
420747
398826
398978
399699
398550
462011
400269
399847
400036
403577
475257
399224
398800
398381
399006
398643
398554
398566
398683
412513
399783
415678
401481
408861
399488
397223
397511
396781
398238
398225
405781
398000
397558
431690
398509
398447
396822
398303
420162
398122
399413
396258
396908
399233
398108
398065
397688
399085
398303
397995
399330
399091
400703
400303
398638
398673
399070
404922
398229
399728
398753
401525
409993
398323
399774
399249
402754
399522
399634
398162
400443
397941
398416
398197
397669
398598
398646
398536
398092
398081
399102
405021
398327
398753
397773
398179
404290
398833
397687
398656
400545
398549
398837
399088
397933
399828
398419
398107
399002
399126
438932
397937
398243
400012
398617
413530
398388
397764
398785
398342
400481
399016
399457
398749
397875
398567
398153
398102
398971
399311
398160
397353
397765
397757
440793
399890
397701
397659
399305
404306
399091
397926
397491
398310
398403
399165
399361
397789
398176
398494
399255
398535
397903
400627
398681
398242
442844
474169
436613
401844
399532
399853
402208
398933
398452
398514
399155
413190
398813
398957
399649
397379
432538
398581
399697
398459
399220
406865
400011
399119
398895
398202
398690
399771
400248
399030
399502
400337
398105
398976
398831
406217
399124
398320
399074
398859
404133
400160
398945
400730
412035
400417
399808
399619
398480
398756
398489
398418
399509
399438
401327
399347
397423
397956
397198
411710
397922
398549
399006
474844
398910
397895
397556
398411
403148
397939
399737
397939
399667
399499
400049
397777
398732
397856
405308
398158
397658
399748
398879
487216
399090
400182
398053
410290
399612
399992
399608
400453
398396
398421
400076
398036
398183
400117
398971
399581
400256
399712
412318
485716
399320
399900
399966
400015
400312
399616
397887
406027
398664
399934
398922
399828
399136
400322
450012
400476
536907
433274
400716
400855
398973
405849
399942
398109
397651
398681
399502
398799
399795
398496
398302
418573
398817
399426
398511
398392
404386
400084
440272
399093
453426
399202
398349
398362
398281
398326
398257
399673
397861
399131
404942
399252
398993
397677
398298
410935
398259
399123
401636
399612
399420
399518
397596
397937
399045
500726
404060
399221
400002
414733
400756
397879
400150
398779
405497
399786
399465
398723
407203
398465
398390
399880
398648
398849
398824
398674
399861
400109
399168
400108
398682
400442
398181
405768
398571
399844
399385
398487
484332
399729
399236
398389
399595
398779
400258
398100
398371
398782
398354
399049
399208
398350
446480
399863
398353
400544
399285
404985
483463
399967
399600
404176
399698
399379
399871
399440
400611
400283
400051
398502
397736
398446
398952
398629
397885
397923
445302
422041
572627
399541
399458
398166
399674
399599
399586
418442
399929
398818
399289
397288
419870
398094
399329
397422
398698
408625
399564
446638
397805
399564
398450
400320
399784
400291
405273
399947
400229
398609
398988
411686
399838
399645
398632
398710
401090
398797
399792
405240
400324
399102
398600
398999
399409
398955
398911
399475
398017
398504
405089
400144
400354
400306
398561
411621
399740
398755
400015
401519
400553
400389
399650
399669
399250
399593
398324
397779
398539
398864
399874
399891
398559
398609
413253
398758
399860
398297
398548
400038
399839
398685
399523
399472
399233
397989
397765
397515
397836
398422
398463
398082
398053
437469
397836
397733
398661
397336
405102
399032
399053
400231
401649
398477
398780
398039
398307
399243
400097
399401
415746
399951
403428
400531
398638
400771
398329
453716
400098
441522
461667
398737
400100
407140
399588
405637
416526
454085
398304
398569
399419
434614
398888
400451
400391
412598
398822
400016
441506
400525
400177
398692
400652
398791
399210
435459
400154
398671
400200
400167
399230
399125
399926
399362
400520
398675
398823
400153
406112
401293
399162
400948
399913
399000
440199
399846
399028
400945
400129
406188
397648
399234
398852
399395
398564
397840
397475
397619
398886
400507
398123
399389
399260
398040
398860
398137
397796
399393
811125
1389588
941840
399453
399587
600749
1348739
1256776
1392309
1038504
400146
7950259
1337879
634561
658422
1087233
577652
402115
720711
642287
673660
917283
399163
570634
829117
720400
805879
634342
7133491
405019
1342473
1299038
799749
719761
631179
809876
1178066
601937
399536
400682
945183
1265245
1309256
1167130
1174078
1362469
16600397
399402
400935
399605
497890
731499
1310269
1348306
1288986
1277663
1171207
401824
404242
399095
398829
398141
401633
399416
400394
399255
398368
411647
405205
397480
398053
402099
400046
398106
397803
396951
398405
397457
397440
397635
404620
399315
398498
397580
398585
398258
404934
397824
398807
398102
397289
486971
398465
399335
400714
399891
399704
398779
397894
398761
399118
398993
399464
398617
400334
448068
400088
400078
398695
399501
405595
482532
398914
399192
400297
400565
398882
400433
406013
399540
399278
400018
411902
400098
400236
398446
399677
399223
398340
439357
398184
484813
398281
398263
400094
399811
400350
398869
398021
398548
400046
399216
399899
398984
400182
398668
398772
400234
454407
398786
398664
484329
399811
406209
398778
398840
400463
405831
399850
398719
398660
399978
399878
398938
399903
398066
398880
422130
399542
398671
420329
412649
399066
398219
398639
397437
399076
399573
398224
396517
397828
398658
398778
400994
400674
398876
406562
398608
399198
400225
402298
412207
399131
398953
399476
405006
398585
400323
398646
398626
398570
400676
398751
398576
398880
398837
400585
399145
401220
399085
449727
399126
399403
399004
400043
404047
398898
399077
399308
400719
400606
407909
399220
399003
399042
398332
398878
398824
399911
405821
406834
400907
398657
398744
412875
398975
400154
400495
397856
399697
400436
398882
399624
399642
398811
399793
399010
399017
399934
399583
417735
399351
399484
405527
398855
399370
398473
397742
404344
398239
398906
399209
399153
400543
398444
397710
398182
399834
396127
398130
408745
398890
400327
400139
399596
400384
400345
410375
399093
398687
398456
398420
406703
399165
400356
398935
408735
454649
400875
398389
400861
416946
399839
399977
399206
398671
421546
398682
399053
399567
398460
413833
400340
400663
399766
399136
400699
398509
398355
399020
399047
400147
399753
398550
398555
406423
399199
400273
398786
397868
412415
399293
398403
398575
400454
398637
398532
399530
399959
399324
477002
398551
398750
398874
410355
397946
398871
397176
398224
404069
398193
398811
398925
399844
403155
398524
398014
397357
411274
398013
471210
398996
397662
399593
399305
397241
398441
397351
404021
397494
398795
398753
398360
412380
397930
398937
398822
398314
398894
398536
470348
398703
399465
399870
400527
400226
400046
399150
398870
398331
398688
399651
404675
398753
398046
398512
398742
405815
398583
400061
452313
436592
437380
435187
435241
435498
479273
436285
434444
434201
435593
435519
436453
437498
435694
435846
436746
483846
460243
441027
400627
400669
399705
399264
423020
400185
399768
400428
398757
400473
399943
399004
399490
404219
399392
399790
398489
398026
489950
399765
398970
398523
398812
398075
397712
398067
397810
398366
398188
396450
399770
399117
399879
399791
397457
399116
399237
410458
480034
398594
398684
399733
405998
398242
398749
400500
400243
400362
399071
398199
399821
399605
398677
398510
399534
400341
398762
400563
485284
400168
399240
405454
398407
398766
399990
430549
399386
400307
398756
398456
405002
400185
399451
398482
399650
400291
399016
398616
485898
400195
462548
399996
399606
398508
399279
399603
400200
400067
398903
398327
398673
399856
398076
398640
399897
399978
399156
400760
405801
406978
401009
399475
399831
397625
445840
398944
399400
399193
409640
398710
398562
398622
398254
398944
414115
399315
399327
476752
406105
400307
455890
463509
402004
400315
398052
398794
399469
398886
402305
399506
398620
400553
420961
398911
398720
399203
398688
521783
400014
398951
400041
400603
400438
399399
400354
400215
399850
399141
398942
400170
398884
445392
400146
399397
398935
399940
406749
488579
398553
398483
403891
399757
399410
400653
398162
401252
400460
398660
399247
398399
404229
400980
397389
398085
398701
441497
400148
480949
398986
410512
399198
398889
398344
398427
400067
398319
399457
398123
398225
400962
399714
398120
397720
397896
410549
398660
398020
478728
396968
442030
397077
399152
398659
405197
399910
398464
398349
398757
397824
399085
397280
398532
397676
397783
399448
397489
399398
488052
405290
400050
398612
399419
398998
401031
420495
400617
398821
399262
399794
398738
399937
399697
398989
400149
400185
400143
411043
415180
401215
400044
398448
411010
398895
400078
398788
398298
400433
399010
399653
400081
398491
437135
401201
400451
398190
399561
428286
400633
400463
399407
400235
398981
399469
398694
399919
399783
400418
399242
399758
398616
440891
400798
398256
398907
399133
406431
400001
400659
399412
412034
398156
398769
397643
399291
398449
398161
398847
398022
397644
398077
398783
397506
398775
397363
446557
399560
475308
399295
397738
397989
399147
397458
398424
398987
399857
399567
399626
399019
398569
398736
398636
399204
398198
405651
399041
398875
474085
398951
440655
398637
398198
399024
401212
398318
399734
398513
399651
400098
400552
398681
400792
400417
398606
400309
399919
399925
486048
412977
398816
399399
398289
399540
400662
399670
400074
398783
404859
398799
399488
399768
398383
400591
401449
398457
398988
398768
490046
398786
400799
399600
398920
404443
454031
453308
514632
436088
399777
400746
399109
399689
430853
397680
397756
398910
407989
398923
399784
398360
399270
398633
399838
399063
397675
397950
404905
397840
397840
398397
399568
440493
398255
399176
397770
397728
401385
401288
399496
400714
398478
400244
399265
399494
399499
400052
399109
399038
398858
399312
413216
398921
400359
399064
399102
438868
399022
473926
400002
399908
399171
398833
400283
398774
400303
398998
400674
399852
399226
405086
399011
399245
399570
398849
404831
398783
398774
476193
449237
398625
400119
397422
397999
401515
400812
398041
398394
398452
399100
399887
399117
398502
399207
411561
399365
398856
399876
485770
399307
399519
397507
397707
448078
398780
397546
396963
397695
398875
399645
397813
397309
397323
403608
398178
397701
397682
397887
487950
399339
398819
398611
398136
398585
398656
398789
398762
399586
399955
399428
398471
397876
483944
400723
398709
398669
398088
428986
399748
399345
399273
411249
398904
398293
398784
399730
399334
398832
399671
398924
399417
459650
399280
400039
398524
399783
427573
405496
399490
399131
402417
399138
399458
399311
399969
401308
400602
398572
399206
399001
405346
399258
398545
399526
398470
440312
400071
399483
399413
399870
400632
400308
398780
398854
400925
400392
399602
400067
398336
404046
399424
397599
399241
399015
411186
399362
397166
398381
397724
399511
397778
397639
399424
398206
398646
398751
397903
398093
400288
398148
397996
398810
397951
405055
399280
398786
400135
399477
405386
398814
399368
400101
399758
400130
398598
399797
398720
399005
400359
398395
400055
399428
400153
399118
399051
398486
398267
412167
399134
400176
399618
399136
398494
400055
400172
457315
399054
399867
464583
411495
460540
429195
399617
398260
399137
399768
404294
400998
399686
398748
401208
399434
398432
398591
398051
416599
399231
399903
399099
398811
441716
398695
398203
399485
402514
399135
442298
398675
398006
398417
398826
397049
398031
397491
399573
399982
397885
398884
399685
400112
398745
399683
398102
398434
399745
399432
398526
399716
406288
398092
397762
397647
399395
419420
399488
400022
399101
400088
415469
399236
399261
399147
412953
400445
398932
399446
472952
399932
400963
398992
400298
399840
429468
399784
399707
399942
398357
405127
399700
398651
398949
404496
399042
399078
400004
397905
488222
400299
399612
400037
399771
450303
398515
399133
398426
399506
406204
400505
398387
399379
399531
400379
397703
397314
398264
398341
488681
398755
397939
399157
399204
400107
399462
399982
400613
450850
450378
399074
401041
407542
399875
399606
397459
399478
398955
478515
398762
397107
399528
428293
398087
399008
399500
398304
422650
399611
399720
397737
441217
398981
399123
400924
397417
400858
399083
398715
399733
400407
405551
399364
400307
399966
399118
405011
398707
399871
398562
412728
400798
400078
399294
398404
398827
399458
398504
400720
400180
406646
399170
399293
398878
400475
432928
399792
400181
398305
400461
410432
400084
398340
399684
400821
399382
398700
398471
399236
401009
400743
399618
399163
399210
405611
400188
398649
399144
400277
404623
398976
399273
397272
398215
398231
398699
398113
397616
398317
398118
398609
397794
399213
446128
398318
403569
398752
398467
411417
398098
398106
399144
397815
397735
398510
399341
397365
398270
441230
397473
399175
397914
400391
399212
400231
399716
399786
447588
399765
398491
400418
455699
408363
487736
398468
399207
399412
400221
404767
398908
400117
430860
399461
399221
398921
400289
445946
409278
414036
399307
400313
400074
399519
398743
398781
412545
400548
399131
398888
400424
407466
399286
402323
409016
412570
398992
399718
399323
399907
399319
400092
429073
399899
400059
444640
399500
399980
399625
400949
411876
398752
398958
398816
407396
398829
397657
396989
398028
397983
398228
402740
397323
397579
398651
397802
397825
398532
398175
440581
399963
398719
399171
397522
399406
398527
398277
397939
398314
397923
397876
399782
398334
400105
398914
398059
398372
398550
482712
398379
398470
398393
399068
457025
400451
398402
398749
407977
399429
398818
400336
398724
399832
399778
399683
398218
397868
399009
486823
399719
397881
398955
405614
398793
399417
400349
398069
399600
398841
398760
398327
400812
398762
399033
401799
451120
437976
442786
399430
398870
398698
406415
399164
399186
398413
402777
400350
399129
399008
399501
398968
401231
398795
397964
400465
405755
397609
406169
400254
398161
400118
399619
399194
399799
398319
397713
401048
397850
397691
398972
399018
397536
398272
399221
446538
399434
399230
398023
398853
405012
398255
399032
399954
406327
400568
399900
399244
399859
400476
399360
400907
398592
398044
399036
399676
398273
416844
454778
417815
400702
400136
398183
400522
399043
398847
398351
398179
398621
398581
398824
398352
397866
405188
399289
398545
398505
397672
497822
398403
398524
398682
448257
400086
398306
398347
399830
398871
398202
398553
400071
399937
409933
398606
399769
398885
398578
404718
485566
398773
400227
404544
399409
401202
402297
397255
399210
398228
397837
398594
397518
400153
399025
398630
398633
398986
404736
398878
503207
455514
399798
398533
397438
398700
397537
398174
399498
399926
399120
397326
454420
397008
397589
396841
398008
435280
399566
399449
399117
399976
397845
399607
400320
398404
399297
400208
399575
398870
400569
410840
399402
399782
399005
398474
439719
398312
399382
399688
403562
400099
399422
398502
399430
400817
400201
400543
399973
398612
404702
399844
397664
399925
400062
404630
398832
399275
398739
399675
400896
399472
400691
399089
399911
400534
398641
398255
398790
399338
399936
399300
399051
399648
426513
397213
397669
398207
397781
405084
399944
399173
399436
398586
399641
398948
399203
399678
398843
398063
398925
397155
398546
404920
399027
397933
399571
397207
404146
399833
398548
399001
410230
400857
399855
405096
399126
399268
408380
399710
400287
400693
400502
399010
398950
398380
398067
413030
398895
485938
460203
425395
458120
399440
399195
398358
411753
398859
398897
398833
398092
469406
398598
398184
398632
398565
404599
400511
442383
398651
400909
400370
401036
398736
400031
411595
400096
399001
398229
398606
405013
399055
400439
398860
398564
399116
400113
399774
403502
399995
398951
400057
399148
399562
398318
398256
398690
398910
397956
420048
400159
398924
398043
399176
430125
399674
398406
399307
447092
399587
399961
398678
398505
398876
399176
399477
398909
397842
410976
399500
400060
400345
400227
405124
399200
399998
398692
400857
399919
399306
398744
398621
400060
399033
398256
399964
400384
399113
399850
399347
398879
399770
407166
399976
400193
400041
399988
412519
400156
399220
399037
400640
400027
399056
399143
398616
399123
399588
400064
398425
398922
412277
398819
399328
399484
399869
405644
398856
479082
398634
399689
398894
459282
399044
399308
548856
399101
399794
400343
398085
406185
400329
398275
399635
400654
398038
399821
472365
398750
416598
398997
399151
399573
400051
405319
399300
500214
401388
458951
399920
399152
398431
397762
398486
399533
399925
397883
473188
407068
400645
398326
398605
398705
400450
400678
400216
398507
401040
399360
398132
400699
399900
400016
399887
398700
404990
399604
528344
399949
398828
400146
400998
410787
399730
399948
399567
407184
398784
399983
400095
399809
399185
399385
398843
399404
398198
400784
485815
399908
398206
398199
452148
398681
401908
409299
402507
398887
399203
398516
398088
399322
398977
400137
398658
397971
399894
399938
486219
398893
398600
405836
397985
398991
398042
398335
451324
398482
399816
397840
403509
398137
398241
398623
397784
399153
398865
399082
487409
397501
411027
397965
396777
398556
400248
405675
397349
437433
455736
474381
401022
398218
398891
398311
422323
398989
398724
400245
400327
428608
399670
399925
399951
403018
398915
399165
398342
398627
399276
399822
398729
398265
398358
441617
399133
398703
399912
399916
406787
398423
398358
399598
411968
400298
397781
398441
400091
398265
399097
399890
398419
398669
399427
398462
398519
399541
397892
491164
400534
398452
399062
399946
399810
399423
399769
399791
400132
398839
399585
399201
400445
400119
399744
399042
399240
398026
399690
433859
399084
398392
397739
446809
398608
397584
399249
397373
400088
398664
397660
397705
397684
399343
398722
398225
397246
398225
398114
478614
400182
399615
413137
399830
398918
400087
399431
445455
398727
399435
399315
405471
400313
398900
399453
399565
400190
398506
399800
482020
399804
408303
398809
398800
406761
441164
404599
397892
459278
398507
399056
458723
457264
455620
451060
422357
400328
399768
403269
398394
405191
398972
398902
397942
405031
399261
400101
398289
398688
399437
400134
399951
398700
400176
461156
399118
398691
398079
398772
401064
400598
398685
396086
398304
398237
399446
398223
397876
399658
398124
399700
399661
399680
410179
398283
398843
398136
397948
439931
399696
397920
397528
404150
397827
399228
397912
398168
398950
399035
400072
399136
398349
398133
398087
399120
400034
398042
404723
400574
399955
399742
397802
457008
399165
400358
399913
398876
398850
424689
473608
399441
406715
400269
398337
399030
399923
413605
399761
484299
398693
399745
399107
400007
398234
400029
398470
399723
399022
397832
398327
401032
398531
398201
399464
400265
406756
399740
398310
488411
397943
399250
397804
398477
398067
409067
398782
399376
398903
398110
406000
399083
445343
399303
399533
422266
398512
398345
402506
403477
398310
398120
398412
397834
399989
398307
398364
399461
399165
416302
399746
399023
399130
399169
466153
398000
398695
398917
415099
398650
398407
399194
397415
397388
400207
399879
400043
399768
410088
398468
399715
399347
398116
404783
398400
398646
399428
398285
400938
398625
398557
398391
398870
399652
399734
398345
398593
398184
397988
398604
398203
397767
404892
398140
398413
400318
398974
411537
399563
425875
399362
399772
398835
398307
399372
399446
398678
400315
398914
398204
399358
410391
397281
399085
398606
397613
405488
398824
476423
399338
399023
399448
398194
397781
397704
399514
398899
397594
398706
397913
404985
399281
398027
397743
399435
405559
397496
399979
483806
397343
399021
399526
398199
398495
397711
397633
399189
398894
400247
400469
399166
398489
400647
401073
413477
398985
405685
399693
486323
400731
399614
399100
399634
533563
399842
399302
531306
454658
486599
399538
425220
408387
400992
452966
457165
451950
454777
425951
443641
414087
398318
399996
397888
417437
399430
399993
421579
399556
400059
398174
399466
422558
400149
397809
400274
455448
400774
399045
399897
398526
399969
399641
398425
398872
397962
408943
400975
400727
397524
397869
413223
399737
398596
398349
397642
398308
400356
397750
399738
398407
398361
398457
398173
397999
409571
398308
399822
397821
398023
406059
398302
398704
400641
399731
400532
399930
440011
398756
399293
398958
399693
398251
398467
398800
399337
400256
399762
399483
406726
399746
398138
398805
399852
412578
400082
399704
487327
399547
400020
398090
398375
399255
400287
400212
400186
401016
398619
444825
398850
398377
399804
399872
419028
399974
399693
399388
558891
441408
398896
399131
398860
400416
398619
398160
397997
398657
426797
398712
398296
397956
399108
447733
399694
398453
399071
438728
400734
397771
399358
399603
403550
400066
398716
397707
400706
404810
397990
399420
398286
397585
412569
399408
400082
398055
397998
430011
400498
400028
398460
399658
398496
397899
397651
398774
399596
398160
398713
398560
398927
404875
400111
398128
399755
398296
405555
417248
398915
398192
451146
400484
399309
398490
407253
398427
400032
399633
398571
400133
400330
399750
398746
398588
399636
411835
400084
427965
400357
399720
398938
398742
398165
398753
446094
398145
399193
399970
400313
398310
398766
455851
398275
399371
404417
398503
398480
402030
398666
405514
398667
399832
399442
399237
399123
399349
400377
398134
399936
397992
398158
398135
399518
399464
398203
399680
398690
400251
413374
413314
401080
475142
403265
398991
398090
397286
398221
398668
398340
398794
398299
399419
493133
399118
400989
398664
400194
485473
400723
400218
398421
400344
399512
399726
397158
396517
417773
399892
399285
400689
398093
405183
400119
399199
399547
440658
400568
407231
398196
400061
400913
400119
398878
398294
397642
403855
400095
398285
398718
398553
405107
398973
400237
399523
399601
401007
398554
404464
399394
398818
398650
400144
397837
398577
436998
400548
400087
399061
397955
411861
399440
398873
398608
399782
400805
397628
442031
398458
398521
400054
397553
399451
397796
398745
399278
399455
399441
397820
405948
399404
487087
624371
579530
591451
471765
400012
399646
399315
399482
398072
403744
408736
399404
399584
398472
440705
398768
398251
398845
399976
399719
400441
400238
399062
400514
400080
400308
399859
400012
441484
439726
455859
400453
398744
427398
398883
399064
400308
452082
400643
399193
399906
400449
400603
478410
400116
399955
398801
435014
399278
399152
398669
399685
400049
400209
399273
399765
400610
399277
400415
399061
399899
400074
400147
404641
400417
400979
405603
398474
398956
400415
399168
405951
399520
398068
399314
398978
399190
399334
399657
397600
398398
398367
440574
399302
398611
447036
399354
399496
397987
399710
412223
400070
399072
398684
398742
398360
399604
398008
398948
404479
399126
399499
441467
399226
399074
398090
398121
398640
398429
445518
398765
399635
398456
398911
405025
398435
399548
398964
413476
399067
399406
398119
406258
399395
401054
400440
400697
399292
404081
398395
399570
398840
399881
446479
397983
399357
398864
398591
399376
397696
400079
398897
400815
399054
399936
400011
399368
415023
400898
399876
536093
458706
405641
398114
398070
398311
405141
398971
400308
399949
400133
399916
484560
399193
398609
398093
427795
400119
397880
398939
399502
398494
400095
398438
398541
400064
397369
398148
397451
399433
399572
397587
485893
398365
399187
406083
398584
398102
400446
398698
412705
398628
398465
397995
405404
399175
398876
398349
397813
398734
397692
399378
483573
398551
456619
400493
399610
399415
397799
405281
398881
398790
399326
407242
400235
398691
400407
399475
399344
398926
400178
440918
400758
405694
400167
399678
399363
417071
447813
399831
400452
399229
398189
399771
399392
398085
399496
400370
398380
400071
398690
444619
398911
398273
397965
399832
399040
411803
400389
400386
398108
398621
439103
398137
399902
398491
400196
398792
398883
400718
397397
402632
398424
398605
399720
398004
405369
399939
398039
399433
402971
464475
399825
398922
397918
399577
400873
400972
398864
398368
400357
483768
399905
399812
400096
426274
398532
404061
400422
419075
398933
399820
400034
398161
399241
400696
399340
398806
400180
399095
400140
482909
398400
398541
427975
398702
398434
399990
399505
400240
398246
399465
400054
398207
399987
397919
399601
398985
400975
398855
400378
482617
398585
448323
398423
398147
399046
398581
398700
400197
400172
399049
400556
398639
399080
399943
398216
400166
400647
398050
397880
408322
406444
397945
398222
399427
399166
452154
397772
397808
397974
405420
398163
399892
398177
399054
398714
399283
399280
399590
399712
419918
399369
398278
399608
399998
405608
397888
400438
400066
398217
400661
399136
397817
398148
398061
398211
398130
399658
398492
442310
400187
398436
400260
400536
406682
399922
400073
398181
398403
429383
459733
398770
551708
400035
399613
399610
399435
399023
426266
480351
398721
400081
406389
408063
398454
399084
398727
406733
398699
398869
399268
398937
399790
398359
399874
400065
399587
447698
400908
487701
400497
399565
400408
399957
400061
400447
404985
399773
398049
398449
399836
400520
398440
399498
399806
400194
399691
399521
398264
481699
399407
448847
398210
398041
398587
409417
399566
399346
400103
398442
398173
398645
399794
398861
399752
400362
399556
398825
399116
481777
412327
400554
398246
399994
398263
444158
400016
400477
397811
403814
400542
398347
399142
399871
400149
400370
398347
399791
400070
485974
398921
398334
399473
400258
405550
398938
399649
400298
398836
399826
398851
399919
400297
398793
400294
398892
398742
398254
399052
407885
399443
399479
399593
412770
400051
399870
399965
399690
399455
398938
399905
399517
461433
398122
400351
454169
476872
436870
400108
400433
398321
398925
403855
398730
399447
398599
403120
398367
398308
399991
399406
399347
399444
398028
399798
397399
441473
400918
443141
400378
398802
399693
399773
398693
400379
399696
398590
398385
398697
398751
399240
399112
398731
400610
399988
406010
399136
398421
474525
400518
453317
399441
398985
398721
411014
399957
399186
399409
400117
400406
400237
399158
398827
398664
400928
400088
399584
400435
486772
406854
398956
399112
399834
399535
430562
398528
398238
398315
398533
400240
398291
398881
398760
398963
399652
398428
400436
398359
436557
399939
398286
398842
400496
411805
399768
399404
397837
441010
398975
397789
397994
398267
398255
400028
399297
397691
397988
400381
426793
398376
418248
398278
404813
399200
399588
399611
397880
398627
399514
397596
400055
446869
399395
409216
401481
407171
417423
403290
399087
400064
399734
416966
400238
400286
399476
405997
399333
400206
399510
399951
400435
399326
398754
399464
399501
440392
399383
399820
399752
398242
399632
398478
398304
400167
405144
399883
398280
399517
399165
398714
399816
399182
398496
398259
410158
399716
400625
400989
400351
452461
399194
399273
400070
404860
398925
398845
399031
398513
400396
399870
399075
399474
398539
398092
398436
398890
397728
398743
403995
400688
398809
399834
399247
451331
400213
398891
398775
397843
399504
398115
399195
398896
398751
398840
397665
398343
399227
420332
400163
399711
398389
398421
406483
398967
411037
399894
399440
423924
399868
400196
411224
401065
398693
398998
398478
405999
399238
484006
398850
398530
398715
405169
399887
398649
400561
398800
399803
399691
398077
398537
399975
399396
398232
399838
400583
400483
458511
485911
478923
515391
399513
398996
398646
398895
399874
400327
398660
398932
399618
410616
398700
398442
399930
398652
467610
400035
399506
398647
400938
399560
401876
399928
399300
399623
397731
398885
399087
399746
399127
398685
398175
399423
397549
405162
398314
397610
398908
398386
398519
398160
399835
397556
399240
400517
399749
398095
398748
399360
399059
399953
399363
398749
404785
398588
398593
399643
400144
412156
398825
399954
399806
448074
400295
399989
400019
398779
399297
400367
398335
398099
399299
410392
400143
400607
398898
399460
405870
398686
398616
400570
398588
398620
399814
399858
400107
401619
399357
398533
398641
398715
399291
399523
398600
400418
400270
403853
474365
400405
398722
398654
692060
398584
398412
399655
399055
398227
399665
398536
399206
441353
398455
398089
398493
397206
412971
398497
406840
455923
399062
400751
398570
551020
472126
436900
400794
399906
398270
405902
400327
399627
399729
398577
398721
398733
398506
483900
400706
421512
400272
398255
398565
400395
408558
399672
400232
398894
408178
401538
398648
400075
399832
400000
398631
400657
400148
484497
471217
399368
399924
400082
399340
406835
399817
400637
399748
400688
398415
400129
399513
400699
399507
400785
397737
397727
397441
405913
399077
399369
400593
397411
444415
400217
399346
400603
408963
397926
398086
400697
398113
397636
399883
398446
398773
398274
447914
398946
399076
400607
398409
412542
399356
399251
399436
398138
401921
399852
399352
398668
398923
397538
399618
398688
396713
398485
402133
398918
398682
399450
405027
399430
397898
399871
398015
400300
401024
399672
399541
400097
399268
399870
398235
400733
397044
398408
399733
399000
399932
422522
400979
400045
464311
440830
400314
399078
400359
396946
399354
400449
400058
399898
398231
454726
398922
397133
483245
418876
399546
399503
399857
398465
400190
399483
398863
400179
398764
400571
399161
398141
398169
399828
413165
399507
398672
398789
485377
399269
398884
397943
398654
398707
415504
398676
399814
398917
399583
400171
400079
397849
399916
403520
397977
399402
398367
397399
410692
400199
398346
399898
404011
399829
399844
399621
397598
398699
399288
487562
400263
399849
403634
399878
398308
399269
398931
417676
398835
399200
398915
405491
400065
398537
397765
398681
399386
398910
398747
398638
399421
410375
400853
399877
399128
398317
404940
400048
399406
398479
400431
400168
399546
399148
398861
398749
399071
399569
397970
398813
399838
399808
400180
399974
398263
404901
399636
400522
400371
399597
400566
399736
398450
398703
401147
459906
417364
405299
444945
422219
400097
398770
398332
400247
467101
399993
398863
485883
409559
439740
412326
398700
397923
417040
398266
398016
399732
400854
413582
398507
397876
398589
398975
399771
399590
411675
441693
399362
398109
399107
398883
398112
399889
405154
421452
400254
399950
405536
399547
399807
399364
399888
398845
399823
397967
399236
438366
398876
398639
398996
398692
400118
398992
403718
398529
400017
406381
399100
399023
400268
398100
412901
398339
398807
398426
401703
404083
398687
398211
400315
400068
398626
400762
399454
398816
445441
400771
398451
400365
400499
406267
400153
398574
400256
400686
400541
398848
399112
399635
399543
399549
403544
398186
400742
399143
399257
401020
399658
397878
441226
399791
398853
397791
399021
413313
398610
397243
398194
398797
399635
399014
399659
399690
399675
399680
400915
399846
399876
413683
420744
462825
401190
403835
399668
400943
399090
407513
423873
400723
398558
399644
398967
428510
398705
398370
400051
398546
405033
399187
400275
398097
401051
398957
398477
400110
442838
453076
399714
400623
399496
401011
406673
400737
502897
402341
400256
399819
400380
398321
400364
399810
400521
400879
399204
398231
405171
399807
398947
400838
399879
447123
399772
399883
398470
400180
400055
400448
398820
400127
398555
400402
400178
399276
398983
403773
401706
400697
399183
397627
413147
399123
397936
400044
400029
398340
399743
399815
397760
399990
399950
397829
398246
399600
399517
398127
480404
398590
397865
405680
398502
399978
399436
398545
406234
398480
398312
399937
400939
400164
399784
399522
399763
401021
398807
398044
487855
399253
404596
399230
400584
399454
400130
412519
398632
399272
399923
399614
398939
399101
398289
398864
398502
400082
399956
399853
488839
411101
400108
398133
398271
399605
405071
400192
399480
399980
415618
401516
459954
400268
400359
430294
400821
399717
399458
400793
409031
399387
398872
398452
404119
400277
399941
398516
400190
401585
399086
399066
397782
399309
403752
399195
397551
399575
399011
404674
399647
398788
397901
453566
411914
399782
398292
399186
398624
398425
399299
397523
400014
405361
397714
399828
399978
398757
412710
400612
399673
397754
399049
400541
400190
398379
400349
399473
400456
398472
400626
399498
401137
400036
399754
398652
398484
406390
398736
475278
400617
399039
406094
400214
399017
398429
411008
398751
399246
399807
399104
400152
399893
398849
400350
398902
404403
399846
404827
488593
398687
411456
398079
398029
399583
409933
399965
398429
399930
400176
403520
400541
399232
415802
400386
422028
399195
416531
403698
513664
456175
398455
398773
397549
413009
399754
398063
397574
398113
435619
399072
397955
397827
398111
405634
397410
397770
399533
398684
400197
399208
399199
398125
421068
399683
399149
400299
400045
406848
399068
398323
398840
398635
398848
400177
398164
398454
410520
536838
401435
400475
399470
445601
399862
398910
398971
398832
407794
399116
400536
400024
399062
399119
398299
400130
400002
398882
400399
483661
398716
400226
405663
399239
398077
400124
400004
444832
400663
398719
399729
398780
400967
398235
399060
399908
405177
400122
399897
487472
400441
399423
399412
400354
398674
398227
406618
400603
400147
398367
398352
438577
399745
398913
399225
412091
398858
399843
399403
406467
398795
398488
398250
397209
399178
405241
397852
398562
400182
399384
411897
397994
397550
399787
398532
439457
457942
401595
402447
401057
399194
399188
400270
398965
435468
399916
399010
398990
398884
421249
400118
399639
398631
409859
398802
400627
398682
398887
401212
399214
399321
399267
399979
406259
416670
399700
399783
398359
404736
400283
400265
399336
410496
400685
399787
398765
399288
398970
401116
398793
398879
400462
445607
399079
399140
400412
400172
412742
399576
398348
399781
399517
399107
400027
399157
400189
405882
399022
470943
400050
400149
399200
398129
397708
398909
400217
441650
399121
399870
398986
397858
404867
399573
397794
397785
399498
399075
397949
477421
398499
398973
398365
398034
398622
398785
406283
399859
398806
399225
398620
448735
399197
399071
399960
399652
400252
399996
399947
485978
398944
399090
399173
398737
398952
399831
399136
399557
399760
399371
404462
400703
399319
399265
400485
440244
400064
398211
399261
505235
399214
406066
454721
400018
422535
400686
398698
400276
400252
418657
398734
400272
399064
420447
399102
399427
398770
398343
401228
399100
399617
400367
398675
426479
399681
399016
400505
399182
402256
400069
398640
398477
404072
398653
400069
400286
398319
398781
400728
400246
399782
400484
452928
399261
399171
398404
397835
404041
399017
399050
399744
399721
399907
400243
400277
400044
400361
399855
401391
400283
400276
406226
398833
400292
398594
398693
440020
400824
398823
399185
400283
399611
399232
399006
398268
403941
400468
399098
400622
400822
398963
399950
398867
398895
398993
412129
398437
399033
400423
398535
440629
400558
398149
398451
400489
400927
399317
399716
444392
401861
400584
398724
398949
398760
398980
400634
400637
398496
399534
406612
398809
398474
400486
398626
450146
398912
399228
398435
486416
398406
400164
398729
397873
458036
509137
400249
400129
419760
399580
399256
399776
399061
398851
400223
399643
399171
398047
457190
399651
399368
396788
399495
436387
398238
398595
397543
400371
398999
399938
398639
398532
400812
400212
398890
400256
398014
399864
400313
398975
400231
399650
446258
397743
397141
398320
405138
399305
398480
397956
398278
399021
398956
398792
399942
399897
399034
399980
399034
400210
400428
406456
400178
399378
398416
398941
466589
400504
399632
398662
399680
399028
399536
399983
400071
400224
399042
400533
440214
399210
413061
399472
400143
398305
398722
404279
398856
397639
399947
440464
399520
399148
398187
397953
399508
398373
398976
399554
475357
411374
398517
397867
397901
398462
405910
397977
397663
398725
397583
400549
398443
399154
400491
439276
399967
400412
398936
398916
486727
400533
400253
399912
400344
412563
398458
399398
413999
417697
517026
401773
400666
399823
429019
400708
405033
399211
398971
409401
400242
400284
398596
400824
399697
399869
399899
398716
406872
400113
399020
400546
398705
412830
400651
398345
398862
400361
404034
445911
400051
399123
400603
399967
398360
398948
398405
398809
400358
399145
397471
398580
404513
398258
400107
399016
397332
404713
398152
470844
399907
411972
399654
399032
397616
397012
397700
398569
398723
399537
399395
399457
399805
399235
399246
397959
412304
397920
399445
475785
399569
1120648
913466
484916
399360
399264
445472
400908
399280
397963
398703
405216
400276
400446
398636
412649
399797
400057
400006
400085
405470
409084
400068
400079
399188
413098
399827
399936
400070
397566
456087
400390
399682
400087
441260
400031
399928
398782
399226
398899
398725
400013
400485
408353
422205
399690
399855
399147
397822
413834
398538
398575
399628
401878
474885
400433
399349
399687
412956
400055
399179
398010
401654
436253
399711
397240
397832
396743
399826
397311
397384
397692
397595
397326
481320
397709
396189
398613
398191
398030
396585
397363
404026
397554
396207
396439
396874
403605
397138
399494
399073
397591
399487
398206
485447
398937
399518
398543
398505
398349
398311
439956
400228
398630
406936
443149
400715
398624
398696
398377
398649
398983
398467
398585
414481
399312
399880
400083
399768
398228
410488
399578
399234
399761
398529
441300
398639
400876
399724
397280
398296
399873
398245
398955
416383
398878
399030
398501
398483
406404
401071
400746
400460
398520
404518
398694
399297
400035
398184
401108
397952
404071
399514
443888
399958
398048
397421
398968
399077
397409
397266
397002
397370
411177
398872
398112
459817
476248
399311
399398
399800
398817
452965
489274
399016
399302
399707
436344
408023
398806
398630
411547
398920
399664
399749
398796
399376
399269
399749
400052
398778
413148
408831
483336
398939
399784
447525
400104
398557
398862
404174
400373
401204
400689
399030
400417
399520
399681
400346
398822
405942
400593
444208
400899
400263
399322
400126
400476
400263
398692
399098
399859
400357
399449
399993
398668
399057
400306
400252
406459
400318
400412
445403
399382
413630
400041
398857
399344
405617
400512
398850
399263
397829
399216
399762
399362
398990
398465
400522
399594
405220
397470
403310
406173
398138
397349
398172
398837
397801
397672
402700
400958
399901
399794
399114
397188
397726
398599
399111
398212
399308
399851
406275
400203
399551
400129
398228
411539
398678
398380
399616
406415
398670
398297
398239
398753
400671
398913
460793
508875
400805
406059
454220
400386
398035
402135
400700
400092
400256
398574
415624
400712
399771
400177
400258
435663
398673
398552
398146
398117
398632
441103
400348
400173
398896
399902
400274
399294
399519
411849
399181
399922
398278
398906
406261
398393
398483
397908
397590
400549
398976
444402
399210
398917
399422
397941
399145
398099
398962
399657
399638
398104
397607
405636
398518
397546
398435
397230
411921
399423
398909
402055
398851
399142
403431
398854
400733
398701
398732
398458
398769
398771
445198
398735
398848
398440
397884
404645
399531
399449
400176
407621
400421
399797
400437
399529
399323
400916
400299
399120
400392
400366
400589
400457
398778
398945
441101
398890
399535
399960
398490
412850
400864
398106
398629
400145
399165
400328
399969
399694
401263
400440
398281
399852
399872
410389
399077
399804
407257
479277
400783
482971
399774
399696
400941
401041
398915
398860
399142
419525
399581
399681
398160
397787
427328
397707
397304
398578
399162
398268
399435
487954
398954
400059
400101
397441
398925
399212
403363
397962
399134
397584
398081
403904
399301
399163
399347
398402
413189
398909
398552
483928
398623
399777
399656
399746
398383
400910
398897
400014
399350
399874
410314
400430
399612
399017
398727
404790
399528
400236
399969
415419
400609
400077
397958
398545
399737
398769
398940
398335
398157
399607
399291
398856
399970
399010
404527
398635
398786
399790
436338
401747
398743
398468
400247
398965
398594
400806
398559
398944
400210
399955
400645
400206
397846
447244
399622
397605
399321
398297
443558
398592
397698
399059
404847
397732
397905
397987
399655
398814
398398
398980
398675
398062
398101
398990
398179
398538
397103
448341
400382
416651
489575
400544
398441
398854
399215
399432
413213
400428
398985
400009
399486
420968
398963
398333
398086
398866
406749
400182
485618
398246
398904
400417
404701
399819
398529
419423
400159
400573
399598
397974
413590
400706
398527
399001
398364
398643
398460
399941
485777
400650
398639
399876
400524
398169
399839
399096
400116
399252
398617
406643
398555
398613
400045
398379
405664
399123
398297
399453
487673
400147
399871
399505
400225
400053
397768
398745
397695
397953
440836
397575
397426
399000
398988
411345
397800
399336
397742
397421
484368
398506
399193
396399
398488
405560
404492
399196
397924
400230
399787
399151
400787
400147
457246
400726
398562
398340
399918
455093
398767
400593
400233
402659
399582
400272
399763
399244
398885
400123
398820
398557
400040
407170
399372
398505
399113
398193
454140
402274
398792
458988
399093
400124
521295
455861
472777
400466
398953
398894
399955
405259
400906
398305
400619
398758
406616
400988
400690
407759
399743
463187
398844
400344
399247
418920
400182
400252
400715
400207
399269
398843
400637
401279
399013
398425
398763
397434
438336
396836
410169
399374
399321
397361
399689
398577
397723
398892
398830
398056
397958
398907
397785
397663
400185
397963
398204
397895
445076
405094
398991
399370
400584
398936
405762
399613
398881
398722
400392
399434
400112
400563
400051
400412
400849
400188
400044
399778
401994
400442
399422
400805
400509
413176
400324
398674
400020
400256
398894
399617
400604
399521
441483
400460
399809
399123
399072
399983
399582
400904
400263
398774
406529
399070
399976
398311
397855
406862
398994
400111
400396
412512
399842
400494
398353
399658
399274
400393
400028
401015
398910
405918
400796
404155
398020
511942
510133
398353
398195
398773
399060
398796
397848
399189
399356
419079
397153
398207
484569
397748
405207
397673
398914
397888
404891
398050
399199
399474
398532
399807
399786
400008
398541
398804
411263
399640
398686
430320
399721
399157
399720
400685
399870
440191
399536
400701
398686
399374
400047
400717
398805
399693
398604
404849
400162
398725
400264
443037
405565
398663
398489
398804
399224
400288
400447
399236
398557
399029
399125
398495
398646
399335
399082
398577
399052
399357
398199
410766
399355
398519
399268
399661
404956
399716
398699
398430
408070
400108
399111
398991
398286
398450
398709
397876
398215
397738
399599
402043
398466
398859
397780
404603
399584
397107
399738
397250
400457
398315
399966
397990
398756
398158
398754
399503
398689
397707
398000
404235
434619
435563
451529
436125
436374
448334
450221
470104
399412
398659
398601
419925
398039
400244
397405
410480
399604
398461
404388
397434
398857
398685
398664
400224
399469
427256
400354
399399
400232
399762
400462
400294
400182
399795
405898
400515
399581
397295
398061
398933
400720
399917
399827
400258
447287
398720
398828
400123
398191
405801
400223
400101
400175
402013
400055
400554
399931
398007
401420
398842
399237
399363
398227
405639
398622
399126
398546
399583
441171
397581
399179
398142
399153
400640
397295
397148
397556
402453
397076
396984
396377
399262
399567
399921
399033
399432
399493
410764
400478
399948
399261
399660
443250
399737
400081
398523
400579
398620
473658
397098
399147
400806
398059
398845
398783
399246
405309
400182
400083
399601
399766
405903
400335
398555
399757
399917
456219
399936
486003
398354
400754
400081
398071
400293
400061
398782
398350
399878
399514
400235
412522
400102
399449
431459
464177
399396
560023
400968
399303
457922
399080
400655
399820
426101
400490
399791
399821
399114
400325
399130
397814
397669
399088
399986
399446
398144
398886
426906
413672
399476
399517
397892
399247
420216
399199
398655
399494
399028
398718
398957
399410
398579
400399
399656
398014
397370
399751
480795
397746
397208
399679
400135
406436
399818
400245
397881
400833
399101
400251
399973
399988
400077
399807
399880
398374
398050
400828
488611
398514
398627
396951
412038
400399
398416
401029
400178
399963
399952
399808
399726
399613
400384
398125
399767
399494
400502
398201
481972
398369
396621
406635
400052
399440
399841
399002
405769
398674
400126
400290
401512
400637
397803
399715
398595
400339
400412
400544
488347
399639
404992
399192
398119
399264
399392
411822
399987
397399
397583
398991
459221
460953
459059
399659
415050
397605
398568
398448
400013
465822
398104
398679
399264
405036
398536
399110
400069
400683
400151
401022
398756
398691
399827
429716
400877
398768
398296
399848
400225
398921
398274
398682
400222
398756
400294
398670
399736
399601
398593
398245
399238
399654
404257
399648
399623
398394
399485
712214
399310
398951
400747
398153
398882
398049
399215
398793
400236
399680
398649
398800
400048
404824
400248
398236
398699
399895
399262
484154
398932
398354
399063
400231
401779
398792
398255
398991
400566
399239
398296
399448
461474
399422
398269
397508
399102
419753
400340
400180
398484
404928
398372
399564
399857
397894
399498
400138
399422
399109
399552
404121
399690
399693
398153
399908
449095
400325
444794
400789
409967
400096
400317
397999
399894
400188
399634
398593
400231
399759
405959
399820
399951
398739
399925
411734
406762
400321
400109
447554
398723
396709
397912
398051
400441
398731
456154
454715
456752
464301
452889
449562
436602
441268
399149
400245
399088
398608
433454
400267
398356
399509
398420
463836
400088
398505
398530
406695
399801
399923
398474
398496
398942
400469
399146
398456
400202
451757
400544
397333
396798
397804
404019
399321
399275
397617
399379
398279
398942
398667
398780
398060
399285
398176
398636
397642
400353
434504
674200
402452
400271
399171
398157
398667
459903
535515
401226
399016
400482
400073
399762
399325
400748
458038
477502
400464
473343
400202
477911
626446
400036
398615
485120
399099
400065
398481
400143
401567
400164
400638
400170
398696
400021
453395
400225
399971
404503
406839
401489
467941
398553
400156
3671449
407142
399455
399658
399751
399610
400146
434413
398916
398972
399927
398980
400961
400434
398556
5762615
400773
398772
460583
399017
399613
398839
398536
489370
399329
401999
398573
398203
398504
397560
397970
399076
5446355
400047
398876
398028
404107
400271
396661
396944
397903
463371
399625
397444
399930
398476
397861
398421
399737
398925
399936
398698
400706
398705
398474
400761
408835
400284
397137
397215
398250
439078
398783
399588
398665
399741
409043
400569
399625
399466
399347
406572
399096
400088
400009
398672
399679
400443
398199
398148
399097
398821
399873
419798
399817
400230
400192
400257
398416
399711
412013
399027
400458
398666
398535
406248
398418
398062
398285
405003
398637
398588
398536
454641
408771
399825
399875
480946
471365
400648
400017
398728
400199
490388
400448
398012
397838
530964
409099
404909
398340
3416707
403946
431466
398445
400415
400376
437774
400948
398425
413031
436660
514117
465571
454130
458792
435940
453132
396834
397532
399414
401051
456179
399341
399405
400053
400221
435923
399424
398158
400065
404594
399121
406670
399952
399139
398980
398319
436765
399509
398004
398669
400310
399231
399179
428077
401636
3369962
401522
400435
398688
400289
399791
460967
399837
400733
399017
399961
447091
399077
398948
434603
3408975
432382
399565
399878
399568
398864
433109
399442
398672
399411
398946
400622
400488
398867
398284
400795
3798043
452012
442724
432387
434019
469377
453837
452121
402361
399572
399892
399830
399687
398013
404806
398080
397891
399953
398569
468082
399258
398528
397490
400408
398156
397471
397595
399230
399436
398230
398496
399958
398732
399906
400184
398899
398352
398989
407198
401031
399966
398697
399898
399571
400646
400537
400207
464874
399676
398340
399413
400635
399204
488607
397999
399047
403576
401652
401431
401283
398553
399208
399090
504559
447982
456475
400511
400154
398974
398651
399070
398980
400328
400014
473713
456858
398096
398688
509037
399558
463195
458375
401016
398770
411932
399177
397994
3459381
417161
398839
398837
398128
416491
497725
398376
397956
398246
404732
397206
398502
397590
397495
418909
400279
425923
397760
399361
398494
398929
398911
441955
441677
398712
406558
397797
396726
398116
420777
398728
398660
444367
399620
398915
412522
400390
399312
398533
399608
399854
400926
398525
400570
398858
14546318
399350
400358
399258
399116
399125
399573
426846
399383
398282
481903
453613
458571
400445
397662
398180
399072
400372
399074
400513
399250
411466
399695
400169
400024
398858
449546
398735
398976
443067
404170
399821
400348
399930
400213
401449
399463
400085
399886
398445
404402
400340
398308
398668
399699
404275
399019
398246
398465
444406
530699
397753
398151
398815
398013
397976
400479
398092
14245748
399863
400571
400457
399963
397492
399606
401050
399540
398897
398724
398115
405070
399123
399858
399747
3452351
400174
402094
400931
399667
399784
405724
398559
400303
399148
399124
412439
398846
397986
399378
398127
3491217
406676
398792
399984
399086
398958
517025
398800
400329
401084
400367
399020
398471
443712
399220
14479622
507355
417571
399440
400176
400025
411471
407132
400753
400214
400023
398350
400136
399007
400567
398468
410702
399389
399071
398952
399822
400877
399344
400116
400807
400850
406199
399261
400040
399971
398445
411880
566716
407713
451360
416615
399680
399770
398645
399577
474113
399747
398376
398585
454508
399894
396656
399213
398023
400905
398615
544970
399984
581920
398994
399972
399787
398579
908538
937100
1082017
1177977
1047390
903143
902921
904611
905709
913428
902554
729806
400380
400460
398271
399850
400762
399988
399121
398452
399465
398513
398528
400077
399175
398743
397514
398312
398554
403738
421384
398723
398501
399809
398647
405651
398282
400136
399165
398472
400371
398140
397798
398971
398553
398653
398661
398536
398383
405213
398436
398611
399161
400131
411980
398716
399825
398960
399781
405094
398962
398625
413731
406321
398905
398272
397656
397398
410094
406940
398574
399355
397945
399521
398061
399983
399167
397388
405638
397733
397879
399330
398816
412412
397856
396713
397817
399420
398432
407003
398795
398781
405540
400580
398352
399561
398313
401429
398896
400114
398843
398704
405028
400000
398073
398746
398488
405084
400026
401678
398839
398686
399571
399865
400352
400563
400993
400171
398775
398758
399978
400847
399302
399748
398256
398130
410240
399378
398213
401959
398542
406113
399776
400058
399722
399799
403662
399535
397928
400170
413177
400559
398405
399113
398343
403450
398168
398088
399846
399219
409602
399793
397921
398205
399402
412120
399372
398746
398342
399182
405077
398436
398872
399026
404310
398129
396818
405645
397636
401746
407216
399356
397402
398478
399659
397539
398883
399580
399928
404611
400173
399788
397983
398538
448370
436547
435564
434327
437285
435170
434945
436179
444456
470557
437595
436577
434781
450835
435638
430913
397674
400669
399875
398383
398004
398016
397730
399999
398045
398472
398485
399292
398940
398315
398279
399661
406134
400503
398382
398472
399855
422852
398591
399660
397151
399678
398378
398372
400154
399419
398553
398746
399786
398272
398091
399969
399983
399912
400166
398529
432696
399801
397895
397615
397777
422268
398058
398083
401853
408252
436599
397604
398661
399019
398600
398969
399099
398222
398901
13820043
400205
397998
404026
397804
398528
397454
398441
413163
398349
397959
400208
398386
399927
398145
399466
399553
398719
400162
398533
398189
399628
398640
398884
399747
397929
398160
404319
398231
398454
399574
398146
405673
400256
397893
398714
400204
399206
400823
400106
398608
404874
400110
398063
415592
400400
398746
399146
398334
400045
400211
428146
398953
399386
398614
399698
421038
400516
399277
398655
399755
399935
399055
398174
398654
399549
399117
398847
400362
400301
398340
397431
398454
399309
399936
405509
398188
399354
403106
403770
412772
399855
397905
398354
412499
398251
398190
398237
399788
398433
400119
399348
399627
398886
419988
400233
399046
399924
399080
405881
400116
400411
397894
400501
399565
400101
399452
398702
404498
400659
399857
399294
400007
401048
399774
400189
398314
400337
405550
400198
398401
398645
400458
411917
398571
398338
398730
398023
399168
398741
399389
399156
399534
399550
399102
399275
399725
399426
400530
398088
398939
400049
405256
399218
399576
398524
398666
405245
398417
399161
400298
399769
400144
399117
398418
398795
403969
399611
399542
397884
397875
399958
399561
398764
399170
398145
398648
398563
400033
399080
399666
405367
397589
398942
399905
397720
406660
399347
400091
399131
412157
398685
398243
398181
399729
398527
398186
398330
398538
400079
400913
399505
398812
400293
399049
413626
398714
398467
398334
398543
418704
400260
405273
399234
399136
397577
399287
412173
398716
398766
399992
398297
398991
398785
398293
400063
407615
398437
398975
400333
398600
406230
399959
400311
399946
417502
406003
398437
398367
400022
399034
406149
399760
399750
399075
402143
407331
398838
400603
400339
400913
398730
398961
400282
398107
397999
400555
399564
398533
398212
1069086
400136
397868
397832
518177
399428
399326
399860
399828
404674
400406
398037
410562
399704
398120
398171
405431
397710
397420
399238
398416
398138
399304
399293
398484
399975
399831
398536
398699
405116
399626
406800
399686
398496
398665
398687
432802
398717
399810
398056
401803
401067
399969
398750
400576
399439
400414
399922
398630
399118
404304
398866
400165
399915
398623
411774
398021
398814
400024
401321
404976
400243
399422
399950
401494
400105
398487
399136
400026
399076
404392
400007
398012
398403
399895
398717
398012
399698
400009
406141
400479
399337
398644
398842
413906
399403
397632
399565
405875
399110
406867
399910
398173
398813
399234
398064
397203
398278
399403
398748
397732
399833
397728
405337
398537
399229
399049
397656
405689
400124
415387
397447
401020
400903
399685
398177
397885
398664
400144
398624
400151
400242
398743
399835
399909
398658
398475
411455
398483
427106
414696
400043
405939
398899
398517
398821
405386
398410
398687
400334
398606
401153
399265
398392
398970
398340
399975
398390
400613
400339
415333
406205
398477
400424
399612
398488
411821
397915
398335
399907
400096
400469
399556
400628
400136
398882
400627
398854
399487
400237
416718
398715
399590
398521
398693
404317
398072
397641
398450
399335
404399
398404
399279
397771
398098
399196
398240
398443
398268
399158
414671
399164
398215
398008
399748
397890
397867
397874
398858
411456
399997
399750
399177
398395
406372
399136
398298
398477
398740
409417
399340
412593
398655
399503
400163
399273
405824
398654
398773
398776
404961
399956
399364
432897
404597
405261
400867
398360
400052
399959
411469
398084
399941
408785
398097
420200
398158
398921
398264
399931
407260
399180
399732
398225
399903
399782
399808
399017
399007
400389
398789
398346
399582
406187
412008
399187
398374
398371
398601
1066769
400183
399418
399116
520875
399483
398090
398197
464093
1008308
1001648
1003926
1000065
919103
397503
399215
397507
397354
398332
397632
398144
399167
399305
403570
399177
398698
397400
397907
412003
397891
412757
402457
399845
405289
416371
398498
398951
398068
398390
399583
398310
399125
415910
398505
399768
399435
399582
420313
398864
399558
397893
398892
407660
398092
397673
397503
