382537
364898
362983
363173
388990
375552
369811
362985
363478
400464
364199
365600
362515
363714
363715
362801
363196
363769
362851
365568
363797
363007
363102
363371
363308
375369
363223
362125
363430
363406
395636
363199
362982
363354
363628
369745
362934
363330
363281
362877
365632
363408
361989
362614
362550
362031
362989
363211
363068
363326
363714
369350
362770
363563
362327
363163
364101
362726
362901
363408
362812
363408
363583
362756
363625
364412
362209
391614
365119
361405
362339
363123
376436
362448
362917
362797
364105
365005
396263
396374
396361
395755
402852
396492
395437
396558
395855
410065
395985
396378
396552
396328
402772
395688
396836
375702
362806
369152
375453
362824
362951
363804
376664
363129
363985
362758
363786
363994
362964
364015
363288
363180
364216
363651
362557
363397
363419
362606
397884
363944
370842
364352
363504
370811
362995
363178
362539
363042
369472
364478
362967
363423
363009
363315
363122
363263
362945
363321
363117
371038
364330
365184
367072
363231
368956
362604
362974
362405
362382
364757
397443
362877
362894
398337
363912
390841
365030
362550
362780
364614
364592
363323
363077
394540
363539
362635
362834
363943
389413
363394
363628
364092
362334
363721
362381
362516
409102
364670
364895
363984
362689
362542
364883
374454
367869
362946
364649
365392
361850
384331
363305
363030
362551
363913
375393
362240
363263
363506
363348
363546
363049
363673
362978
362625
362865
363103
363819
363452
362938
363006
376885
380124
364160
364632
363585
369175
362969
363212
363876
363779
363797
362818
363106
363115
363118
362846
364489
363339
363289
363257
363158
369680
363474
384193
363343
362726
363279
362692
363747
362904
363009
364122
363240
363012
363193
363026
362750
380023
362821
362204
362876
363327
369414
363498
362775
383511
362405
365798
364779
362816
362721
363055
365973
363700
362379
363047
362762
363072
363612
362931
363128
363797
363633
376833
363531
363612
363753
384367
364055
362743
362881
364257
363149
367647
362816
362280
365740
362436
363409
364207
362588
363119
364579
364453
369899
365114
363139
363996
365497
385196
362638
364434
363503
363310
363942
363952
363845
363278
363142
363409
389217
363820
363154
363391
363103
369930
362720
363775
363524
363334
364072
386970
364149
363723
362585
363169
363782
363217
363600
363211
363321
369065
363222
362469
362933
362602
390969
363328
362924
362780
363279
362379
366361
372054
362877
361625
363019
362710
362699
362370
362659
362385
376038
361870
362261
362976
362238
383664
362918
363134
363909
364906
364290
363432
365984
364479
362587
364137
363731
363859
364152
363278
362872
369713
363612
363582
363482
367257
14509286
364738
363552
363660
364757
363719
366270
371097
363742
364404
388445
385866
362999
398487
363822
363604
363398
363237
396747
363744
363998
363136
362687
363082
363538
363335
363649
363309
365610
363138
362959
363423
363600
365148
364160
363518
363026
363332
363184
370077
364561
363529
362591
365432
364617
362587
363165
361962
362491
364947
362601
362405
363214
362573
362886
965572
362885
362964
363110
363477
362539
363586
361969
362812
363448
362591
362898
362396
362880
362458
370613
363712
363209
363351
366666
405634
365877
367223
362861
363856
364008
363973
383397
363665
362593
365426
364555
363593
369661
363986
363237
363143
363458
363253
363298
363543
363120
363429
362904
364031
363705
363827
374846
363150
369299
363557
363472
364601
362534
364545
363638
363775
365286
363764
364132
365581
363952
364638
363544
363113
364604
364097
362579
362778
378344
376812
363948
364151
363498
364621
364188
364001
365154
362816
362846
366740
362642
362641
363196
362657
363173
364958
362687
363240
363656
362511
383608
363477
362920
362442
363152
362783
362135
362462
364698
362164
362504
363058
362548
363414
363260
362864
386538
364669
363560
363571
363214
370096
378949
363301
362406
363128
365428
363812
363565
363165
363634
363453
364650
363825
362129
363988
363929
369147
363000
363415
363416
363617
389104
363766
379208
364005
363010
363874
363393
364581
361970
363421
363786
362874
363518
363272
363152
363322
376516
363238
363627
363587
363809
369063
363568
363479
378674
363178
363827
362715
363156
363303
363642
375481
363674
362657
362153
362543
362879
372573
362582
362810
362714
362834
369157
362453
362511
363312
375563
362904
362925
364955
363153
362953
365805
368493
362912
362351
363326
361999
405901
364291
362764
362931
363315
375164
364151
363097
363003
362909
364709
363064
364192
364748
363258
364620
363782
363592
362576
364210
363149
393419
363036
363551
362935
363484
369840
363759
364515
363813
365231
365646
363500
363619
364189
363202
363054
364493
363534
363469
363406
363196
368877
363240
363921
364753
364958
372871
362845
364577
363281
363256
363691
367975
364530
363586
363527
363677
374113
363599
370811
362844
363711
363889
363572
362670
363043
363147
362261
362677
363479
363430
362611
362693
362612
362318
369235
363084
363292
378881
362786
362880
364906
362841
364375
362528
362754
363482
362671
362865
377537
364084
364318
364216
363390
363666
363248
377214
364026
363112
363842
378574
364164
363526
363570
363286
364002
365464
363237
363516
363706
363133
363324
397386
364015
364247
363209
456473
363212
363864
363253
362991
375141
365749
364220
363452
378433
364054
363797
363157
363722
371595
363620
364122
365726
364908
379841
363446
363329
364073
363264
371404
363664
362929
363085
362706
373279
369205
384891
363873
362664
363180
389800
362666
362087
362816
362721
376562
362847
361645
363315
362156
362507
362758
362495
362578
363093
368532
363797
364565
384035
362782
363025
396659
363310
363117
362705
362344
369000
363742
363819
365793
363827
363693
363321
363860
363471
363534
364107
364157
364428
364106
380206
363416
370182
364007
365359
363289
364150
377687
363595
364103
364348
363205
364505
364008
363014
362919
363666
363371
363522
363852
363604
362871
376188
370114
365031
363984
362661
364181
374467
363717
363695
363148
363639
365310
365318
363509
364385
363057
363513
364878
363798
363711
363559
366692
377259
363436
365101
363832
365245
369454
363104
362303
363135
362954
362926
362914
363509
369059
364481
375058
363120
363222
362539
363021
362652
369029
362580
362584
362622
362923
369143
363204
363102
362843
362993
363502
364417
363522
364361
363086
363844
364017
363228
363467
362359
363804
370611
363184
362810
363214
362797
374226
364337
363741
363691
363910
365010
363465
363231
363507
363449
363749
363658
363985
363733
363713
363562
377050
363156
365722
364374
364874
364803
363710
362639
363348
363632
363122
363459
363204
362972
363093
363557
374712
372604
363571
362961
363063
370656
363798
362857
364103
364610
363357
364597
364421
362810
363186
362648
363041
362663
362439
363131
362714
369482
362517
362849
363071
362247
14464713
385766
381204
363273
362727
362660
363021
362426
363015
362835
362512
362945
362855
370102
363086
364960
367298
393384
376676
363302
363790
378735
384150
375312
363748
362579
363443
363621
366830
363717
363892
363809
364342
363074
370730
365490
363674
377838
368097
389091
362831
362153
363411
361818
369786
363043
362904
363338
363308
363345
362750
374902
361990
362749
1061296
395308
364167
362587
362467
543634
362976
362647
362350
362477
14270565
828628
909062
910849
910513
883095
363090
362011
362303
362189
362276
362353
362891
383009
364300
363065
369015
361787
361674
361646
361909
362397
362239
362019
362134
361416
369093
362637
362456
361976
363384
362536
366826
361963
362441
361866
361830
375311
362237
362033
362721
362775
362004
363071
362894
361949
363143
368727
372852
363669
362867
363041
362818
375508
363330
362399
363209
362437
367703
363088
363329
362326
362855
363388
362614
363224
362721
362519
362335
362540
372137
361825
362755
362276
368822
363007
362253
362195
362884
362399
362780
361560
362367
362449
362279
362572
361957
361936
362327
362231
370015
362215
378173
362897
362049
386758
363083
362398
363733
362415
363226
362693
363263
363384
361588
361232
362529
361606
361496
363183
362444
368528
362489
362158
376950
361087
373175
362399
361508
361427
361032
362212
361569
361455
361408
362608
361114
377317
362211
362483
361714
362923
376559
362789
361652
362742
380298
363003
362149
361735
362106
362165
362696
362970
362885
361575
363418
362233
376290
362205
362424
362423
362160
367916
363165
362678
361819
363390
383705
362692
361723
361913
362573
361969
362526
361646
362218
363200
361429
413376
362429
362873
362321
362087
368370
361691
362840
361846
362085
362680
383096
363098
362081
361560
361950
362271
362137
362459
361889
362305
369884
361640
361578
361279
361559
362469
362799
362212
361617
361905
362333
362361
380204
361693
361827
361406
367723
362309
361952
360847
362287
570746
775837
793861
774474
753360
786808
767425
804161
884303
407153
363814
364216
381999
363240
362548
362579
362093
362775
362075
363641
362549
377338
362571
362217
377560
363310
396611
363059
361822
362433
362485
364691
363309
362744
362468
366778
363431
362274
362773
361642
363429
362795
363444
361709
362069
362506
369519
369528
362383
362347
362217
362521
364238
363510
363490
362002
363666
364071
362916
362568
362384
361998
362503
663904
363254
362863
362450
378826
365640
362623
361771
361594
365761
363972
362739
362914
367850
361895
361705
361813
361027
361815
362618
361708
362181
361136
361636
362680
362298
362024
363006
361211
368090
362068
389656
362858
363436
420880
362496
364147
362083
373713
374820
362213
362146
362870
361832
362951
362663
361632
363769
361970
362308
372134
361960
379799
362173
362059
386937
362775
364054
361472
362448
405364
362396
361781
364013
362326
363021
361893
362008
363091
362306
362072
361978
362544
362445
382376
361847
368175
361858
362126
361830
361552
363311
361875
361985
362540
361983
362819
362049
361662
362109
362208
361702
362510
363485
362638
362310
382467
374687
362510
362868
362217
361238
361624
362287
361075
362626
361959
362017
361357
361946
361523
362027
361270
416332
362077
362622
362989
361832
389294
362076
361773
363355
361764
362690
362162
361787
362640
362445
410755
363169
362363
362234
363922
363148
368463
363109
361921
361630
362585
368221
383114
361819
361623
361934
361694
361661
362018
363272
361142
361450
362625
362089
362310
361487
361848
369108
362326
362311
362071
362429
362849
363094
383613
362098
362392
361754
361740
362497
362750
361370
361620
368749
361849
361322
362319
362797
373922
362245
360995
362765
361235
362722
363329
361375
381643
361320
363002
361321
361211
361786
361932
361690
376948
361028
361621
361203
360926
361484
363165
360779
361152
361109
362134
361113
361782
360826
377626
363030
372673
361967
361816
362087
362263
368208
362242
361700
362530
361659
363003
363106
378349
361830
362189
372663
362164
362103
362086
361813
377899
14492102
362323
363312
361674
361484
362239
362365
362149
362773
361938
361743
362338
363114
369030
363717
361981
361434
362603
367261
362019
360968
362564
361513
365067
363033
361598
361051
363533
363075
363743
363317
363018
363267
361812
369447
361371
361159
361511
361854
361681
362240
362290
363699
361443
361762
361475
363184
361254
361728
387157
390179
361070
361440
361086
361687
951871
368099
361502
361404
361711
362361
361614
362578
361815
373940
363275
362150
361647
369237
363290
361040
363789
363591
368803
361998
381973
361462
361499
367778
362142
363175
361511
362469
363362
363327
362123
362959
361296
362852
363424
363124
361977
364277
362835
371165
362264
362281
362854
362862
363354
362136
362748
362441
363280
362222
361632
362147
361498
363491
363354
369191
361207
362094
362501
362178
375708
362728
362213
362022
361530
362416
362195
362687
362341
362161
366974
362005
362190
362129
362041
362520
375494
361271
361065
362367
361937
366968
361919
361813
361170
361538
361594
362035
363068
362208
361264
361917
362981
361779
361323
361087
361967
368202
361673
362412
361997
362264
363561
362691
367314
362488
362786
362179
362345
361767
361971
363294
361510
368249
362006
363771
362382
362057
369860
363682
361438
362594
361389
362484
363707
363474
363593
362451
361734
372411
362590
362521
362683
361994
368595
362685
361637
361371
361727
364003
361563
362114
363376
362962
363048
364425
363294
360911
363350
361548
373511
364179
363779
361728
363598
374926
361617
363428
362283
361780
362027
361851
362640
362426
362570
362111
361239
361672
361632
362099
363713
375984
361909
361744
361853
361822
366833
362295
360506
360459
362374
361094
362162
361341
361380
361290
361665
363784
361813
361235
361256
361963
369903
362916
376654
362773
361971
362897
363830
362769
361984
363227
362150
361760
362236
362061
361800
361750
370466
362055
362371
361724
362256
368218
363534
361953
361579
361841
362733
363890
363477
362226
363493
362125
362178
361901
362127
361878
362876
14581581
404461
376431
362431
363395
363356
363184
361977
362088
363020
362942
372601
361861
362385
362206
361568
363199
361242
374443
361903
362191
363459
363063
364241
369345
360979
363021
360894
362052
361496
361623
361641
361476
368902
375096
362375
361576
361863
362006
367227
360741
361972
361122
361545
361732
363050
362766
361547
361477
360715
363073
362548
362194
362759
362382
1016325
363785
362639
362505
364459
362283
363721
362041
361782
394587
912804
913810
908615
1006637
914479
936712
910995
981774
909332
1023774
911057
945609
910699
925127
1030866
922669
908636
885784
362932
362283
362307
362178
363039
362465
363135
362203
363734
368032
368501
363076
361831
489160
363918
373695
363142
362541
361762
362883
384837
362020
363290
362274
361646
362403
362715
362174
362967
375478
375968
362203
361902
362037
363682
392555
362068
361400
361429
361402
362822
368262
361725
361711
362866
360818
362516
362630
361417
362009
362703
363391
363162
362084
361560
362253
363616
395200
362614
362060
361832
362285
377628
362751
363448
363623
361616
363125
364246
364014
361987
363543
367180
363102
361909
361959
362515
361838
392397
391634
362165
362183
362676
369762
362756
362756
362672
363052
363615
364146
363324
363828
361396
362781
364386
362383
361648
361673
363669
368684
361819
406848
362420
363454
373751
363729
362065
363473
362550
364168
362191
363143
362301
362328
362129
362151
362378
363323
364183
361924
368215
362660
361575
387915
362816
361657
361879
361490
361130
361629
364608
362231
361150
362015
361768
361309
367722
361604
362135
361105
361673
373363
362352
361405
361132
388277
363860
362179
361929
362358
361807
367149
362629
361932
361514
362088
363041
392948
362497
361352
361393
361581
368320
362604
362447
361913
363038
405974
362253
362191
363260
361709
361859
396411
394845
395811
395163
395413
396033
395377
436984
395659
396765
397159
395339
395299
395662
410100
396579
398398
363755
448925
373190
364501
362647
362147
363376
368107
362254
364048
362165
362842
362730
362545
363278
363715
362515
368387
362210
406938
361149
361446
361408
385642
361658
363263
361543
361695
362949
363684
361268
361355
361172
361928
362898
362704
361216
362530
362099
369979
361651
407600
361486
362957
375650
362283
362291
362113
363053
362126
363416
363754
362554
363151
365528
395277
362443
362357
361615
363268
362090
363812
362844
361983
367718
363595
366176
361838
368920
362278
363052
363511
362363
363263
363056
362249
362538
361485
363446
364331
361553
361170
361689
363049
369586
362218
361196
362926
370164
392786
362770
362267
361904
362698
363465
361815
362858
363541
361370
362323
363735
363279
361222
362589
361982
377912
363673
361127
361311
362233
367028
362606
362542
361652
361822
363286
362484
362544
361655
362066
362520
364412
361938
362000
362077
362338
368406
362474
362310
361874
361999
361610
367547
362727
362378
363504
362775
362326
362360
362140
362851
363455
376036
363150
361949
363406
361187
368988
361901
362034
362458
362449
362355
362998
362282
363215
362109
363329
361969
362566
362070
362786
361950
368653
361928
362706
362804
361945
384843
362088
362104
361504
362082
362027
364064
361749
363662
363685
368118
363034
362045
362889
363288
362436
392300
362706
362510
362656
363275
369662
363227
361785
362114
361951
362258
362395
361519
361867
362189
361663
363034
361379
361194
360783
361727
368412
362014
361835
363028
361428
363027
363225
361032
362138
361855
361584
361482
361880
361232
361094
361407
385133
363085
362595
363185
362329
368804
362930
363820
362466
363284
364014
362302
362942
363202
361574
360731
363962
363452
361469
361608
361821
367522
363570
363137
363158
363068
384211
363355
363195
361879
363815
362251
362216
362166
362063
362415
361440
362291
362954
362241
363092
361818
375855
362504
363857
362242
362003
368179
362782
361990
361870
362144
362227
363170
362041
361749
363738
362231
364093
362556
361880
361847
362711
14483789
363662
362772
362626
361388
361512
362196
364379
362229
361343
361102
362335
361679
368907
361571
361349
361603
361336
367127
362545
361200
360988
361755
361662
361502
360824
363953
363530
364464
362454
361705
361903
361678
470168
362392
445725
364788
363050
364321
363757
362305
361968
363024
362116
389990
362380
363429
362416
362597
439825
363251
362444
362394
362398
362753
362498
362952
361976
364278
361788
361728
362858
362862
365305
364130
362462
362420
362547
362829
363814
362487
362161
368433
362117
368939
361474
361965
369086
363340
361895
361698
361623
363060
362521
361983
362144
361331
364624
364479
360988
361877
362163
361705
367781
361304
367754
361454
361208
373777
363433
361660
362043
361802
362194
361572
361715
361819
361895
361025
362704
362522
361946
366067
362652
392910
362161
361996
362581
362055
367693
362037
362499
362545
362697
365747
364387
363141
363380
362891
397690
918250
910854
910186
910131
910041
908214
569999
363307
362159
361975
362482
369505
363728
361556
361268
362310
361881
362315
361565
361896
363033
363058
368167
362615
361483
363524
361498
362038
362052
361460
362118
362894
368029
361653
361575
361601
361548
361970
362675
361592
361872
362204
362283
362420
362376
361469
383172
364143
370597
361990
361356
360836
361926
375836
361346
361797
361484
361329
366548
361363
361586
360967
361236
362980
361880
362135
363210
361572
362244
361755
361608
361480
361659
362794
371351
362523
362063
361833
362108
368945
362013
362898
362242
361734
362427
363091
362013
401643
362672
362452
362991
361894
361654
361889
361368
366713
362344
362486
362250
362244
375421
360854
361938
363219
360895
363783
361892
362354
361865
403007
361988
362516
362386
361623
362522
362244
374961
363268
363081
361914
362559
367917
362688
361818
361788
362087
362978
364603
361924
362733
361784
402693
364171
361548
361872
362411
361233
368752
361553
361980
361255
361737
366664
647210
797131
777150
764612
913238
778890
797733
803625
362885
361336
376067
361255
361589
361342
362764
368386
370531
361970
361882
362691
362222
362933
363126
362059
362088
362576
362807
481460
362420
361750
362849
363450
362558
362111
362028
361760
370731
362038
361336
361740
362248
390686
364003
405883
363548
362200
375010
362598
363494
361664
362831
362047
362305
361957
361802
361448
362552
362880
361993
361975
362432
362126
620021
362750
404609
362557
543271
362456
362380
361763
363653
13939215
746820
760252
745865
746104
747001
746583
584225
362292
365600
363402
363017
594204
683856
683242
683658
683092
675056
361298
361412
361621
361893
360865
362535
361518
361541
362949
362153
410948
362417
446891
360575
362674
373490
361473
362684
362862
361511
361607
363012
360786
362682
363274
362183
372347
362676
362924
363492
361329
374924
362259
363705
362418
361775
367778
361496
361958
362274
361453
362080
362225
361759
362266
361968
361952
372635
362562
361154
362963
361457
383694
362064
362309
362981
362468
362537
362644
361179
362535
361596
361982
361894
362086
362347
362716
361790
371487
363541
362819
363798
361944
385477
364431
362458
362243
362530
378630
361543
362272
361710
361555
362322
362166
361037
361413
361807
361238
361452
361731
362015
362924
361659
374612
362153
361848
361428
362998
361922
362183
361783
361779
362073
363421
362176
362484
362549
361729
361971
375739
362120
362370
363991
362034
367484
363202
361752
362986
361946
361621
362290
363888
362705
362738
373833
362055
361003
361340
362507
362675
389771
363706
363100
361521
362697
367694
362966
361487
362942
362295
362928
362826
362475
361336
363218
361882
363808
362634
361359
361361
361482
368722
362692
362035
362247
362303
382417
362074
361254
361550
363517
361389
362355
405910
362186
361485
361793
362657
361684
361187
362036
360958
375329
360768
363169
362969
361058
361255
362448
360875
361510
361004
363228
361970
363874
405233
360714
363409
367040
362240
375877
362618
361734
362873
361800
362425
362563
362331
362290
362430
361476
362812
361829
362643
363999
362161
367748
361476
362225
362431
362529
368186
362287
362703
362704
361822
367502
362352
361713
362834
363660
362113
362751
362207
362000
362483
362686
368494
362009
361652
361643
362710
362559
363836
362412
361609
361954
363064
361939
361828
363478
361945
363065
1382668
362490
361959
362895
363968
473705
361590
362802
14067769
362434
362401
377507
361608
407081
363939
361945
361858
362700
361832
362668
361524
362771
362488
367667
361203
362024
360678
369297
361347
361861
361389
362155
374714
361342
361205
500045
361505
367385
361487
361016
362962
362483
362100
363120
362407
362070
362967
361698
373823
362519
362150
361555
362248
368166
361818
363959
362486
409365
363722
362692
361282
364151
362452
361714
363578
362641
362329
362007
361759
368910
362527
361522
362093
362910
367351
362829
362064
364201
363859
405922
361541
361614
362275
362881
367338
362896
364831
362697
361701
362047
384548
363479
361818
362475
362282
382249
362170
361841
362503
362667
364096
367771
363328
362828
360998
361926
361640
361120
360906
362145
361889
372798
363141
361805
361114
362010
383173
361871
362434
361673
360814
361692
361627
362289
361398
361123
361414
362221
361480
361569
363955
362617
367185
364166
361985
362492
361743
368090
362018
362117
362370
361745
364404
362327
363091
363740
362174
361904
362864
362351
362076
363595
362016
369357
362941
362168
361227
363264
373701
361666
363751
362015
362617
362511
363783
360982
364336
362511
361114
362113
362004
362937
363939
362872
375582
361923
362989
362152
362051
367496
361838
362718
362182
361679
362022
363011
362817
362945
362507
362562
363632
362290
361517
362073
361379
368708
363082
361172
360992
361704
362069
361744
363013
362151
361972
362113
361578
361952
361678
361177
361074
369607
362489
361062
361414
360532
366706
361235
361780
361651
363072
363033
362168
362181
362332
361771
363065
363885
362419
404657
363486
361893
362044
361855
362366
363100
362713
363020
361801
460436
362863
361942
361918
362454
364509
361683
361787
362472
363998
384648
362475
362002
362281
362931
362242
442429
364542
494544
363785
363083
384016
361953
363134
362648
361986
375084
363651
363055
362713
362561
362543
361966
361942
362765
362569
361821
362466
364150
361861
410148
361868
1398470
362028
362334
362274
477821
361909
362479
361241
362091
14033909
363085
362067
374928
361885
361718
361395
362853
363545
361724
361950
362668
361299
362109
362280
360971
361688
362181
362308
377294
362409
362595
363237
362286
403395
361883
361884
361620
361488
362817
362123
363405
362228
362252
373133
363063
362261
361895
362125
362111
370645
362084
362182
361767
362132
367989
362629
363365
362773
361194
362955
362844
362170
362044
361642
361854
361669
362070
363060
362330
361716
368575
361945
361903
362371
362024
373208
362063
363076
361455
361595
362633
362154
362385
362630
362705
363518
362394
364144
361471
361928
361152
376947
362010
361140
361175
361554
361427
361808
361524
361043
362574
362558
362195
361091
360831
361407
361397
374342
361173
361744
362329
362075
403261
361051
362784
362326
362178
363043
361972
362062
362301
361998
362619
362444
361783
362939
361647
361867
368428
362262
362818
361707
362408
367833
362388
363451
363350
361479
361987
362724
362681
361965
362008
362218
362610
361702
363722
361469
361761
369368
361735
362499
363543
362469
373172
362692
361485
364106
362161
363478
362721
361645
363634
361503
362212
362692
361096
362304
361531
361952
375414
361607
362744
362491
361861
373278
404318
363066
361979
361585
362051
361425
361993
361915
361314
361683
361954
361783
363135
361280
361377
413004
361846
361493
361220
361556
361673
361750
404538
361665
361426
361911
361724
362308
362301
361627
362093
361965
362019
362980
362091
361680
368545
362355
362178
362771
362063
362261
362522
361638
404013
362825
362398
362838
363659
361436
363347
362191
369537
386694
378724
363209
362368
362339
362082
362376
362891
362935
362001
362066
362715
362688
362426
362506
362867
362657
363696
361516
363478
363364
361308
405916
361714
363010
361973
363563
369173
363674
361910
360733
363727
363949
362466
363951
368004
366061
360873
468194
361376
362051
362177
361733
369086
362059
362096
361418
360946
408635
362380
361783
361411
362332
362691
362195
362219
361727
362059
362084
361843
361672
361582
381690
694068
715364
685913
683852
694552
684188
683632
374384
362818
361959
361642
362582
368902
362469
363265
405460
363240
425935
386841
364351
362441
361788
374753
362573
363506
361746
361396
361191
364092
363251
362464
363387
362019
363670
361742
363196
391911
363940
374592
361055
362422
362415
361948
407807
363080
392134
362686
363043
362683
362651
361712
361863
361871
362308
364626
361978
361774
362272
362407
369877
364098
370826
360992
361012
369367
363335
366814
362118
362542
361836
363032
360744
361232
362311
361236
361525
362546
447639
362127
361664
362765
362515
361508
361882
361933
377119
363182
368075
376270
361920
371938
362733
361776
362757
363521
362886
362046
362429
362985
361956
376985
367546
389510
361817
363103
363611
384995
361987
361853
361871
362325
369230
363046
362387
361949
363507
363375
363623
361669
362798
362310
409461
363515
363600
391777
362282
362685
367796
362646
362309
361984
362563
374681
362009
361663
362264
362334
362452
361915
362002
362046
361740
362190
361640
361464
362059
391972
362546
419693
363049
363206
361111
361238
368895
362813
361300
381611
363016
362227
361946
363010
361483
361645
407448
364526
362549
361870
384807
362283
362994
362382
361362
361312
361174
368183
361591
363350
361467
361997
362210
362547
362448
362337
361848
361758
364551
362532
361643
361911
385114
363017
362424
363141
361773
362199
376968
362137
362874
362149
361392
362360
362937
364209
361322
362265
362476
362959
362043
361729
362644
361590
833290
853711
806220
778888
773403
772707
769621
779265
572999
364105
363151
362350
391946
362265
362297
361339
363440
363366
363535
362067
361406
376266
361755
362225
363646
361771
369687
362142
361988
361602
361361
362321
361565
361261
392792
361346
361983
362238
361404
361939
360913
361550
367991
361858
361448
361893
360932
374467
446722
362426
362356
362991
391615
362209
363186
363118
362085
363208
361868
362206
363493
363481
397097
412999
363569
401580
365151
442538
362962
361936
362850
361080
364109
363353
363414
364074
362018
365885
362936
362147
363059
362110
362780
362415
362048
361811
370196
362426
361342
362336
361992
369547
361259
361487
363261
361951
362586
362132
361884
362555
362624
366875
361784
364226
361731
362163
361744
368728
361874
362520
361508
362892
374206
362276
363169
363902
362728
361627
361359
361086
361779
361467
362023
361961
368213
361992
362153
361735
375376
361490
361864
362583
361674
362650
361429
361340
362593
361751
363709
362100
362119
360937
363608
361802
376245
363782
424718
362416
363377
369451
362531
362143
361804
362061
367728
361766
362459
362875
362244
363127
362763
361825
362799
361498
361931
409527
361966
360827
363728
363457
368991
363798
362000
361056
363496
373770
361517
362196
363331
363240
361839
364036
361449
363702
362530
362323
373416
364308
363546
363349
363886
416309
361946
362338
361452
361415
361880
363436
361486
362994
361583
361836
362783
363492
361315
361903
361527
374465
362741
361894
362583
362715
368650
361277
362119
361687
362451
362461
362266
363485
361076
363503
361766
361846
361971
362483
362247
361804
367474
361874
361439
362559
362104
367394
361943
363961
362148
362099
364104
362782
362311
361549
361853
362540
363421
361668
362022
361987
361921
415933
363094
362792
361820
363006
400778
362660
401364
362073
362767
363161
361975
362802
362285
361859
362853
362409
361987
362798
363260
362703
420309
363104
362273
362028
363281
368583
362613
362005
389426
363605
363091
361500
362142
362473
361688
362785
363006
361642
363069
361931
362248
14474502
447912
375852
362553
361957
361076
361786
361757
361533
363884
362113
361399
361814
361816
361055
362653
370056
361586
368345
362590
361967
362280
361664
412210
362127
361381
361826
361814
361698
363140
362317
361992
362166
363377
475529
362559
362678
362850
362501
375105
361505
361728
362670
364206
370552
363041
361125
361559
362416
364174
362246
361421
364036
361001
363839
363700
362567
408735
362934
362066
362497
361252
361688
362736
13815884
361945
363740
373518
363521
362964
362729
364467
363608
362416
362074
361926
361837
361930
362742
362392
361869
391251
362688
422775
362253
362465
363441
362172
368310
361664
363191
362562
362226
363067
362993
361904
361741
361796
361186
362511
361664
362139
361861
389874
368103
361869
361982
361052
361921
362778
361678
361304
361691
395240
363568
363513
362913
363319
361571
371804
367555
362550
361674
362614
362376
377055
362108
362615
364732
363287
391401
362961
362857
363670
362866
363388
362081
362435
361507
361484
361910
362710
361843
362736
362177
361937
363761
362407
362564
362416
363411
368604
361842
364206
363002
361802
363937
362755
361774
362893
361718
362007
362871
362166
362123
362172
362655
367706
362478
362843
362569
361766
368580
361868
362575
382718
361513
363276
363018
362616
362035
361501
363914
363249
361632
361029
361136
361463
446019
362733
361708
361604
361875
390990
363123
361537
361885
360829
367977
361410
362172
362093
361840
361495
362065
361955
362843
361929
361974
362577
361666
362474
391121
362591
415628
362248
362651
362550
362561
368634
362735
363769
362394
362311
363170
362748
362676
361945
362574
368881
361876
362850
363434
361832
390306
368660
362546
362610
363161
362238
363549
362202
362420
361800
361780
361702
363039
361864
362225
362028
362916
362245
362928
362653
363330
362062
422275
362369
362190
363352
378040
362381
361765
361374
362487
361850
362000
363411
362465
361613
361505
362323
361781
361677
361083
362846
361087
368854
390326
363026
361736
361206
380197
457366
387194
363791
361091
362831
363072
542310
404568
397534
396897
382253
398270
362084
362100
362823
361908
389357
362510
361754
479962
362150
438804
362209
361626
362346
362822
362726
362306
362742
362249
362573
417283
364555
362743
361446
361904
452919
365222
362283
361644
362609
362400
413545
361844
363202
361733
362641
377375
362224
361901
363100
363027
362152
385428
363256
361693
361792
362062
361947
362146
361703
361565
404001
374443
362179
361725
363560
362835
412200
465983
471302
363145
368261
386515
361194
361477
362067
361249
362570
361368
361514
361799
361156
364530
366591
361252
361645
361477
361564
367435
362145
362797
361817
362043
416704
363236
360722
361255
361833
367648
363049
362196
361985
363791
361778
364000
362004
362153
362197
361496
362531
361645
362182
362753
361542
369206
361607
362515
361882
361729
406610
361643
362654
362651
361599
362562
363856
362277
361824
363107
362809
362966
362111
361460
362804
362313
367027
361367
362261
362121
363111
375014
361748
362907
362747
362480
364111
362726
361857
362585
361977
362327
363075
362077
361859
362536
362190
362533
362645
361566
362129
362029
368384
361656
362110
362117
362469
361234
361707
360980
363013
390138
362301
363669
361532
360358
361636
361379
361999
362037
361253
361249
360825
367521
362073
361364
361732
361600
363101
361796
361416
361956
361373
405838
362371
362409
361649
361858
362613
414008
361878
361639
362661
363577
376565
364217
397630
362945
361516
384693
361722
361678
362021
361659
363030
362924
362450
362283
362801
362146
362409
361444
361944
361788
367849
362192
361661
362664
361993
361444
369590
362257
361692
362049
361872
373617
362590
362042
361546
363961
362886
361583
361402
362119
360950
366476
362236
361179
362510
362766
361592
415538
361696
361858
361295
361216
367524
362854
361908
362987
361004
362483
362077
361540
362060
361368
361706
361949
361252
361601
361540
361550
367628
361572
360877
361402
362866
363861
362824
361943
363116
362607
362166
362077
361614
361586
361537
361012
362636
361986
360894
361179
360580
410867
363554
362890
361988
361820
372788
361343
361796
361753
362873
363013
361954
362321
363079
361596
361639
362416
361467
361880
362053
361606
374901
383077
370722
362404
362154
367711
361605
362086
362122
363248
477609
361581
362366
362028
361893
362521
362294
361662
362371
362447
361429
367862
430375
362715
364964
399599
368516
361942
361439
362149
361111
397797
361875
362174
360667
361270
375022
361301
361132
362306
362093
362395
362045
361671
361071
361977
361378
361503
362807
360466
361143
363163
368920
362628
361627
362222
361388
367790
361768
361814
362395
361828
362048
363367
363033
362165
361927
363270
362617
362051
362043
362247
362160
368550
361627
362786
362096
362521
363233
363492
361645
362698
362261
361818
362219
361927
362200
363593
361353
367355
362213
362218
362062
362190
414802
362330
361841
362875
362074
362264
361612
362155
362389
362433
362235
362357
362361
363338
362686
362476
374722
361963
362230
361817
361374
366327
361053
361422
362557
362893
363980
361537
361492
361569
361744
363467
362605
361364
362506
362559
361785
368157
363089
361824
361030
362856
368197
361213
362062
361858
361424
365869
367013
362192
361389
361956
362102
362990
362377
361359
362552
361998
368943
363005
361867
361211
362406
480700
395805
449236
361652
362340
384901
393106
361491
362530
362860
372625
361267
361892
360991
362299
362211
362949
363522
362362
362065
361573
367899
361551
363300
361931
362062
369407
361991
363438
363340
361571
374427
362606
362023
362430
361698
361820
362092
361399
361845
363287
361510
363940
361778
364166
361990
362159
374962
361929
381915
361639
360998
367032
363670
360261
361379
388519
363413
360734
361293
361320
360739
361692
370904
361393
362206
361560
361479
444905
360705
361233
363033
361929
383849
361684
361767
362203
361766
362462
361514
362804
361850
361665
363108
362440
361678
362184
361573
361263
361768
362257
361831
362737
361967
419582
361921
362209
361624
361983
368387
362318
361935
361893
361690
362078
362005
362160
361810
361749
362195
372661
361540
362488
362635
362697
387899
362987
362025
361967
362680
363330
362704
361524
361495
361721
361837
361826
362054
361905
361548
362454
878383
363252
361935
361606
370909
404149
362154
362194
362030
363316
361939
361957
362368
361695
361186
361713
361647
363021
361007
362511
367568
362191
361153
361377
362446
375339
361437
406078
362269
362129
362731
362456
431462
362333
361897
364097
362446
361986
361743
362347
361623
373670
361614
361749
362360
362579
383487
361559
362268
488222
362253
404331
361924
364253
362644
362948
361662
362150
362052
362078
362110
362464
362204
361494
362131
361797
362084
367758
361030
362249
361967
362672
375366
362619
361341
361112
362827
362044
362850
361248
363040
361637
363270
361180
361817
361721
363846
361992
375543
362745
362947
362124
362305
368435
363363
362526
363495
361457
361574
362466
362140
361735
362079
361095
362610
374842
361580
361546
361588
369665
361390
361668
361216
361321
363033
362640
361824
379627
362557
362249
361980
362132
362208
362502
361487
362576
362096
361339
362030
362120
367569
361405
362656
362269
361770
362055
377548
406084
361701
449657
362715
362079
362013
362252
361688
365957
362293
362399
362016
361980
362674
404217
361985
361887
362182
361647
387571
362264
363002
362592
362357
368242
361502
361831
361841
362116
362426
362643
363360
362122
361461
361796
367613
361975
362073
362968
362202
368472
361800
363508
483240
361996
373731
361444
361937
361252
361979
361983
360697
362376
361512
360277
361816
363421
360558
361566
361730
361773
374986
361525
361916
361406
426542
361274
361900
361966
361597
362461
362580
361690
363630
362373
361453
361997
415460
362083
362556
362039
361930
368161
362698
362252
363513
362668
399282
363487
361294
361458
361704
362908
361828
363117
361938
362011
361464
366650
363182
362318
361619
361529
413061
363201
361426
361564
367894
362251
392776
362793
361406
361931
361921
361776
362070
362556
362014
363159
368842
361848
361750
363033
362022
372954
362051
362053
362436
361419
362587
361948
407387
361077
362133
361795
361540
362231
361268
362343
361355
373891
362079
380468
364490
398280
436446
415590
456715
362280
411126
362009
363044
391194
363197
361753
425776
361230
362286
362828
363703
389348
363681
360978
362930
361984
361100
363735
361135
362007
361858
361613
362112
362287
362303
408498
361923
368414
361729
361945
361820
362825
408908
363768
362173
361919
361300
362415
363274
361648
361953
361911
372135
362143
362650
364073
362014
449713
367631
361654
362318
362284
362194
375177
362524
361452
362166
362023
362509
362505
362028
361790
362237
362388
361897
362332
362278
361861
363029
418104
361644
361379
362010
361466
369924
362099
362559
361333
361154
362078
363416
361151
361098
360821
361821
362410
361653
362675
361002
361283
485835
361729
361879
360792
361442
367872
360689
362705
363111
361397
373144
361952
361851
361396
361529
362509
363304
363426
368093
362234
362564
366404
363986
362551
361699
361826
376554
362579
405883
363905
362592
384676
362087
362337
361976
362066
362861
361904
362562
362593
362154
364113
362925
360916
440772
361966
363753
367503
362166
362943
363843
361986
369125
361759
361794
361910
361543
374617
362075
362695
362508
363464
361436
362490
363017
362235
485598
362348
363238
361513
363047
361650
362799
415401
361705
361483
361434
361726
368093
361859
362628
361681
361149
362031
362105
361339
361945
361068
391480
361850
361597
361856
362341
361912
367860
363213
362474
362782
361363
412669
364764
362210
362241
361605
363326
362096
361687
363372
361202
362980
385482
363518
363218
363564
363513
367214
362850
363136
361455
362566
374724
361241
361544
362040
361753
363060
362879
361681
361746
361796
361504
363944
363391
362019
361906
362011
374954
362152
362012
362551
362935
368280
361853
362187
363020
362801
362292
361570
362617
362711
361610
361792
364583
381176
363539
363633
362505
370039
363197
361947
361300
361304
409004
361278
362072
369061
402580
384785
361920
361081
361323
361795
362141
362370
362135
361796
361399
363017
361497
361072
361911
371033
554135
557102
506134
521345
378263
363846
362697
361519
362441
369213
363129
362894
362177
464412
362546
361901
362809
362248
362449
394114
362258
362001
361498
361826
361454
369544
362363
362419
362953
362522
395499
362617
362412
363246
402404
384347
362932
362081
361678
361925
362810
362413
361993
361875
361695
366705
363210
362219
362570
361698
362738
369197
362775
362166
362598
362555
367620
362159
363426
361985
363533
363339
362071
367650
366234
362012
361432
361776
361350
361766
361665
362033
414624
361609
361065
361514
361715
372777
362908
362752
360956
361473
361669
361633
363136
362337
361733
361254
362404
361185
361538
363681
361901
375475
362216
361681
362258
362787
407152
363070
363461
361752
363113
362806
362529
362339
362778
362575
362497
362350
361827
362461
362331
361655
412160
471181
452774
398395
362729
363123
363521
364284
361831
363718
367656
362698
361795
361593
362547
383779
362382
362790
361827
362495
378643
362418
362428
362564
361640
363101
362078
362217
362709
362421
362594
362403
362452
362542
361390
362065
410168
362801
363341
361465
361272
376112
360898
361348
360988
361727
362307
362250
362635
361284
361509
363010
361300
360901
362859
361729
361720
375812
361630
361847
361441
361597
414404
362380
361017
362726
363585
362603
363467
362730
362769
362084
362037
440001
362080
361701
362468
362202
366679
361521
362868
362544
361996
368653
362864
362092
360901
362187
362603
362638
362903
361654
361364
361716
362159
488848
362625
361719
362740
362167
362786
362397
362021
361365
375408
362210
361495
361451
361796
363519
362962
363002
363545
362501
362780
362000
362737
363343
361996
362160
363286
362247
361691
362917
361995
368081
363172
362915
361972
361681
367295
404614
366469
399401
362424
382798
362268
361045
361852
363093
363085
362490
361119
360956
361858
363809
362128
362870
361565
361392
362112
390742
361534
361143
361930
361296
369083
361691
362621
361944
363307
361707
362694
361175
362113
361509
363997
362256
362294
362862
362694
362742
363182
362276
361996
362811
361885
368452
361900
362285
362642
361787
449206
362865
361672
362204
363533
362230
361937
362409
362533
361756
362329
369239
362213
362048
362222
362230
375364
362323
362199
362666
362596
361905
451936
362003
361932
362576
362644
362191
362226
362044
361972
362161
362548
363607
363728
362073
361557
413251
361724
361233
361509
362407
362213
363117
486059
362081
361467
361511
361843
362523
361345
361071
367291
360925
361465
362843
361865
361193
367970
361769
361646
363558
363241
413292
362209
362280
366795
362549
362190
362356
363063
361989
362612
362368
362223
361976
362906
362280
361813
376701
366716
367593
362988
398806
370411
435189
362596
362514
362920
419659
362530
362359
362465
362802
363988
362600
361488
361688
362316
364677
362288
362504
363393
362708
362373
389365
361759
363025
361862
404459
377380
361650
361790
361890
361571
407939
363077
362048
362745
361848
362150
362074
363296
361483
361519
361158
371438
361881
362929
361553
362217
454224
361254
361578
361551
361574
366910
361781
361227
361477
361665
362123
362550
361034
361676
362182
361616
374644
363464
362726
363033
361763
370110
449788
362224
362862
361990
376259
363271
362388
361905
361694
362216
361338
361138
362080
362743
365106
362202
361588
362918
361514
475915
365131
362113
362872
361859
362407
395462
362576
362153
363492
362540
368930
362699
362901
361769
363424
373399
362834
361780
363770
361926
363002
362784
361600
399272
362507
362892
364115
362489
361607
363002
361649
395811
363101
362133
362032
362111
368894
363239
367994
362063
362118
362296
361620
399059
362090
512298
388240
362371
361864
361168
361719
361637
361436
361494
362863
360974
361927
362041
361103
361641
361256
361841
395412
361522
361214
362294
388435
368767
362309
362970
362418
362928
363328
362288
363344
362679
362019
362086
362464
362687
362674
362054
361700
370475
363958
362248
361586
362237
368624
362662
362306
362953
363591
363626
361930
381141
362845
363191
361698
362495
363316
361599
361963
364237
369009
362539
361907
362110
363607
373514
362997
362202
362140
362764
362814
362277
362789
362956
361749
362788
362299
361822
361750
361904
361644
420896
362686
362024
362226
361591
370385
363249
361590
362540
361939
363697
362506
363169
361524
361249
360885
363954
362488
362911
361712
361278
368891
361730
361341
361709
361654
407955
362424
361977
441209
362433
363249
364292
361866
362008
362565
362261
362008
361771
362078
362296
361756
378141
362675
361978
362494
361629
375202
362203
362504
361891
487612
480688
362455
363601
401716
395806
384748
362281
361278
361743
362276
363161
362391
363582
439424
363148
366543
402772
372871
367149
361524
389466
362487
362438
362046
365416
361950
389713
362204
361685
362639
362474
385250
362362
362546
394250
362545
399143
363145
366821
361795
361390
362481
371183
387274
360811
361830
361929
361926
362404
361410
376471
361721
364944
361759
361592
361245
362805
376527
361789
362171
361725
362886
367984
400312
365949
362183
362852
362400
362368
361787
362351
361709
362524
361854
361825
361777
362099
363161
416028
362528
362722
362243
362370
368913
362608
362615
363580
362094
363266
362201
361661
361760
362315
361278
362909
361454
362836
361276
362102
1053161
1122359
921261
396618
362058
369405
361869
361813
362132
362403
363094
362704
362353
362246
363064
363013
362948
363236
362168
362853
362769
368605
362175
362552
362534
389194
368318
363635
362939
401342
418761
399022
362576
361104
361414
361774
363674
360845
362811
362121
363106
362506
383552
362463
362191
361779
361286
473184
363075
360746
362288
362252
369794
361919
362480
362131
362701
361655
362285
362438
363068
361490
362481
363145
361271
361662
361766
361542
369104
372519
362569
361581
362432
368334
363681
362877
363325
363950
364032
361794
362039
362809
361961
362705
362660
361408
362382
361379
362212
368428
364702
361571
363045
362579
375610
363069
361912
362104
362087
362182
361828
362465
364270
361859
362577
362952
362796
361955
362510
362522
376240
362120
362337
362040
363002
367728
362642
361932
361793
361975
362765
361839
361365
362006
361592
361737
361644
361536
361394
362972
361359
367866
361700
361143
363114
361856
361693
362132
361931
361878
361316
361927
361684
362350
361652
361614
361963
397056
363172
362885
362140
361480
368975
362389
362156
362519
363143
363184
363823
362141
362043
362743
362169
362697
363438
362854
406461
434311
363689
362629
363958
362017
362354
371436
362320
362095
362418
361939
412936
363039
362225
362117
361732
372933
361974
362811
362418
361943
363806
361778
361202
361545
363666
361450
362390
362301
362490
361997
362978
369079
450792
362131
361455
362165
375249
361422
362208
361676
361619
362168
362615
361963
361452
362021
367195
363185
362119
459023
361675
363086
375315
403167
361875
361741
362670
367938
361154
361978
361207
361933
363679
362151
362072
361695
376995
362783
363655
362134
361645
362885
362616
361826
362514
363197
362610
361920
368818
361961
361966
362019
362721
374011
363156
361746
361868
362651
361805
362524
362755
362219
362390
362629
363583
362641
361912
362332
362265
376849
363092
363166
363318
360713
369797
361367
361255
361412
362211
363202
363322
362166
361837
361994
362702
362493
362298
362855
362586
362641
409500
362369
362591
361638
361885
368854
362470
360850
362425
418228
521567
362255
361632
361074
361042
361594
361734
360910
361910
361809
361977
394246
362433
361572
361201
361459
428699
363989
360785
361099
362293
369479
361975
361322
361825
362965
364113
362432
362022
362570
362112
373796
362529
368493
362857
362314
361776
388292
439717
362894
362257
361755
415085
362395
362196
361817
362736
374752
362126
362070
362688
362470
362449
362725
362430
362625
362205
362022
362649
362566
361472
361868
362958
375848
362992
361777
361973
362235
409162
362032
362104
362853
362471
362387
362501
361257
363229
362597
362813
363507
362876
361562
362397
368156
367896
361725
360934
360858
361863
369234
361255
362374
361549
362078
361761
361451
361205
361918
362311
361871
361950
361040
361758
360960
361965
368082
361919
362574
361617
363536
375413
362803
362581
363153
361670
362173
364281
361922
362366
361897
366375
363202
362579
362182
362049
362153
375203
362107
362458
361791
362416
367537
362713
427104
433353
363256
385222
362205
361883
361984
363827
362651
370595
362231
361974
362678
363769
361545
361987
361319
362931
369496
362036
362704
361896
362103
361492
376299
362219
361246
362777
363503
369311
363286
363758
361714
362741
363617
362171
362451
362193
362805
418809
362452
362072
362875
361443
360933
370079
361914
361620
361491
362722
367042
361875
362306
363023
363517
362548
361627
361523
361862
361815
361708
362281
361108
361428
361003
361959
414576
362157
362000
363712
362146
375517
362429
362140
362464
361767
363067
362325
362159
362236
362379
361968
362439
368929
361823
362851
362299
374003
362199
361808
362720
362111
410853
362290
362565
362086
440446
368501
362854
361950
362479
362149
363836
363190
361606
361682
363228
362545
362584
362229
363588
363311
362797
368671
361464
362559
362611
363628
499047
362222
363144
361645
361519
363592
362393
361480
363003
363561
362051
361968
360609
363210
360567
360778
378003
362146
362138
498113
363593
371944
361873
362204
361930
361275
426433
374871
361643
362177
362495
391210
361796
361967
361232
361202
363447
363245
362264
362862
361945
364658
362352
441113
363034
362537
362445
373302
363105
362317
362280
361898
423283
362578
361715
362727
361605
373131
362608
363474
362551
362267
363674
362887
363481
446985
362016
366800
362486
362127
361548
361791
361961
368938
362409
362195
361764
361832
417523
362640
361898
362802
361370
362159
362943
361347
362271
449639
362572
362224
361981
362071
361893
362071
375440
362099
361879
360695
361597
368641
361523
361512
361128
361110
361497
361991
360992
362232
361464
372351
363026
361197
361495
360645
360781
367805
361915
361257
361330
362282
366826
361965
362249
360614
360883
362292
362348
362522
363748
362346
361493
363595
362300
362693
361353
362695
369427
362215
362635
362256
361477
374434
361756
362296
362356
362707
362621
362356
362964
363089
362509
368657
454779
363489
361796
362877
363165
362463
362639
363230
362896
368717
367598
363014
362169
362785
362601
385129
362200
361888
362553
362132
389710
362511
449722
362406
361929
362501
362272
362329
362220
361934
363767
363106
362462
362300
362696
361999
372443
362204
361607
360794
361863
367196
361619
361874
445235
362194
361452
361931
361605
360989
361162
362147
361266
361500
361791
363347
361595
412394
362222
361673
361511
363038
368854
362470
363415
362058
367542
373796
362436
361949
362198
362831
368882
362179
362982
362968
362808
362072
362974
362191
363362
363133
361723
416379
363472
361831
361390
366611
367953
362916
363159
362129
362504
364305
362584
362448
362088
362308
362418
363189
362020
362257
362828
361891
369323
362711
362345
362846
362087
364709
362355
362143
362509
361629
362681
362166
362307
362588
362198
362669
362740
361609
362302
362406
361345
368205
361727
362161
361478
361245
372910
467850
361424
363106
433654
431231
361954
361569
361488
360961
373491
363064
361018
361124
361425
361333
361690
361559
361871
361344
362809
370304
362946
366855
362805
362238
369198
362579
362113
493983
363588
391123
362585
362222
362394
361550
369164
362808
361930
362916
362791
362592
362114
361880
363185
362794
361741
361922
361939
362133
362319
363596
369778
363002
362117
362092
361982
413514
362575
362251
362514
362116
362465
362687
362051
363525
395398
361818
362972
362396
361829
362255
361399
369456
363204
362897
362709
362043
375181
362281
363126
362081
366537
362953
362515
361150
361877
360986
445136
361904
361786
361821
361657
362164
362116
361697
361952
361845
362285
368640
361142
362173
361901
361853
363417
362684
361655
361080
361819
411675
447626
362150
362590
362950
362188
362469
362671
362206
361664
362838
368731
362610
362735
362295
361794
363223
361929
362529
363029
362084
361766
362206
452311
362754
362678
363283
408987
420782
362296
362192
364028
362329
362717
362395
362241
361897
395565
362946
361333
362138
362068
384702
362128
363200
361982
362313
363233
361234
363940
361463
361902
363138
362076
362119
362808
363077
362682
362343
362209
361837
362631
362789
375256
362087
361628
442204
362125
367799
362111
362793
361606
361610
361822
361023
361827
361983
363138
361714
364214
361839
361518
361072
361550
367961
361947
361603
361154
448228
368465
362181
363183
362177
361995
362914
362892
361811
361916
363329
362371
361789
362329
361618
362709
362383
408623
363020
362106
361969
362048
463380
362312
363137
362651
362185
362334
362955
362646
363364
361489
363452
363373
364316
362144
362247
362469
376335
363085
362807
361934
363072
408300
371218
361993
362567
362048
362470
362923
362815
362823
362493
362293
362806
361944
362037
362980
363910
368734
363552
361945
362169
362209
367973
475891
362134
361055
362095
412944
362913
422035
362192
361228
362101
362849
438317
433781
401340
385013
361769
362550
361732
361356
363853
361620
361666
366147
362651
366359
363420
361815
362425
377537
362334
364070
362064
361638
361930
362017
376089
362397
361971
362679
361754
367543
362203
362173
363957
362854
362538
363292
363708
362750
363347
363184
361575
362024
362051
361578
362165
412781
363015
362303
361689
361971
369482
361928
362092
361954
363303
362583
362991
362474
361681
362150
362195
362236
361922
362511
362050
363092
369407
361922
362182
362248
362022
414655
362674
362051
362746
363065
362409
362119
361554
361495
360970
361638
362573
362123
361064
361451
361621
376334
361841
361720
361794
361252
367183
362415
361141
361834
362152
362452
434179
362026
361139
363408
362167
362742
362058
362672
363281
361580
362264
361599
361743
362564
361999
368310
363487
362202
362740
361777
362747
362230
448674
363219
361869
362669
362612
364436
372274
362240
362378
370084
362316
362068
362381
362781
392347
362950
486017
362800
361935
386183
363184
364144
362318
362474
385123
363199
363762
362139
362218
364546
362750
362033
363821
362006
364980
362171
362004
362000
362142
362140
373775
362830
363660
363763
363403
397723
362055
362590
362077
360981
368921
362136
361776
361875
361813
362808
362503
361884
362173
363008
361512
360921
362009
360933
361651
436006
368800
361752
362574
361368
361710
367658
362561
361595
362478
361537
362836
363431
362223
361697
363318
362442
362221
363098
361799
362967
363011
371205
362132
362695
361389
361722
363367
362826
363804
363551
362238
368632
362959
363132
362145
363872
362903
362179
362705
363527
363650
362139
363489
361704
363703
362006
363036
361870
363461
363142
362283
364088
368962
363026
361383
362021
362610
361940
361215
364363
362432
362052
363247
362101
363775
362903
361668
361818
367154
361558
361046
361308
361497
374959
363272
360274
418002
383041
385123
362222
361741
362890
361407
362068
361866
361529
438314
361722
362297
361655
361296
361692
362511
361925
370522
361664
362606
361510
362980
371732
361933
362365
362100
361920
362429
362543
362814
362745
450745
363176
363604
361639
362500
361948
363670
362501
363186
362877
361706
362201
376452
361735
361943
362195
362277
363191
362495
361628
362232
361725
448529
363430
362988
363395
362201
362786
363904
363453
362168
362519
363002
368918
361512
361428
362942
362877
363877
363364
362350
361959
363587
363131
444340
362287
362770
362434
361148
361743
361977
361404
361749
361317
386534
361426
362567
361989
361290
361878
380868
362313
361438
361395
361976
361956
407845
361582
361986
361743
361555
362499
362289
361919
362909
376512
363026
361897
362810
362297
369446
364001
365000
363167
361759
361974
363055
362705
365967
363187
373837
361951
362226
362474
362271
362175
368270
362736
362225
362368
362061
368035
425551
432419
362224
363058
363118
362488
363173
363209
364005
363048
362042
362290
362130
362847
413090
363217
362977
362689
362315
361496
396613
362334
456327
362481
363220
369009
362120
361884
361654
450579
368050
362670
362817
362978
361554
362694
362251
361584
362508
363444
361467
364474
362668
361716
362378
362359
368406
362136
361633
361657
362703
464935
362702
361694
361776
361383
361652
362063
361347
361718
362676
363097
362475
362734
361981
362440
361805
417376
362717
362366
361637
362502
369358
371070
364457
363184
363143
362445
363341
362019
362807
362220
362364
362537
362732
361744
362163
362320
368748
362417
362863
362136
363732
406868
366278
362867
363652
361915
363067
362564
362262
362265
362280
362559
362491
363193
362207
362468
362377
367757
362751
362553
362344
363111
374869
363838
362636
363730
362332
364679
362764
362002
361671
361307
362600
361672
362252
360853
361431
361280
374090
362482
361466
361869
363695
373667
437012
364142
448729
363230
383470
361351
361565
361766
362268
434729
361782
361402
362074
363262
362672
364112
361142
363905
362546
369140
364690
363475
363081
362281
368833
362602
363461
362274
362101
362088
368623
363319
362252
361560
362166
409549
362289
363909
362922
363237
364390
363593
363495
361995
363870
364482
362281
364544
362514
363011
362746
368434
362984
363168
363751
362478
375116
362253
373030
362572
361584
363500
364257
362139
363177
362631
362282
362879
363333
362841
362528
362450
362770
362216
363376
361708
361883
368207
361933
361265
361792
361653
363417
362862
361513
361411
361882
361850
363660
363517
362956
361272
361233
362706
375350
361966
361571
361774
368070
361489
361381
362494
361491
362791
362179
362765
362629
362180
361989
362756
362370
436973
363157
362563
362781
362082
362850
362753
362577
376030
361525
361906
362087
362099
368688
362247
362049
362573
361919
362641
362003
362499
362476
447028
553901
419631
362753
362150
362043
363108
362438
362193
362598
362546
363681
362142
362248
362876
362260
362595
392389
362396
363287
362305
362430
369275
362316
362861
362473
362420
363423
363189
362610
363744
362388
362444
362507
361792
362494
362552
361239
361049
362264
361378
361713
363771
443505
361742
362559
362783
361936
362515
361417
361411
369270
362422
361510
361918
362249
362937
362325
362407
405364
362739
363623
361582
362164
375368
451207
362175
362622
362323
367924
362772
361751
361691
361798
362732
362093
362708
362503
362263
362044
362806
362512
362425
362415
362428
409870
362954
448968
362367
362226
368384
363091
361818
362289
362684
362724
362178
362605
362178
361943
362221
362219
362358
362324
362376
362453
368443
362457
362437
447448
363732
412260
361920
363132
367556
362286
363113
362933
362681
362601
361396
373684
361429
361409
362722
361233
361676
391185
361995
362073
399501
361923
442242
362221
362700
482917
363002
399535
361825
363646
361631
361882
384228
361866
362935
363451
362523
362889
362751
363442
362571
362765
458165
362000
361782
362589
362171
362912
395260
361820
363362
362635
361451
414694
363629
362899
363553
361635
363684
363470
362629
360953
363190
361521
448266
362775
362010
361710
361816
363365
362526
361461
362351
361453
369546
363189
361344
363427
362651
362564
364326
363285
363130
362081
363130
361947
368462
362188
361916
363022
362376
361886
362263
362072
362122
376412
362389
363014
362183
361599
368440
362237
361174
361766
363110
362507
362623
363634
361536
361344
362119
361175
361168
361654
361717
362075
368262
361603
361864
362518
360934
366711
362222
361599
361955
362345
363322
362005
362142
363595
362724
403337
363274
362514
362006
361767
362409
369658
363187
362086
362439
362177
374516
362146
361952
362529
363196
362692
362350
362328
361635
362560
362941
362680
361664
361771
362349
362507
422404
363147
362244
362910
361656
368432
362668
362662
362215
363608
362083
362414
362852
362535
362225
363222
362187
361850
362605
361662
362011
371475
362265
361484
361945
361877
411610
362616
362866
362199
362274
362621
363414
363839
362049
362042
417410
418938
361674
363345
361258
363298
362307
361676
362960
362073
361672
362101
361252
361836
362329
361628
370749
361567
361507
362403
362857
370385
363652
362646
362471
362737
374361
362674
361831
363097
362766
362056
362242
362600
361563
362366
362137
362493
362868
362178
363072
362021
415055
362221
362395
361908
361969
368494
362703
362287
364183
363221
362263
363231
361794
362659
362447
373931
361956
363027
362015
362276
362859
368590
362518
363047
409210
362742
406897
363292
362128
362217
362152
363389
361612
363038
362177
362412
367893
362010
362610
362008
361307
360914
368885
361064
361438
362010
443257
375674
361598
361384
361541
361123
362838
422798
361268
361373
361283
361862
362100
362554
367323
453054
366682
362526
361816
362151
361997
403883
370128
363224
362671
362144
362649
385144
362700
362129
362226
362311
423355
362497
362515
362731
362078
362736
362375
362089
362112
362638
361959
362398
362413
361586
362293
361489
377128
363316
362018
362142
362661
367444
362247
362562
362337
362549
363707
362226
362421
363402
362122
375522
362426
362327
362176
362202
363452
368242
362804
362175
362057
362244
368707
362426
362515
363261
362766
364173
362964
362359
362296
361651
361873
362665
361384
435001
362562
361752
362068
361142
362635
361315
360999
375222
361805
361621
360835
360409
361381
361489
361244
361035
361128
367254
361396
361513
362084
442876
361729
412291
363045
361952
361608
362857
369258
362073
362007
362747
361025
363224
362050
362639
361722
362072
362365
362236
361240
361912
361443
450784
362957
361931
362486
361985
361992
417291
362327
362032
362661
421819
377224
420835
362649
363432
362318
374927
362535
362202
380160
361577
363778
362627
362495
362049
362243
378398
362961
362211
361625
362853
361940
430716
362945
361642
361577
362707
368152
362893
362206
362083
361840
362311
361728
361908
361995
362158
363457
361416
360865
361613
361600
360955
370142
361480
360982
361277
361396
411110
361720
361837
362251
361460
363467
361771
362979
362680
362475
362453
362680
361888
361895
362596
361987
376255
361990
362567
362079
362385
368344
361896
362110
361672
362317
363013
362326
362708
446151
362313
362559
362023
361824
361494
362248
362256
367000
362133
362118
362225
362480
370460
363766
361803
361646
362135
362790
362149
362287
363173
453289
363853
362957
362084
362569
362146
362323
362401
362310
363268
362238
362592
376024
361878
362316
361547
362796
362886
362562
361898
361836
361705
450643
361579
362076
362351
361677
363412
363965
361874
361391
361765
361083
369115
361195
361366
361458
365680
482851
364121
361964
362121
360668
399069
362394
363069
363284
362298
374726
361943
361997
362259
363176
363448
362451
361943
361986
362797
381907
382769
361802
363235
362306
361373
369658
448264
362870
363689
362552
369120
363791
361929
361976
362796
362033
362066
361817
361432
361944
362897
362927
362053
362123
362131
362146
369212
362524
446931
361983
361769
375903
361829
361947
361930
362489
362414
362197
362767
361727
361747
362889
362425
361823
362046
362130
361135
420122
362420
361451
449772
362116
368912
361165
361947
362021
362466
361139
361835
361967
369998
512940
392809
362149
362769
363036
402415
362702
362524
362346
361925
473530
363015
362740
370145
363488
367370
367398
362537
363054
361933
362101
361318
376920
362174
361680
361718
362559
383411
362116
362207
362400
362070
406034
363790
362150
362457
362151
363932
362155
362235
362505
362329
361984
362605
361977
361946
362575
362787
381598
363892
362657
362123
362126
385954
361831
362194
362091
361934
378398
362329
362103
361943
361764
365506
407499
377990
366440
362637
363024
362172
362540
362150
362003
361820
371677
451992
363551
372367
361781
373735
361921
361864
392555
361764
815445
1295356
1132910
1194340
1139680
583460
572097
578508
929571
1125704
586171
575697
572574
973734
778818
363913
363759
362140
364238
362659
362867
374935
362406
362078
361980
362384
362501
369087
362045
361455
361473
363218
367534
362565
362278
362631
362691
363176
362752
362404
363903
361808
361270
362868
362318
361695
362448
389731
384577
363752
362724
362102
362550
384213
362390
362558
362598
361905
436592
362481
361027
361958
363133
361796
362212
362505
362107
361687
362720
389721
363178
362127
362374
362670
368892
361980
362882
361940
362512
366707
409009
362082
362135
361896
361613
362453
361994
361379
361519
362792
364046
362243
360688
361530
361488
368088
361767
361833
361699
360935
393754
365046
362577
363061
361216
368774
362757
362949
361859
362323
362944
361894
362383
362364
361830
362234
363425
362562
362233
362449
362589
369838
363179
362707
361748
362327
368413
362667
361856
362071
361979
364989
362827
363089
362125
361895
361997
363154
362025
362357
361596
362506
411518
362664
361564
362848
361911
376180
361979
361541
362387
363702
362735
361649
363041
361743
361515
361908
362358
362087
361827
361827
361844
376052
361800
362114
362459
400336
411501
362506
362695
361178
362145
361830
361577
361775
362030
362249
362028
361810
362101
361527
362089
362412
368396
361804
361846
361589
362006
457179
361469
362456
362717
362646
362337
362436
362636
361794
362812
362701
362023
361702
459027
362311
366772
361837
361857
363233
361935
362139
375115
376053
364061
362281
362004
383315
362192
361546
362297
362125
430598
362177
362099
362206
362025
362733
362731
362896
362617
361739
364347
361788
361931
363956
361800
361897
363424
361967
362736
361742
361955
382739
362233
362763
362059
362474
404926
362175
362457
361604
362357
361933
362934
362610
438044
362523
362665
363096
361511
362118
361750
361820
368882
361910
362198
361164
361187
368634
362273
361753
361808
363684
362171
364082
362654
361395
448247
362320
361786
361080
361164
361492
360927
369113
363066
362376
362507
361495
374048
361851
361660
362007
361825
362101
361721
362636
362313
361655
451201
362377
362380
361809
361189
362647
375551
362186
362078
361800
362807
410259
361872
362705
361823
362858
362779
363907
363019
361811
362685
373508
449851
362069
362121
362212
362362
409924
362842
361446
361848
362279
369637
363569
363582
362383
361788
362468
363006
361900
362738
362200
362554
362374
369818
361856
363320
362317
365239
484490
438662
362335
364034
362782
363136
361487
363043
369040
362011
361441
361485
362827
361086
384684
361638
448564
361289
362043
396622
361868
361581
361029
361344
362476
366138
362987
363381
362469
363627
363373
362423
362082
364041
361759
362977
362090
361932
367628
362622
368555
362719
362189
362401
361941
367685
362164
362159
362301
361944
362368
362397
362963
361804
361676
361826
363719
362652
361870
363719
362421
368565
361899
362007
362470
362535
374488
363173
362428
362250
361710
362930
362340
361479
362596
362134
361889
362542
362604
361347
362868
362182
416977
363850
362013
361831
362747
370635
362348
362220
362224
361439
362867
362362
361329
362695
361802
361766
363049
361976
362219
361528
361393
369079
363459
361071
360872
361915
412358
362005
361848
361652
360836
363381
362503
362389
362717
362806
361896
362317
362805
362719
361937
362486
368983
363733
362981
362123
362801
375026
361892
422555
362389
413832
440974
470368
363242
362042
362028
384537
361939
362371
360957
361541
364062
361714
363375
362320
362445
362234
362129
361563
362320
362016
369716
369485
362374
362139
362356
361967
415674
362008
362293
361776
361628
367556
362326
362152
362700
362031
363078
362728
362141
361587
361292
362879
362200
362427
361434
361570
361862
368080
361902
361252
361402
362127
363046
363313
363045
361503
361603
362539
361450
361284
361739
362859
361250
361472
360470
361294
361588
361664
368132
363206
362413
363585
361429
362071
362248
362226
362248
362217
362550
364159
361458
362020
361875
366023
383958
362200
361957
362305
362168
391357
362064
361955
361939
363292
362574
361792
362472
362346
361457
364616
399198
362858
362711
362644
361915
365398
362969
361695
362787
361878
368538
362504
361536
362064
362520
362960
362335
362201
362248
361705
363364
362173
445925
362308
362353
361638
361671
361394
360760
361987
361842
384153
364981
473263
362003
361825
390903
361416
362651
361650
361189
388835
361498
363552
361614
361116
368474
363969
362019
361769
362044
363015
362302
361883
361099
361103
362997
363833
362377
363120
363121
362213
369383
362323
362315
364339
362187
373866
362904
361942
361949
362752
362253
361167
361626
362611
362032
361943
361635
362290
362599
362814
362315
416664
362768
362591
362322
363152
368688
362500
362414
363097
363033
362830
362270
362379
362682
362673
372566
362125
361790
362383
361103
361594
368300
363388
362286
361554
362490
487860
363481
361834
362642
362890
362506
362273
361510
362710
363418
361264
362344
361175
361859
361034
361288
369872
361227
361078
361396
361482
372442
446453
361234
361014
361306
362151
361640
361461
363152
361332
362515
362768
361324
361269
361842
362967
376015
362100
362017
362403
362491
367673
363175
450030
362697
362342
500912
365947
362730
363399
362119
364919
362994
376494
424310
363819
430385
466951
362000
362118
361918
363310
362265
363295
447516
362932
364435
363114
361654
362064
362362
361924
389723
362493
361822
362526
362723
410880
363400
361607
361442
361651
362410
362246
362856
362518
449951
362866
362347
361966
362439
362259
361320
362757
362306
362371
363469
366904
375934
361847
361280
361242
362123
363126
362672
361618
361910
361165
408296
361958
362333
362783
362380
361162
362186
361446
361895
361165
362830
368064
362572
361203
361854
361268
368432
453946
363718
362264
362530
416314
363774
361616
362525
362460
362621
362338
362261
362643
362660
363001
362037
362296
363245
362756
362254
375866
362314
362646
361990
362786
367436
365783
394269
396406
394889
448431
395796
395008
396207
396257
397013
397476
396688
395356
395802
395490
396043
395360
395201
395773
395388
395851
395523
395091
395726
396055
395109
395045
395680
449377
395342
395510
394965
395851
403651
398767
462694
396769
397800
362207
361863
361482
361442
361415
370763
360661
361341
360743
361324
383504
362100
362316
361063
362592
416806
361751
360480
361099
360991
362080
363006
361981
362512
364570
362406
361882
361604
362451
361819
362273
375814
361444
362367
361985
361572
368637
361969
362883
362256
362138
362837
362335
362254
361549
361644
438546
363263
362175
361141
364259
362626
372048
364444
362831
361848
362231
367048
362814
362884
362534
362542
362186
361584
363048
361172
361976
361696
450883
362528
362411
361916
361707
368684
361602
363710
362846
361787
393192
363195
361149
361144
362716
361726
362340
362888
361090
361830
366009
361828
449589
361809
361077
361455
419241
361940
362366
362917
361273
368350
360530
360863
360829
361185
361603
362010
361326
361415
361384
361293
361431
361399
450380
362247
362329
362358
361716
361970
361708
362089
415474
362456
361674
362125
362612
362887
362357
362227
361838
363280
438704
364467
363708
363167
362324
362422
362826
362564
362823
362244
362226
368467
363003
361982
362267
362575
430107
362437
361926
362183
362364
370105
362866
362963
361573
404420
363476
363038
362442
361856
361604
362299
362853
361732
361618
362883
361789
369156
362160
362098
362234
361539
409404
362701
363515
361490
360971
452334
361547
363810
362178
361206
361570
361831
362473
361894
361281
361574
374902
361180
361741
361819
361498
367524
361585
361650
361505
361280
362352
449619
362083
361802
362792
362763
362319
361653
362574
361679
362138
368189
363250
361918
361180
361879
367084
362657
362020
362423
362549
364230
363023
447383
361037
363696
364271
367135
370472
362202
362198
362071
362618
361829
362672
362606
362395
375108
362345
362007
361845
362547
362603
362431
361937
371662
362177
362308
361370
361655
361247
361024
363407
364040
362362
361876
361792
361416
384839
363169
361741
362865
362072
367462
364477
425443
493229
361873
383003
361906
362245
361007
362319
362048
361040
