472845
455029
453537
451940
465118
452355
453292
555681
460756
546329
545173
545395
544966
546391
898738
1005211
934803
610301
454872
460870
608058
511781
495672
516426
452321
475387
452944
452488
452642
471630
453730
451955
453257
452277
454023
451145
452491
462219
453575
451798
454320
457251
454758
452098
453983
451048
480212
453437
453208
452842
469642
453172
453461
454428
480101
453573
453152
451667
511386
452014
453477
454019
453699
459691
454367
452379
451883
465054
452150
451135
459488
462122
452571
451982
452710
452706
452313
453846
453216
457333
453882
452094
453188
453336
460129
456653
520650
453546
462993
650242
454037
452982
482611
454641
452886
453057
473152
454491
453243
451486
455248
453517
453957
454761
480744
452972
452938
542321
459774
452984
451839
453878
452871
458703
453021
451256
452687
453657
453363
453477
454572
454298
454990
451515
455074
456718
453036
452189
451231
454080
466375
454108
454223
452964
460388
452245
454596
453378
453574
452476
453030
452671
518389
453540
453679
454266
453063
454065
452548
453267
452662
474072
452954
452659
451860
453625
453825
454328
453095
459844
540524
454418
453979
498730
452668
451828
453778
452916
465592
454840
451904
452206
459191
454490
453333
453630
453235
498402
453758
453832
453462
453519
452743
452898
453779
502389
453599
455218
453111
458783
452682
452699
452147
454974
452431
514421
455523
580069
513755
451939
452883
453188
451534
453073
452361
519109
453310
453163
454648
452978
458030
453153
458059
451428
458697
453061
454160
453529
466217
452435
453477
451593
453577
453323
453726
453148
496417
452432
452965
453993
538002
455475
453872
453122
452794
460679
453377
453378
454149
453993
454363
453337
453362
452711
455343
452879
454459
455267
455547
452663
453478
452915
460709
454335
454380
454141
455606
453087
453221
455046
453697
452746
454011
452869
454959
452580
452029
453040
452996
509936
452769
453973
451734
459349
453285
453018
453117
453607
452325
453133
453618
453313
452163
537199
453399
452797
454249
452921
453324
454142
502777
453237
452731
452041
452023
453343
451080
450999
458712
452944
492781
492680
460780
451864
689187
454278
476637
453124
452406
452107
452147
462526
454512
453106
453716
474749
453012
454005
536752
474751
453598
453091
451347
453161
453690
452440
454020
460871
452601
453305
451185
453364
507446
451525
453694
460493
459968
453753
452905
452727
453084
454974
452692
454188
454858
452981
453432
452394
452840
451975
453170
452989
453336
594801
452577
453628
452012
464934
452801
453901
452221
454675
453419
453700
454844
476282
453336
454639
453442
452737
466041
459245
452879
455520
507040
452117
454653
453032
453612
454595
452810
453106
467130
453268
453447
454734
452665
451277
454627
454396
451414
459365
454408
452512
453239
454480
453452
452959
452245
451485
454493
451788
453910
454339
452146
451567
539361
453354
465964
454292
478777
491662
476043
453082
452812
453758
507980
453381
453519
453253
461651
456232
453926
452562
458515
453332
452917
454282
469239
452468
453065
453467
452545
483224
453650
451845
452945
510372
453582
451561
453021
540189
452844
453558
452751
464170
454213
453140
452399
453070
453055
453232
451731
452499
459000
453181
453133
452753
499835
453642
452975
454762
456681
454719
452562
451914
453781
452167
452241
452491
452132
465869
453030
452358
452151
453801
453469
452869
453633
454345
452817
452425
452685
462440
453948
452659
450751
452731
458569
451968
453282
451791
459241
453534
535669
452370
454195
453873
452785
453274
456149
454355
453596
451913
452057
451914
452037
451284
453173
467192
452974
493315
452255
453611
455191
451881
452861
452856
453121
452672
453111
454220
453785
453636
459649
453307
459201
454375
453142
493756
460043
453728
454594
454204
453902
516327
451765
540466
453309
453474
452769
454390
473052
454090
451978
451519
461650
451911
454152
453644
454489
481162
453100
451375
451614
458188
454405
451632
452402
455520
453163
452966
453881
496481
540412
453443
453888
453028
451610
451848
451158
450914
466939
451368
453776
453812
452698
452188
452052
452727
459692
453738
453875
452709
508981
451462
452928
452418
453255
460577
452286
453091
451533
460307
451821
451974
452013
468799
453423
454402
453257
453927
453280
454445
453020
453942
495686
454499
452183
453040
467261
453817
453032
452445
452498
452578
454641
539922
453511
453253
454856
451349
452899
454273
453003
513184
452333
506231
564656
510553
457539
453311
452304
453391
539086
469312
453332
453407
452072
476957
454140
451029
451535
453647
452143
452103
452001
506143
453871
453020
453001
504157
454622
452665
452845
453068
460909
452875
453342
451143
462278
454432
452745
450983
453236
451731
453395
452646
463145
454278
451453
452825
451586
453120
451909
451370
453538
459728
451839
453223
451590
453778
452467
453883
452607
454739
451979
539338
453033
451416
454169
453401
453506
453926
459536
452115
453373
453609
454470
451518
452929
452304
454203
466987
499770
453757
460055
452933
454471
453840
452995
508131
452247
453938
451773
459316
452970
451570
452825
454937
451978
454086
454100
465541
453385
452930
453008
453462
454025
453115
453097
452870
544349
514835
455498
451005
483494
454158
453254
496454
471184
453082
453966
452764
452836
453943
454137
451891
486533
453913
451638
452842
450831
535319
452795
454247
452914
545812
452639
453694
453000
454196
457543
454423
451524
452051
452934
451978
453152
460178
454063
451491
453080
453796
555866
454422
453427
453391
459570
453402
451953
534457
455854
453347
454706
453696
453372
453777
453082
453181
453623
452608
453531
454319
453586
504727
454310
452872
453069
466764
454052
452936
451749
453408
453534
452983
452141
457749
452401
453572
538090
453043
464993
452690
453341
452735
499085
455877
453117
452431
542164
1342217
1185741
470396
497407
459763
452616
452677
450744
453092
452305
451403
452384
463752
453009
452151
514584
459711
452540
453897
453353
623057
566214
454823
454355
484356
454095
453048
452370
453123
485200
453782
453530
453892
465462
453265
453556
452050
500833
455092
454158
454044
459281
452889
453119
452661
452669
453414
454128
452902
475295
485241
454115
452466
453492
471360
538045
455712
454496
453673
454640
454160
453426
459486
453301
454713
454592
452665
452898
454388
453535
453092
460487
496598
453947
453289
466013
453174
454618
453256
452564
452460
453219
453227
452636
452812
453065
453787
453100
466824
453509
453901
454649
459227
453301
450582
454237
453008
453368
453919
452526
465523
451170
452634
453084
451665
457811
452639
453480
537654
458191
451631
453455
453691
454838
455058
453681
453347
485901
469512
452025
453275
460494
464127
519802
452194
534539
509851
455085
454236
456308
454242
452464
454489
453118
474385
453638
453277
452788
453738
454744
454364
453195
452728
538165
453214
454529
461550
454827
453315
455021
454297
465779
453618
453262
451460
458763
452282
453715
453991
454906
457767
453299
454062
454580
453617
453581
452487
453089
459529
452309
453604
453226
460097
462676
453019
452356
453220
451714
527070
453279
453875
467856
448334
481540
455095
446016
448232
450857
448032
461850
448805
448954
448270
454473
450024
448370
457553
447607
451137
448492
447866
503127
448169
447171
449939
449338
455416
449992
449493
449842
455135
449421
449759
490764
449369
450232
449059
449205
449388
448329
448748
450201
448882
499441
450370
449232
450157
449149
449143
449945
449139
448677
450293
464670
499013
450437
448460
449728
449737
464190
449020
450090
449832
449707
512052
449552
447223
449665
510911
449482
446535
448661
448981
447810
449114
449901
448295
448324
447546
447755
447887
499369
448908
449235
446293
506617
455056
447030
448030
448179
446590
449439
448790
454471
448422
447553
449267
448744
462868
449894
449762
449302
448862
449842
450334
449038
450348
449220
448525
448990
450033
449149
446973
447597
448985
454500
447559
446567
447452
446817
463726
447271
527753
447214
449053
446595
448299
447778
449951
447338
448374
447033
454464
448699
467298
448140
448047
447322
463433
450000
538520
449428
447023
447853
448342
447778
446969
446833
448276
501128
447782
447015
446551
448059
448028
446723
447508
455431
447445
447709
507981
447650
557219
557086
449016
447783
456968
448054
447761
446662
516077
449363
449475
447670
447983
533344
446820
448894
453943
449269
448162
448117
447593
447574
446900
447846
448352
460086
447420
448244
446834
449359
447591
532427
448143
454144
447089
449293
448860
448530
460205
449775
448385
447406
448130
448712
447129
448196
446314
447899
447372
455056
447692
446908
445535
446318
446607
455536
446232
446182
445222
446289
447906
446069
447561
460494
448243
447211
488088
449280
452927
448708
447452
448424
489237
448257
447221
447539
446435
484970
502753
449318
454556
447558
446265
447045
448173
447066
445943
447950
445108
462567
447717
448425
449530
447583
448409
446473
447176
458323
447501
445155
452752
445138
535180
447189
446486
446106
501081
447999
446357
446610
445604
527006
509519
562301
447102
447356
447903
447922
466287
451174
445640
514595
524091
449125
449344
447320
447130
480023
447005
448209
447107
453423
448256
446652
447088
449126
447533
530519
448537
461625
448040
446800
446839
446240
452399
448271
446714
446183
447693
447644
447757
445168
449195
447623
446179
494869
447936
449458
445999
447820
446718
453263
445842
446818
445874
446568
446205
445450
446031
453633
446086
445444
447239
532180
452260
446799
447885
445642
448465
447218
445661
446576
452799
447235
447286
446877
447245
452217
444831
445489
445446
467738
446089
447349
445454
445844
447676
445488
446419
451285
447689
446313
446172
447009
459465
446307
447024
445893
489956
447554
445551
446390
451745
447053
446030
460426
448180
448035
538242
562372
476849
447915
445939
446650
447525
497471
499644
487039
486344
474563
447500
447463
447386
459246
448324
447408
447646
445758
448364
447775
447987
446233
448919
495415
447730
446677
453351
447491
446751
447561
444950
448318
446807
448091
459831
458343
447843
447650
448164
453127
447471
446809
446467
496627
446926
447367
445646
446455
447664
448140
447145
446963
447446
446980
449437
447446
451662
445465
447103
446047
449533
446093
445358
445201
451743
446491
445623
445808
445379
453804
445047
445314
446813
460214
447012
446738
446103
447030
446024
446925
447612
448641
447736
447471
446502
446003
500154
446944
446392
447040
447898
447377
480695
446315
466716
495850
448298
447241
447521
458272
445995
446448
447286
451521
448104
524864
447665
449593
446324
446782
448160
453575
449891
448321
447530
451746
447463
446884
448104
447044
475171
447025
447305
445677
448232
447836
446669
448006
496054
447610
495687
448338
454562
446643
447255
447654
447994
461097
447479
446211
446931
446821
448960
447070
445258
453898
446008
444996
449328
445453
504511
447117
445746
445469
450737
446618
446032
446723
446956
446190
446412
445414
445009
447260
446099
446570
447229
453033
447179
446260
447603
446924
448282
446110
446294
448118
447870
447485
446656
447366
452037
445820
446482
446583
448311
446448
446924
447513
447260
447292
447223
447559
446975
448395
447671
446539
446064
454136
446877
446625
446950
446841
522509
447220
445584
454083
446521
446815
445747
447368
454303
447468
446842
446987
600454
448671
447067
446263
447417
447191
456767
446328
462813
447422
446997
445568
445202
463493
447371
446694
447456
469437
447222
447320
446751
446374
447196
489239
447067
461053
447448
446432
446563
448143
453503
446818
445649
445469
446037
447060
446066
445115
447859
446829
446942
526304
447868
448294
446493
447542
447228
453180
446253
447958
445992
447228
447650
445490
446727
453202
447042
459202
447724
448140
452339
446519
445718
448005
497447
447734
446484
446224
446624
446007
447999
447172
446486
447420
446860
446849
447101
458675
447710
448172
447466
446791
445957
445000
445524
492380
447524
447174
447149
447247
460588
447419
447332
447173
447823
524235
447616
446152
447107
447040
445556
447323
446991
447962
447116
448949
447507
493143
445985
446501
449219
445772
446459
530264
445890
457035
503781
480907
530243
449858
447305
446693
446879
447096
464564
447667
447791
445446
520426
445919
446588
447200
448077
449118
447267
447285
453006
446159
447753
446875
447851
459156
446772
446345
447575
452916
447745
447760
449113
448216
446540
445788
444849
448700
447475
447925
446331
447628
453684
447336
448094
446403
453773
447946
448199
447171
526451
447407
445829
447798
447290
456029
446807
447483
446307
453903
447132
447670
446854
447521
447830
446147
445269
451955
540289
446104
447121
445373
452465
445767
447588
444851
448003
448791
449647
446039
446045
448848
446931
447094
448108
447065
536594
447106
446648
459836
446078
446094
448192
446988
446931
447172
446006
458153
447970
446994
446842
447520
460811
487826
447373
602778
512980
448250
449340
447149
477474
447316
447191
445927
448198
448868
447163
446048
450992
448187
448038
533732
453936
446631
446972
447117
447472
460017
447565
446224
448335
447823
445992
448484
448619
446114
447500
447349
445782
536580
449158
446244
445347
447109
453203
449026
446712
446928
447524
446248
446806
446431
449095
446539
447793
446194
447945
460218
446666
446970
446172
447188
446241
447348
446475
554623
449942
446625
446775
447031
446541
444848
444857
446361
452165
445765
446592
445807
459601
447665
446533
444611
445213
446799
446391
445808
445374
446983
445410
444075
445814
458233
447231
447262
446411
447325
446513
445736
446768
446170
446984
445397
446259
446677
459991
445442
445814
446038
451319
447193
446375
447353
504957
555151
446235
446216
449231
447385
446941
446675
458155
447644
446632
446662
445941
506834
453419
473329
446406
477417
448107
447192
451548
447479
445901
445392
447117
449214
445712
447593
451755
446239
460035
446901
446381
489186
447729
457683
453327
445639
446635
445678
446637
446983
445284
450044
445579
445392
446838
452536
447124
446921
444732
446170
446909
450152
446318
460653
445236
446331
444544
444845
452127
444994
446633
445943
445418
447264
446965
445981
447512
447719
447860
447335
446790
452303
447059
448038
446653
457077
447472
446427
447850
447567
464335
446968
503687
456495
445959
521756
447026
445902
470519
446312
448437
446401
448266
446599
446453
446040
447294
445959
446757
445429
447302
452715
446946
532848
447616
461252
447304
479427
521833
465806
447986
445966
448046
450114
446855
447832
446337
457252
446157
445981
486161
447317
474523
446869
446507
446887
464957
446746
445847
452909
448099
446940
446497
446493
446181
446752
446817
446338
451998
502068
448325
447394
544776
458509
445567
445352
445634
445771
445717
445916
445014
445108
446646
444900
445217
446447
461146
447602
446792
445266
448507
447239
446883
445913
452746
447094
447212
447723
447379
461118
446165
447030
447001
445460
496390
447416
446833
447078
447104
445523
448086
444305
498554
447493
446514
445315
451538
448293
445021
445560
445987
446943
530561
447141
462007
446051
447281
445531
446401
452782
446607
447108
447616
447826
448848
447117
446402
458525
447690
447806
533375
446439
447183
447134
446165
447465
452705
447968
447471
447783
470818
581778
447208
446970
449378
447467
447567
447087
446823
448004
445299
446602
453387
445446
447261
447519
446618
474963
447123
446666
447155
445311
445753
445863
472355
525334
447699
446139
446665
445400
447746
445638
446701
445704
453319
447001
447102
447931
447021
446569
457216
446751
452794
533853
447283
447783
445330
494689
447560
445900
447448
458494
447018
470171
447380
447000
447175
445480
445796
484590
448615
454945
446263
446101
460557
448012
446416
445729
447343
448474
446361
447048
453086
446873
447035
447047
445983
458697
492892
448027
447043
452897
447558
447024
446200
447338
447645
449013
446674
450447
446954
446843
444814
447084
453026
446712
488344
445639
445192
448075
446904
445034
457288
446723
446588
514503
491459
447987
447492
447615
446428
516710
445980
447819
528518
474843
446627
446935
446577
446920
445712
448666
447519
454741
447126
452544
448482
447417
461991
447992
446805
448684
582003
446843
446474
445913
448600
447544
445477
447373
449091
447963
445876
447647
445586
452080
448270
445748
445760
447999
458483
446851
446787
455895
449035
448216
445221
447631
447735
447121
445364
446905
454000
446937
446835
447412
447404
491146
447447
445504
453157
447156
445608
445669
447465
495900
447282
446203
446599
446835
447134
444885
445487
453569
448435
494046
447926
447032
445784
446736
445664
446964
458752
446282
446415
447250
453847
449591
445879
445501
447271
445938
446912
451624
447297
460703
446882
445376
445358
446646
447626
446650
446255
453495
506250
448496
556657
456899
445598
446451
448651
533742
463590
446791
447144
447676
468570
447545
446088
447026
448726
446245
445607
446341
448628
447227
447376
447415
446165
581579
448015
446533
448107
456799
448079
445867
446538
447405
446819
445528
447247
446158
447485
446963
445759
447851
458964
453811
446900
445516
448481
446803
446228
446543
448679
445304
445858
446172
445125
459271
445047
444816
446876
445674
493107
447259
447480
444801
445420
445509
445457
446210
447737
445313
446460
446371
452861
446709
446551
445070
446147
446439
490766
447725
460996
446747
446152
446787
446057
453166
447342
446814
446299
448475
447313
447348
448366
446920
446116
447629
446292
453219
446188
445745
446993
447015
451988
446024
446859
447596
445658
448138
446931
445994
470320
449919
446815
445689
543362
447846
446204
445997
445657
476700
447545
447423
446899
459135
446011
512541
455854
460950
446718
446331
447339
450733
449146
445956
447871
454840
446540
446740
451580
446949
469240
446552
446338
462202
495505
520582
472100
446185
445420
575589
444965
444900
445871
446630
445118
446581
474825
447479
446267
445374
444814
473412
447120
446305
453085
448679
446842
447479
446882
453690
447656
446953
447507
445618
449384
445427
446770
447142
452734
447253
446936
502267
448352
446589
519002
447654
453592
446687
447203
446892
445908
453597
445273
446956
446463
515411
446884
448095
446453
447195
447622
445575
446052
452374
447278
445709
447580
445773
459447
447236
446983
446709
452135
446403
445929
447385
450368
446170
460755
562641
498147
446702
448645
446623
446598
461043
446847
445162
454721
470309
447111
448475
446024
448027
447196
445161
448055
491833
531961
445710
446030
446104
445598
446165
445358
444916
458662
446855
445341
444096
446611
446994
447154
446858
445656
445108
455698
447559
446414
499735
448068
447362
446036
445161
446551
446499
446295
453817
447065
446123
446889
446531
459760
489201
445699
447254
453171
445995
446432
445941
447051
446461
446022
447242
446797
446377
447070
445677
446951
453784
447076
491732
447494
447914
446021
445928
445875
449327
447590
447485
445118
446631
494958
446652
445677
446300
451755
446185
447023
450852
446670
447273
446204
447109
448702
446857
446528
447374
444854
474012
447577
445584
446368
447731
447555
446154
446694
445931
451904
564059
448838
459613
446830
445725
446097
445377
466991
445718
445595
445085
462455
448798
447291
447129
448850
450107
446122
447416
447329
446440
446027
445911
447753
452191
478624
448290
446173
453403
446938
445631
469453
447141
495107
446394
448404
492206
445882
445675
446762
447355
453733
447159
446198
446625
446816
445812
446379
447866
453601
446847
487305
448412
447059
447330
445961
446849
446724
495924
447079
446485
447132
447613
447466
446866
447818
447666
447061
446486
447553
446035
459824
445795
448227
446634
447072
446210
445938
446473
454437
446170
444993
445509
446164
458199
444868
446099
447356
454536
446055
446636
447005
446964
447429
447123
446370
447297
445460
445950
446930
447243
499878
447491
447973
447120
524330
447143
447828
445786
447272
445642
445760
625205
538846
543959
543509
486725
504360
488800
488315
487789
570905
447672
447195
446984
467851
447623
447721
446842
446354
447436
446819
446122
445808
466311
447050
447664
447140
454415
447844
447002
446403
448335
447982
447495
447305
459238
447210
446392
446972
447742
450288
447365
447846
445345
452677
447442
447925
446033
446088
446954
447472
494457
588926
448753
446453
446450
452210
446635
446743
445930
445467
460768
445605
446385
453805
452554
445867
447292
447182
446827
447131
446010
446610
445521
447898
446676
444809
445646
459128
446789
447531
491076
447507
446848
445810
446040
460799
447866
446649
448351
446461
451812
446954
447137
447464
448115
447541
446690
446488
489935
446956
447467
481977
447750
502382
448390
446542
446956
454004
570201
447819
446666
476958
447047
448119
447313
448883
530900
446150
447190
453350
445863
446814
445670
445606
455099
446919
446254
446281
453527
446627
446660
446851
445494
446406
475648
467826
453750
447539
449404
449117
446774
726530
445692
446714
446587
454013
447324
447796
445913
448580
447610
526140
447214
447086
447502
445494
446328
446438
446558
445701
446337
445565
459169
446714
446450
445070
447568
447999
447206
447985
448350
445851
447501
447083
447444
460037
446828
446748
446048
448919
447603
446097
447737
446072
447361
446156
445396
447458
448166
446915
446535
446681
453443
448058
447216
446374
447139
446878
447336
446787
500297
446390
446141
446762
445175
529926
447779
448298
447520
453696
446937
445826
448063
489211
532670
447398
446797
446707
447643
446266
446047
508070
486781
447217
447191
447936
454757
449067
448345
446862
469539
445280
445190
444954
446515
447403
445070
444935
458956
445819
446186
445772
447264
497051
446481
446225
445272
451276
447129
446653
446336
446330
446882
447192
446720
446959
447296
447121
447692
447418
453936
446294
446189
446776
452029
447639
446078
447076
447975
447162
446727
446529
482892
470418
448001
445833
533868
476384
446279
445794
445964
446475
446792
446190
446723
491371
446334
447253
445985
447266
463303
445973
447783
447108
542052
446890
447329
447770
446795
447850
446424
446745
445999
446831
446044
447550
447456
500491
446891
447028
446866
446487
450727
447267
445744
459454
448939
447058
445263
444941
453770
447549
495426
549083
469196
446910
446511
447096
513615
449259
446240
505970
445460
447405
446435
447554
463927
444824
447245
446803
446179
480664
445617
447420
447519
446722
446634
525986
446789
448725
446955
445568
446979
448159
447583
446449
446745
447676
452330
446654
444861
447091
447565
445703
446314
530271
449220
446154
446762
447020
448053
493110
447006
447657
446244
453800
448081
447265
446452
446083
446803
445508
448726
538189
445965
446168
446766
445540
452803
447234
447735
444892
448076
447524
445838
446674
452408
446056
446184
445260
447210
446865
446058
447572
446322
459975
447011
445926
446663
447648
447040
446639
445038
494285
448332
445868
445423
447690
508470
447684
446873
445415
446988
445602
445192
446327
453995
447074
445407
446411
446965
458354
504925
511683
483392
479987
524434
445644
445360
476102
448415
445716
446131
447476
446175
446640
445474
461721
447992
447058
445946
460944
453188
447236
531468
446101
498071
446880
446222
446871
446876
447394
453904
446573
453774
446388
447194
446423
445495
461561
448434
448461
454647
452888
447098
445573
447218
447033
446846
445624
447346
446113
446575
447359
446105
446394
451929
445449
446149
487632
447638
446683
446420
448696
451232
447082
445054
445350
444866
494994
447189
448165
445403
447255
446404
446377
444837
491557
447248
447549
446238
446343
446004
445194
446671
444626
451453
445259
446060
444258
447724
446072
446753
447048
447728
452406
446346
445344
446160
453270
445891
446943
446325
447981
447068
446665
451665
451488
446010
446466
446892
447975
525485
530749
447350
447402
475439
448064
446707
447146
467892
447461
447446
446714
450203
447697
445482
446833
447569
447420
447291
529648
447027
496197
446590
446883
445939
453207
448531
446918
446647
447083
447007
446350
446038
447498
445709
445957
512002
525618
455976
446890
450377
446659
447766
446387
445081
447457
446860
446505
446283
445599
445428
445953
447372
445011
489318
461958
446872
543761
498754
457825
446949
447171
445035
447348
448826
446230
446355
462255
448057
447431
447160
447361
540106
447497
445500
447646
453167
445564
446251
445371
446990
447170
446370
446394
449100
449469
446963
446216
447505
452114
533741
447207
447629
447690
447478
447116
446592
447817
445839
448115
446370
445557
453094
446164
446825
447097
465400
448777
470215
486002
464162
448761
446944
447875
449760
447631
448403
447291
450124
447227
447479
446506
445570
474112
447325
447796
447468
447687
446120
449231
445260
447554
447239
446553
446702
447078
446906
446603
448201
446909
452633
448087
445922
446980
445515
446254
446254
445609
488172
446078
446210
447073
446136
452611
445566
445472
447868
448220
446343
445493
445415
477500
448140
446175
446346
446755
447935
448750
447388
446016
499892
447648
448023
445229
446649
446238
446589
445364
448997
531690
447793
445540
445682
460090
445417
445609
446391
447023
447287
446867
445754
453646
447606
445380
447316
447243
458698
536241
446522
446716
452912
448300
447002
446878
446958
447113
446228
448282
447985
447099
446806
446184
446599
499841
448443
455973
505831
469384
505454
446250
446782
469238
448042
446246
446589
454344
448545
446617
446825
458326
446124
444352
445464
446144
517424
445371
445442
446310
451720
445376
444866
444977
457700
447249
447710
447303
448650
446404
446996
446846
521663
453304
445976
446674
445975
447842
446163
447533
446618
448309
447391
447118
446554
446984
508749
447960
447113
446888
550368
446839
446054
445892
447727
446994
446526
445136
496904
447886
445275
446740
445304
468646
447024
448085
446502
446606
453512
446547
447101
447145
447525
448559
446724
445132
446333
447631
446250
445619
501128
446676
447836
445592
447573
491708
446139
447639
454799
445694
444784
445720
446624
459861
447271
445506
446621
447080
446819
445344
446312
452374
447374
489350
445788
459928
446374
506506
446840
446145
626509
502377
501372
447065
452943
448335
444462
448023
483734
448258
446025
492897
446711
447634
445512
445104
455627
447508
447602
447428
446718
447515
448716
447198
447382
453006
447446
445780
494384
447395
446363
445883
445836
447611
447743
446130
445393
445762
451706
448550
445773
447815
447354
447284
446342
445590
536755
446621
446736
447590
447206
447816
447414
445791
447221
494122
447713
446779
445795
447598
447647
447515
446585
452700
447775
447631
447866
447681
453943
446998
446581
447239
447302
447207
447031
447331
450228
448382
445279
446455
446353
445750
447099
448178
446940
460940
446908
446649
445430
446560
459525
448392
445716
454485
447002
446299
446626
447490
503168
447413
478905
446957
454473
446111
446725
446023
487681
473248
515889
446856
452911
447019
447195
447690
451633
464655
445291
447936
453677
504922
452674
447541
447130
447374
447234
445914
448026
451444
447447
446804
446888
447244
452948
446533
447255
456408
459904
446266
445638
446857
447573
446016
446964
446426
448114
447215
446651
445409
447744
460007
446319
446260
446791
445639
446520
450884
444886
452869
446944
447132
445121
445584
500021
446843
446109
445482
452481
447031
445408
446588
446814
447891
446351
446194
446630
446560
446931
445794
445928
452138
447006
446926
447478
447756
446900
445362
445645
460321
446165
448057
445532
445994
450350
445993
444849
447121
452118
447493
445305
446665
446658
445706
446744
447092
446499
449216
447841
523325
445877
453477
447791
448043
449088
445730
446788
470051
447879
450613
452790
446362
446293
455991
447906
447058
446536
454791
516934
448058
446848
446284
468097
447510
447080
445536
445487
447193
447087
447140
445312
447362
446835
446833
476022
467671
447420
446486
446213
448293
446289
445612
446174
460891
447392
446840
445471
444795
452154
447164
445265
446326
493717
447361
444930
446154
447144
446687
447238
446891
445666
446587
447255
445380
446896
453512
446206
446795
445795
447802
447267
445758
446206
452576
447126
445848
446924
445390
451901
445293
446762
445678
448686
447331
448385
446795
445883
445543
447308
446014
451374
446739
446063
447045
446369
459580
447407
446998
446831
448092
445713
447284
444917
450943
447747
447608
495511
444880
458934
447291
447466
446659
452948
447638
445676
445557
445982
506896
546904
445849
472651
446445
446167
445185
534319
452791
446871
446019
444714
658593
446403
446763
446569
485353
447218
447380
448165
445677
447748
447668
446112
446757
446022
446762
446776
445078
450494
446007
446570
446354
452579
446413
447458
446240
446701
447313
448601
445729
446665
447683
445710
446995
446635
453758
446898
446700
446883
448128
446548
446577
446400
448280
446538
445624
446755
445906
453104
530991
445876
445752
453249
446155
447169
446946
448832
445645
446621
447051
491448
445957
446971
445410
447536
453952
445567
531364
447732
447612
447388
447537
447177
452413
445816
447214
447264
447004
451779
446863
447782
454162
498500
447131
447240
536023
447600
446304
447488
448042
447966
445678
444706
446784
446120
460645
446334
447985
506536
445569
570124
523192
447604
480670
448324
446180
447429
447364
447020
448363
446463
462593
492524
464500
446314
445614
469292
446001
448043
446774
545766
445723
447321
446912
454315
544632
461839
447352
447805
448062
446223
446876
461763
450520
474471
447064
447164
580692
448255
446198
446986
469090
447126
446992
446916
448640
447267
447411
445549
446229
445435
447658
446673
445997
453512
445914
446860
446748
447387
447215
445219
447359
450576
445625
446402
447151
446886
501835
446342
446610
446101
457848
447638
458013
446810
446560
446520
446254
445611
448351
445626
446889
446239
445931
459751
446323
446574
446868
447593
447752
446503
447770
446511
446578
445989
446274
444919
456746
447300
446786
446962
452472
446206
445731
446769
446773
447223
488278
534273
514583
446854
448490
447993
445283
477541
445977
446504
445837
462370
445583
446701
445946
448683
447003
465811
446296
453178
489800
446442
445720
446509
495419
447396
448208
446876
447821
447352
447729
445714
445669
447573
447174
447493
445621
493682
447626
447110
445283
460636
446324
447564
447154
446623
447359
447496
445543
452598
447075
445030
446388
447845
459786
493313
447474
445541
452364
447442
444848
446873
449474
446668
446917
447632
445870
449078
447618
446495
445871
452873
446664
445921
447605
447011
446463
446352
445895
447557
446788
445686
447221
447153
453681
447851
447008
447423
448436
447288
446325
447101
447940
447294
446891
446888
450931
446999
447034
446896
445255
453522
446623
447328
446126
447949
469764
445969
446945
488594
461076
462394
446333
463364
445832
450784
445899
445699
482959
446858
446965
446726
456230
446883
454203
447317
492083
447272
446818
446556
449549
447369
447172
448136
446544
452127
446082
446427
446403
446956
445852
446594
445856
461657
495144
445572
445454
447548
446959
446798
446612
447188
495170
446744
447056
446509
446962
445215
447261
445319
446882
445068
450659
445735
446925
451769
446665
446891
446778
456999
447145
447457
446943
449434
447403
445462
446386
447779
445360
446994
446492
445750
460273
446889
447197
445755
445230
447161
446485
447199
448898
448156
448073
446434
447210
503982
447376
448071
486782
452466
446438
446248
445432
445831
448339
446956
447836
446909
447136
447430
446851
446142
453531
445279
446524
446563
472124
446506
498451
446805
452738
500492
446014
446580
458451
447499
446348
446551
445618
467526
447494
447287
447418
490532
448071
445829
447475
445963
447658
447211
448603
453632
447185
445194
446499
447009
459769
446342
446536
447215
447160
457399
446404
445346
446698
447669
446607
447430
446632
500342
447655
447023
447093
452190
446870
446708
445585
448364
446182
446940
447245
447726
446913
446094
447533
447328
453648
447264
447606
446609
449040
447417
445902
446356
447459
447620
446879
447686
446899
447966
446339
447571
446504
452965
445580
446979
447021
447291
446611
446193
445394
445794
447337
446773
447333
491697
453306
447826
446904
445068
447924
446440
446007
445716
448130
447613
447201
447644
447137
453216
447627
446687
446534
567249
447935
447141
447296
446984
509759
445498
591226
487759
446346
446426
447048
448397
451522
445512
447743
444811
511211
448108
447175
445183
447809
445946
447054
446760
447712
447314
446699
447644
446092
446907
447051
447741
446766
451286
494487
446973
446486
447382
445588
445238
446709
491083
445680
447542
444995
445727
452400
447351
446597
446603
447558
447889
446311
446400
446760
447538
446706
447332
445859
446270
447043
447377
446340
501119
447049
445644
446255
446982
446857
446121
448159
452339
445846
445738
445951
446713
458828
446949
446424
446917
447529
447680
447497
446975
455680
448080
446621
447310
490411
445811
445598
446297
446527
452476
446843
445900
445276
446839
446808
446403
446627
458477
447130
445366
445867
447714
577766
446647
445030
446581
447219
445840
446066
447360
511674
501268
446207
446476
451476
446557
446550
448402
448305
512799
446660
448504
447091
514021
447613
446162
446848
447873
446943
445857
446359
453628
446803
497232
447103
447385
456026
447212
449129
446804
467377
446263
446937
446894
448511
446035
446988
445466
459145
448610
446810
447345
445197
453020
447149
478503
447213
453212
446094
447117
447084
446476
447552
446225
447061
447768
446686
446566
447745
448423
454140
447075
447387
535174
448884
446165
447372
447235
450818
446910
446748
446927
444920
452721
447435
446821
446340
503234
447642
447143
447389
531160
447227
446026
446471
453556
447139
445744
446574
447108
459623
447329
447620
446868
446887
446533
446158
447418
453751
488978
447420
447779
447008
447489
447578
447094
447737
452941
446018
446750
578368
465681
447340
446329
447267
452042
448370
446786
446732
499009
447075
446412
446437
446995
475076
448734
447587
445553
459097
447771
448165
448055
446784
446787
448024
445794
447490
446932
446880
447806
448135
500300
447405
447535
446875
447689
447585
447154
448289
447690
447693
448667
531794
447037
448513
446506
447261
446542
478415
447359
446955
447927
446433
447204
446773
446358
448742
445742
447359
446649
534380
453006
447659
445566
445996
446402
447435
447479
445803
456902
447504
445921
445299
447079
496397
447816
454122
445152
461192
446700
447328
446427
447638
447232
446050
446786
452649
445183
446150
447287
446308
452615
454738
446977
446617
499445
447731
446896
447256
447145
445994
445574
446980
445922
446410
447207
445286
495453
461577
446862
462349
522246
494142
524006
446551
445704
497865
448865
447046
447885
453543
447237
446836
445921
454328
447933
447014
446647
447002
475882
447109
533940
445443
445516
446876
448269
447110
488069
446614
446491
447150
446624
445060
446912
445734
445730
459104
447124
446824
455336
445593
447243
447020
446451
446928
447809
448361
445632
447769
504227
449571
447432
446941
446049
446115
447629
490756
446509
447027
446608
445844
447022
447414
447038
447044
447445
452967
446111
446377
448433
447466
447705
445861
446968
496970
446309
447261
446363
445876
452460
447183
446798
446894
463618
446665
446357
445507
449209
447982
446075
446813
447305
449026
447792
447592
447595
453899
445929
445153
447907
447292
447656
446343
447213
448060
446168
445724
503468
527519
449120
533705
445800
446359
456640
446455
445939
447016
469121
446994
446720
446188
448286
447490
447900
447609
460799
447857
446359
445176
446802
452622
447643
446088
447432
493476
447615
449224
446384
445585
447073
446793
446094
448072
448835
446124
491016
445838
452752
447944
447398
446350
448091
446351
445935
447247
498605
447848
448450
445916
445909
453740
445404
447098
452107
464248
446833
447220
445743
446430
446612
447437
446711
454080
445796
446676
447387
446893
506175
448739
445126
446815
448204
446615
447438
447027
446006
445684
446822
445114
447173
448362
446757
446373
446310
455156
447463
446824
445471
445948
522478
446743
445298
651101
985444
1239535
447078
445219
446063
446600
446377
446328
447125
446515
540584
447915
447484
468844
446313
446038
445166
458839
448588
445897
447877
452338
449227
447584
447409
446584
446577
447691
530766
447598
474713
447220
446676
445491
447418
447769
446904
446579
447408
447045
447427
446400
445654
453701
447121
447477
533371
460452
447506
447121
445815
446763
445308
446057
445621
445843
447285
445897
446215
446880
459250
447116
446066
446739
534746
446053
445410
447427
446008
445752
447338
445276
446547
460031
447593
445687
447399
445804
446335
447622
447117
453525
453447
446073
445106
444857
447012
445621
444841
447198
452637
445232
445953
446229
445329
445683
446370
446313
445327
488922
447988
446865
446731
453049
448139
445435
446812
447670
446303
447185
445231
449103
446208
447511
447287
446978
453163
492565
446765
508599
507006
529575
447161
447111
477669
448337
446555
448679
449197
449053
449607
447410
457741
446046
447292
528414
446489
455017
448902
448042
447066
469321
447393
446147
444970
446829
446697
446007
447504
450147
447992
447582
446859
489215
452800
446456
449074
446524
448693
446277
447703
448297
498280
449490
447495
448792
448983
448814
448662
445538
447611
452483
461893
445842
446511
447439
446608
445962
446551
446852
447034
446863
446475
445495
499482
446088
445891
541702
504782
446274
445757
461188
446430
447129
447600
446073
453621
447031
446113
447173
446168
459067
447002
446552
447122
448432
447327
447440
446919
447524
447566
447242
446119
446078
448207
447551
447434
445847
452662
446896
447143
447131
446382
446772
446653
446125
449879
447503
447697
446607
447151
455583
448113
592894
446198
467611
446255
446869
447538
448642
447339
447423
534585
448885
446430
447200
445588
446095
447307
447408
447073
445284
479818
447405
446112
446814
449192
447625
446466
492067
453346
445636
446903
445756
446620
500679
446287
445182
445004
493967
447015
446330
447161
446766
448250
446209
443876
503945
446515
446299
446093
445917
452664
446565
446827
446893
447664
447437
445763
445682
505936
446286
447557
446501
446718
446234
445995
446711
446404
453273
446378
446825
446050
449615
447759
446998
445796
453924
447584
459183
445928
447897
496951
447533
446478
445109
461760
447381
468886
447231
446811
447258
445969
447304
445980
446798
447919
466877
448015
461999
445917
528555
446446
447015
446816
446333
447251
448531
525609
448529
448365
456060
447736
446911
446076
450702
478790
445949
484969
447272
468947
447397
447511
447196
447818
447825
446780
446512
447366
445361
445256
447775
446880
452088
445847
446319
448902
459301
447099
444328
447660
446431
447402
447422
445758
446003
449077
447019
447364
445748
459124
447427
446898
445941
446167
446769
447261
446884
447449
447491
445476
446072
447445
461217
447457
445542
445613
448523
446287
445116
446819
447449
447680
447944
446952
457724
448420
445914
446978
447562
454198
447104
446878
447006
447511
446204
448240
445462
448686
446927
533920
446090
445902
447584
446336
447135
446825
453455
447838
448210
446176
446873
447729
446650
446927
446321
446844
446117
531992
447215
494380
446660
446468
444642
447185
445842
500871
446811
445200
447011
576479
525782
495300
446847
446698
448446
453490
447469
448217
468885
470389
449183
445838
447780
446032
463991
446849
445531
444920
459078
447649
448189
447446
530470
445981
446331
446256
448051
446234
446658
446171
446733
506582
447207
447621
447568
447413
445487
447047
446132
490421
448940
446895
447813
445535
447863
447092
446786
445786
453384
446666
445547
447602
449246
449233
447621
447235
459336
490105
447746
453865
445314
453839
446418
445946
447340
453028
445671
447400
446291
447228
447146
448803
445650
446424
448557
452329
447121
447263
453030
446890
445019
447382
445563
445242
445727
444977
446239
446974
447067
445614
447788
453211
445788
447021
447974
446917
448394
446750
445743
448396
446002
447368
446435
445500
447362
510824
449465
446254
458789
448076
446325
532663
476014
446042
446916
448665
448140
446423
447086
447745
462579
446219
446062
446216
448069
452426
447630
445677
446168
454117
445762
446972
445496
447525
463641
447107
445869
447634
448119
445589
446977
446637
453302
445411
445728
446526
484669
448169
447866
445763
448578
447778
447288
445900
447917
452551
448355
447264
447543
502011
449168
446476
446160
447137
492322
447103
445071
446137
446140
446479
445856
446236
459239
444300
444936
446581
446158
444763
445037
445802
454638
447680
447374
445362
447635
447753
445796
446601
445610
452713
447547
446752
445422
447720
445940
446776
446353
446970
446414
446438
447649
446902
494114
447056
447005
447301
445797
447472
446288
446598
447690
448077
447338
467532
486992
447339
446636
446947
531758
469744
446159
446875
447302
505920
446631
447245
446218
450696
445340
447537
446193
447176
447263
446497
447753
446562
543001
446745
446818
446350
446517
446926
446212
447532
458143
447309
445562
446369
449311
462310
447131
444827
446758
495592
447063
446354
446364
447101
446062
446284
444920
445606
447235
444733
445759
446151
499894
445935
445515
446537
446788
493141
446546
445948
448285
447064
447679
446627
446841
453069
448362
446782
446971
452704
447241
446215
447491
447778
446940
452539
448467
454496
447477
446778
447565
447796
453463
447005
445994
446975
446747
447235
446772
446939
455255
445559
445577
447929
447103
493109
446640
446740
444502
457911
448911
446379
446527
447275
446755
445424
446566
446770
447195
506835
524606
476289
455147
445776
445943
446726
509308
447471
446864
446535
446420
447237
447487
447898
472276
444984
446289
444838
444505
537445
446464
444377
445679
453959
446021
444668
446404
447258
446640
444510
444370
445026
446078
446972
444129
444889
454590
455788
445682
447545
448872
445932
447773
447187
446906
446918
447222
447231
446150
499863
447799
447021
446815
446640
490757
446080
447268
446614
445839
445065
446594
446134
446327
446582
447005
445408
458383
446154
457413
446586
446627
447339
484630
447615
452481
446904
446800
447389
445613
459914
445345
445781
446840
447410
447004
445651
446666
452026
447525
447380
455499
446796
449180
446502
446205
447277
452547
446375
445514
446030
447000
447520
447204
446388
457971
446408
445611
446521
446269
454605
446917
446827
445943
448209
447010
445647
485464
527233
448590
447672
446305
456524
446904
446565
446230
445522
539476
447607
447111
447134
480554
448694
446420
445623
448418
446139
446697
447250
450841
447167
446931
447510
447218
460193
447655
447636
446494
452322
447284
448961
447178
447091
447885
447647
447375
448425
447600
446355
445400
447168
454019
491686
446296
446547
451845
447089
447350
446355
447955
462083
447011
447165
447266
445746
445803
446953
445167
491752
446864
449476
445923
448543
445904
446528
446936
452153
446599
447625
446173
448975
453859
446641
446553
445707
446726
446453
446339
447547
447573
447287
447477
446587
447096
447688
445347
446875
446048
459546
445935
445436
446106
446593
445895
446227
447010
448020
448768
446475
504579
447997
499968
446260
447479
446674
499460
446985
448278
446067
446281
447807
446628
446987
468910
457851
448214
447262
459402
448716
446609
448284
445735
504482
447514
447147
446944
448446
447772
447732
445705
447664
497469
448133
445918
446523
448098
448260
446605
447502
459426
445989
446712
447368
446859
447721
448239
447024
452900
447555
491850
445807
447293
459761
447163
446135
446827
447016
447554
447849
448752
447234
446427
445155
446624
446781
501826
446515
446356
446950
700379
447886
445522
446037
454714
447126
445475
446757
446002
445039
446530
447092
447675
447299
446546
446555
531967
453452
447090
447116
446360
447129
447299
447045
448109
447379
447454
445937
447474
446384
453786
447867
445915
447005
540086
446867
446362
447109
447498
512109
446253
446615
452507
592051
558087
599132
501765
448254
447036
445925
465949
478088
448315
447118
445551
454186
447254
445883
446330
478582
445831
447760
445988
446488
446195
447576
447345
453093
446811
534524
446610
447201
459890
446124
445863
448184
447447
446468
447321
448258
448254
448511
447959
445870
445850
459620
446283
530869
447088
452883
446655
446924
445896
445896
446853
445403
444861
446653
447191
445597
447749
445367
452952
446269
446581
455428
447067
447645
446344
446075
458272
446935
445816
446689
446769
452653
446980
447126
447180
446836
446158
446457
487956
456142
447473
446784
447372
452388
447902
447175
445377
447082
452608
447274
446025
448793
449850
446610
447539
446075
490521
447121
447875
445751
448024
448277
446573
447402
506076
460042
446165
561471
506085
469339
446313
445515
448152
447701
532234
448545
446659
463420
501101
447647
446715
452221
449120
449225
446406
450898
475007
448964
445514
445983
459481
494877
458768
447324
447174
446499
445223
445669
452673
445769
465214
445737
445779
505272
446912
446248
542314
454656
446110
447884
448097
446659
446960
445984
447007
447600
446299
447038
446654
447142
453406
446728
446543
446399
447410
446972
445591
522497
447411
447224
448790
446413
447363
446010
447569
446851
447007
452601
446092
446655
445977
446397
447584
447336
446561
536524
447444
448767
446099
447180
453468
447126
446379
446780
458791
445884
445764
445528
446098
446215
446967
447581
446170
534400
447296
447331
446506
499806
449169
448434
446786
447005
494413
465051
487819
446520
446744
445973
445733
476146
447327
447096
445433
445902
468620
447151
445132
446938
447433
446805
446931
446959
446761
446377
446189
446109
446315
446242
447307
447668
447271
453494
447433
446465
446104
445871
446128
447474
445857
502047
447132
446505
447062
445404
453818
446447
446486
447633
459468
447300
448021
445664
447646
446806
446517
446628
446719
446607
446205
446177
468408
500935
447919
447321
529444
448090
446874
467022
447215
446668
447758
446554
446922
445899
461295
447951
445989
447282
486614
447576
445986
447863
533065
446752
448817
446845
448870
445882
446529
447391
449513
453941
447058
446395
445866
447552
446372
445701
446612
455048
532489
445292
445801
445817
448928
446520
447440
445546
452275
445465
445487
446458
506623
503013
504392
445796
448519
448247
446951
531927
449990
448014
447068
447312
509622
446838
446304
446714
446501
545386
447810
446979
445755
454532
446803
476532
446164
446515
447475
446856
445958
447648
446576
446610
447069
446612
499561
447290
448283
448334
452127
446441
446678
453267
447590
446318
446508
446428
447137
446888
447691
447409
447401
459694
447994
448735
446461
447613
448331
447075
497433
446486
447413
447128
447375
447075
461854
448108
448975
452496
452635
446049
445744
445513
445405
446862
446792
446222
487800
448528
445831
446438
445905
453299
446822
444994
446501
446084
447644
445332
446855
460706
446834
446976
444275
444967
457630
448691
446681
447018
447042
446725
447442
446516
447700
447923
445809
446189
446739
448136
447890
509812
447012
454657
599497
508369
513813
448190
446289
446864
446711
510292
446904
446049
446116
446401
447663
445933
447284
472146
447487
446927
447084
444556
446300
447627
446227
447654
451905
448007
445721
445883
448037
448330
447305
447150
446078
447420
447671
448133
446893
453134
446880
446774
446473
448422
447254
448326
446030
447258
448685
445670
445687
446591
494523
447059
445806
446804
448146
447014
446736
446704
450055
446696
445392
444600
445071
452991
445145
444843
446632
457248
445640
447003
445303
448960
448094
447494
447460
447512
445778
446894
447682
447602
458844
446398
446397
447667
446521
447289
447306
447241
445630
447666
447445
447911
446957
500241
447315
446898
446740
445943
446915
447481
445360
453223
448578
447006
447123
447360
460143
464075
489877
447503
469373
446507
447182
446496
448049
448182
446901
447808
454358
447644
445999
445943
446709
457823
446690
534073
447554
453252
446643
445529
445954
446729
448710
445335
452565
456019
445042
447504
447492
447872
452028
446821
446673
454598
459559
445366
447158
446573
446787
447162
447320
447314
446813
445752
446027
447002
447162
500353
447659
447967
496211
448036
448759
447490
447078
451652
448299
448079
446759
448033
458526
447412
446969
447596
452772
447566
446623
447518
454384
449016
447335
447324
461069
447940
447161
447134
446266
453295
446739
446263
446491
497625
447344
447412
445851
455331
448752
447785
446628
446087
447908
447708
447017
448477
454709
446923
447518
447215
448337
447312
447006
446375
447737
447586
484238
490479
448913
448617
478076
504233
450082
452971
447206
446536
446579
478572
445859
447231
444870
447548
446793
493300
446403
465237
447534
446518
446328
445604
452351
446523
446885
446698
494279
447212
447573
446436
445728
448536
447834
453959
454484
446400
447713
447119
447224
453386
447080
447083
446045
448275
446541
446775
446236
449158
446754
447827
447027
447548
446959
446849
445763
446336
458411
447146
447960
446569
447907
447219
446721
447188
451121
447655
446021
446900
446490
500670
446439
446018
446487
445377
447387
446969
445392
453643
446322
446548
446042
446322
459409
447114
446539
447174
452358
487440
447442
447625
447772
447601
448447
445770
446573
446961
446325
446495
447058
453472
444989
445894
445359
445511
446903
521676
447325
467463
445662
511169
604208
466716
447557
446942
446538
445946
476307
448372
445893
446030
469992
448050
480062
448085
448243
447016
447987
447261
455462
447023
446665
446117
447279
503285
447518
447948
448814
447619
446295
445783
446609
447931
447514
447830
447118
446752
462006
446983
446866
447598
451575
447152
447755
446987
467294
447364
446307
445722
461588
447261
447650
446878
446731
453254
446912
447275
446477
448059
445884
446886
445413
458574
445927
447052
447405
445660
495362
447430
446338
446801
447281
447849
445806
447536
458315
446312
445991
445998
446545
451558
445483
446445
446563
452302
446841
446136
444860
446251
446800
447446
445006
446487
446289
446261
447893
446639
452859
446857
446331
446572
447157
447683
446716
446152
448672
446662
447392
446537
473300
466242
451754
504437
446839
470563
447344
446222
446532
446599
448577
447507
536509
460071
446328
447892
447343
446791
481426
446203
447263
446589
494610
447151
447399
446591
447723
448727
447417
448560
548158
447121
447257
446535
446671
453277
448218
452341
445432
447053
446800
446889
446524
494253
448808
447307
447061
490869
447015
446946
447824
447994
456309
447264
446937
446473
446382
447092
447163
445486
448096
445978
445184
446836
446898
544480
446418
445748
446069
462453
447477
445773
445973
447769
447034
446348
446656
446438
446605
447554
447764
447358
458151
450925
446914
446853
446769
447375
445745
447608
452876
446933
448222
447498
447698
460166
447074
447332
445855
446663
447906
447927
448010
446658
446043
447196
446281
446148
448713
446924
513939
447785
527780
502185
446858
501486
471618
446376
490355
448119
484221
448539
447200
447722
447639
446097
447132
445640
503913
447564
447030
447022
446650
462816
446851
447236
447604
454492
447099
446405
446149
450692
447106
447055
445327
446127
446509
446315
447446
447424
494015
447741
446320
446338
660242
1222186
1267099
449144
446885
452554
447482
446829
445258
447063
445134
445521
446389
445998
456932
447600
447126
447125
453045
445858
447343
447404
445965
446021
446046
446776
448921
447155
446556
446422
447039
452311
446870
446798
446174
494554
447929
445739
446124
445763
447829
447552
446609
448171
446972
445424
446739
446556
453929
447665
447111
447731
446636
446238
446912
446691
499652
446478
446695
445630
446413
448292
503416
447189
445701
476314
447743
446372
530276
467693
447450
446548
446492
450428
446974
446385
448570
514174
447274
447398
446077
445384
453246
447459
446976
447590
453070
447949
446048
446959
447144
446156
445456
445712
446914
452262
447794
448131
445981
493392
447341
447066
446319
498556
447199
447466
445151
453987
447542
446500
447610
446534
455058
447285
449333
446814
446708
447694
445777
447837
461474
452381
446580
447555
452313
445923
447413
446778
445988
460577
445838
446571
447096
446295
457034
447577
447160
461688
447441
447131
447717
446216
457602
447346
446542
448200
453352
446582
448178
447011
446549
446082
448085
447203
448155
446333
445462
528869
447036
453804
446576
446921
445894
448197
450805
446428
446494
446471
447086
447050
463026
453246
446353
576456
514723
448347
450157
446102
448179
445603
484738
446106
446656
445708
448693
448079
446716
533352
452838
447723
446389
448326
449411
446838
447154
446094
445705
454483
446890
446315
445672
447725
446915
447066
446841
448647
447612
448271
446624
446874
461160
446804
447210
444477
451349
445760
445535
447708
447213
445188
447995
446464
446203
447341
446106
445569
446320
496040
521539
447165
446424
447100
446961
446787
446313
447628
447172
446132
445980
446218
453426
446706
447097
445724
445976
447494
532047
446891
446499
447492
447190
446941
447908
447292
446744
447206
446765
460686
445462
446318
445291
446419
446860
447268
532055
495263
446879
445498
445733
446605
450073
446866
444786
445456
452905
446962
446956
445456
446281
446572
474859
468505
452547
448929
447126
446235
447450
456016
446018
445089
447492
511402
447210
446641
446079
448496
448823
448717
448269
446296
447114
446688
446028
446627
450117
447136
448104
445088
458217
447606
447503
446344
456868
447751
447658
445413
453178
447579
454121
445870
446477
461032
446460
445394
446177
447329
446847
445039
447248
453397
448386
447308
446653
446806
498889
531079
447002
447534
453975
445847
445877
450671
449244
445803
446387
446837
448556
447108
447049
446479
446648
451555
446479
495619
445633
447627
446279
446788
447124
445899
446738
447167
446550
446820
445415
447578
446127
445534
452752
447366
445630
531747
447285
446079
446136
447265
500593
447509
446825
445652
447287
452944
447147
445537
446252
446296
447451
445990
445743
551057
474112
555715
447197
449688
447507
447242
447208
446811
452897
447557
447808
448273
468413
445378
448722
447536
448917
448598
445709
445598
459110
447726
445867
445592
445630
453133
445960
445650
446997
488979
447571
446984
447185
446659
481908
446036
445587
453677
445484
446361
446105
445852
453255
446030
446377
445602
476448
520206
447517
445110
447999
447223
456668
447204
447064
445709
447263
446168
446652
461549
447029
445400
446202
452599
444744
445749
447438
450135
447666
446206
448516
495155
448125
445966
445766
446735
553356
448974
446718
446882
454012
446447
446481
445393
445597
446967
446294
451568
447611
446161
446989
445718
447824
497689
447087
446024
447086
447291
446787
447276
446914
453322
445953
445957
446410
446526
446951
447311
492161
446656
459655
445973
446280
541194
488593
512644
489472
446749
476282
448209
448151
445540
448202
447104
445640
445790
450490
445859
447585
453775
457098
446362
445635
445725
445944
500181
446517
445653
446736
446964
446121
446551
447025
445474
446772
446592
445360
446607
459297
447114
448166
445603
452272
446951
448334
446779
448501
447942
531380
447843
458336
446364
447621
446362
446849
455202
446145
447010
447973
446599
447193
446596
447652
457839
446179
447023
533173
446975
492895
447061
445937
445112
452238
445634
445365
447528
447920
446534
447337
447749
447186
446906
447715
445682
535569
453595
446158
445867
446257
448084
446840
446113
445286
453913
446894
446679
446815
446665
452623
447176
447493
446650
465621
447327
446215
447609
447294
559077
510528
447502
451108
449643
446264
446181
446401
450673
446254
446282
446423
476183
448183
446346
446320
447482
447317
445040
445463
473112
447137
451687
446687
446556
491498
447184
446038
447849
453075
448032
447252
447633
445598
447278
446793
445444
447502
447110
447231
446536
446740
452476
446954
446478
446322
446939
448086
535751
447786
446249
446673
446287
446405
445401
446574
446104
446925
446749
459151
454335
447684
447432
447347
447718
446451
529668
503473
447641
446976
445690
446520
446282
447289
445917
445374
453022
447418
447040
447141
446690
482397
449559
492980
447605
446019
447139
445659
449278
454102
446381
446924
447139
452687
446996
446227
446168
445597
446906
445309
446405
453397
446858
445192
446677
445898
452841
447237
446943
504757
466231
539415
448220
447657
455756
447106
446877
447020
459116
534739
447117
446337
467433
447332
447310
447137
446548
474314
447794
445855
446847
448115
446486
447228
447146
449007
448784
455269
446490
445900
446209
446309
447079
448061
451921
447232
447499
446096
448258
447076
447078
446857
451536
446878
490999
447130
445783
453902
446558
446765
446934
458405
446976
445420
446703
446557
445997
446408
445346
447172
452270
447526
491832
446927
499048
446230
446712
448660
446118
446875
447982
444770
447116
445512
446034
445787
446315
462360
446084
445880
446881
447848
445655
446039
446198
453032
446768
445845
445896
446358
446176
447057
446880
446206
451658
446457
447074
447195
448236
447422
447491
445236
459746
448574
448161
446591
447627
494815
448129
447516
565871
471211
446239
447026
447370
448181
533102
487502
446396
447703
445684
445121
446607
458590
447253
446156
446989
446090
501896
459255
446502
446310
446568
489629
447508
446237
446409
445774
446211
445550
446733
447496
447288
445343
448482
453675
446578
446726
446944
447435
445822
494589
447285
448220
445195
446231
450149
446813
452253
446840
446374
446658
452441
445428
445426
444943
446545
446246
445160
448901
451746
446782
446972
445826
445199
453605
445888
446534
446546
446878
447315
446957
446790
453126
446541
446936
445775
447916
453634
446182
446255
446300
449007
446280
447339
447961
447113
446872
446272
447194
446716
447439
445333
446240
446773
458471
447909
448460
445601
445192
445878
446502
445823
452917
446929
446732
446837
455567
459671
583659
446893
446122
468962
531497
446458
445049
454517
447681
446669
446970
454250
447355
446156
446669
445773
455108
447265
447352
447004
453276
488463
446867
447440
446266
445688
449830
446782
450282
446741
446970
446986
445410
467680
446374
445290
446625
496390
446107
519305
446514
447795
446094
445104
445248
446026
446896
445755
446749
445506
459535
445369
445935
448685
447613
446428
446792
449216
490521
446618
446514
448491
446416
457911
445806
446696
446399
451942
446243
446455
447389
447251
446624
446440
444716
448830
445716
446066
446743
445005
504141
446186
446154
446963
447416
446114
446833
447414
447754
447477
446684
447312
445478
453233
447178
445618
446449
452746
446553
446619
446064
448033
447625
445775
446412
446203
444763
446540
570793
448923
467366
529759
447364
447209
486727
447231
445499
447527
446923
447669
446577
447127
501946
447644
447002
445271
446269
986245
527527
446810
455914
446582
446677
446622
447858
453200
445950
446954
446261
460264
446045
447847
445288
447357
447694
448020
528128
453345
446737
447028
444914
448277
460555
447584
444321
447556
447083
447790
445414
447283
447808
445932
446829
445561
533432
499808
446954
445196
447422
453138
445147
446668
446754
447021
446659
445423
445772
447516
447265
447083
447415
445621
461577
447003
446397
447672
448204
446702
446965
445003
448448
447795
447311
447039
447615
452508
446936
446641
447209
494437
447097
445666
445163
448482
447357
446731
444857
496186
445897
446294
446637
445118
453229
446308
446145
446751
447320
454721
447427
508399
447204
447597
445453
445232
464327
445930
448094
448252
446849
511852
447574
446829
446000
470093
446641
534366
463228
447514
445805
446831
446480
451048
447940
446990
444633
446648
452988
446652
446707
447115
447999
446675
446736
534822
447999
448417
446495
447119
448243
445533
446729
447690
445045
453131
448644
482005
446998
447869
445877
447928
483386
449797
448202
446527
447134
446637
447258
447496
446554
446819
460011
446380
449119
446594
447210
446098
447361
446188
492763
444641
446765
447439
448365
508417
446399
446356
446956
452673
446047
446095
447157
446588
446872
446347
446075
447040
450409
446580
446671
446403
453514
446808
445262
446685
446743
446699
446190
506036
448096
446564
446264
447273
446312
447478
447815
447089
446717
452912
447089
445647
448194
567122
446400
447023
447402
448431
446483
446033
446554
455693
491674
493707
447438
446963
451194
446555
447755
447101
475406
445141
446275
448351
448166
446168
446795
475752
454944
446658
446333
527267
447641
451863
451293
446427
447098
453133
446901
445747
447041
446410
447466
445929
445939
448850
447320
447005
446145
446257
496425
450961
451970
447648
446187
446917
445547
445009
452612
446442
446991
446560
445421
452742
445220
446908
444808
463956
447501
448327
446704
448858
447243
445876
446481
447174
446047
446737
446444
447233
460123
446892
446662
446107
447544
526164
446353
447461
445437
445643
446692
444821
446329
498856
446231
447170
445375
452333
446536
447699
447382
447153
448469
532420
444957
448886
446894
525431
487060
447598
452371
446776
446514
447029
513892
454783
445360
445505
447908
446919
512735
447141
452653
447464
446045
445957
445265
445824
446878
446859
447396
460467
445267
471017
448043
447970
445878
446797
446818
446293
446265
451874
447591
445832
460677
445598
446479
447102
451920
445781
445396
445978
446542
445225
445848
445884
447766
448671
446199
446764
445601
453230
447347
446740
445154
446869
447469
446688
448715
448408
447799
445459
447004
446595
452545
446972
446426
446608
498984
446191
447307
447033
447853
446221
445924
446899
445490
445799
447072
447571
445385
453073
532735
445902
445485
447484
446515
446879
444848
491889
448226
446156
446770
447226
453716
447333
446291
445718
458354
446385
530200
446553
446693
445597
446457
446040
444733
446785
447547
447129
446946
500819
447507
447265
445740
446241
446198
446678
532485
446584
449896
530206
501511
450723
446224
445545
446404
458563
446950
446946
446296
450660
507009
445885
447552
448095
465620
447082
447010
446689
445858
446374
445496
445264
446794
447001
446496
448539
445060
460278
447055
447116
445340
528239
446554
447201
447639
446870
446548
446256
446993
446643
460474
447577
445022
446993
448136
445297
444558
444654
448361
532362
445317
444879
445400
449129
445844
445892
445497
451559
445739
446010
446052
447453
447037
445593
447029
445570
446922
533172
445441
446837
453089
447411
445468
446400
447273
446514
447049
447108
447208
446693
444497
446896
446740
446604
446179
451303
446779
454664
447175
445979
446638
446556
447891
496902
447597
509575
505513
445115
446332
453039
452346
445249
447532
446701
475651
445587
445354
445525
447493
446374
446120
446145
445600
448331
447198
445172
447452
498435
447593
445962
446706
454329
445844
446844
447228
446637
446405
446865
446010
446639
446616
446794
445874
447090
451948
445756
446213
446180
521947
447702
446549
445645
446080
447297
445527
445767
445633
447849
448551
445846
445538
454155
446033
446787
446414
447844
530923
447459
446852
499101
447251
445638
447431
446430
453334
446135
446431
445780
448512
445692
445034
446694
452824
445983
534495
447654
445081
445446
445806
446494
446560
503575
446645
445425
445800
447102
446970
447597
446264
448247
448464
447310
454204
447166
459283
446651
448216
448063
454491
446950
445843
449300
452447
563868
510785
446932
469921
447949
446348
448055
447563
456044
447059
445374
447608
467983
447005
446659
446940
447905
447035
447389
446359
451786
445879
447307
446577
449747
446926
446427
446424
446508
459211
447311
446517
446810
447004
447065
446441
499434
460363
446833
446401
445873
446398
539194
446831
446048
445916
446331
445616
447606
446110
453971
445573
446078
446477
445614
458559
446238
445913
446456
452255
532936
446909
445955
446564
447237
447404
444678
448413
448268
444696
446666
448101
451043
446719
446503
446312
446779
446840
530358
445070
447176
448499
446536
444975
446878
496935
446631
447203
446275
453464
446083
448581
446092
446495
447166
447068
445822
447726
445743
445640
445586
447491
452647
446755
447738
445273
447675
447804
447270
448564
499842
448500
446538
447149
465694
446347
444864
448022
447357
456340
446360
446535
446527
474785
447455
446158
447704
446788
446954
444839
447013
528975
446237
445904
445347
445406
454175
446429
446966
446622
447069
448278
445757
447541
456048
447511
447571
448309
446403
585596
446695
446045
446247
453032
446447
446146
445459
446270
446986
445147
446907
446458
445681
445428
446258
447248
475684
532538
445909
446973
505939
447710
445965
445745
445537
446890
448503
446876
446660
448510
445426
447032
446013
461349
476074
449157
447696
446358
447652
446060
445350
458185
447441
446720
445590
445938
447550
447141
445365
446228
452846
445814
496641
447608
445379
445449
445474
446363
448357
447521
445599
446249
446766
493604
447479
480779
447295
447764
503914
447575
511712
449702
446129
446336
446449
469802
454928
445753
446510
447341
455250
446699
446499
445658
512499
446377
449007
452083
535416
448980
447287
446250
446805
446537
447117
444980
446274
459469
447513
445124
445228
447123
448543
446495
445522
488822
535870
445988
445240
447205
446735
448338
446723
446610
453753
446634
447111
446622
447153
447341
446000
446369
446922
448408
453150
446944
445010
499092
447599
446715
448047
451833
447145
447403
446467
446892
446128
446491
446906
445979
446037
493442
447442
446886
453746
447519
447927
448007
447632
447325
446390
446682
453060
446448
446892
447125
446903
453443
446709
491869
447422
464656
447419
445407
448475
447293
447327
446912
446336
452256
447214
446512
446924
446314
462452
448362
448305
447510
452994
523421
447618
445701
447147
445597
447085
446167
469649
447209
447053
445514
446014
457629
445465
446302
445858
554260
446567
445258
446492
447735
445894
446931
448088
447996
447799
445621
445545
446780
453450
448831
445513
446510
448262
452667
446815
445084
447188
445821
446555
446948
446857
446146
446348
446396
446251
460528
446134
447598
446796
447527
489703
446377
445851
497415
447302
447383
446680
445983
458999
445845
445904
445304
506563
447592
446874
445657
446215
446162
454546
445734
458896
447000
445654
446222
448104
499956
446763
447841
446753
452509
447519
445424
446136
445446
448937
446283
448467
447721
445734
444905
445382
445443
453211
445321
446232
446245
446859
445938
445518
446137
538278
1047516
1239749
448017
521793
447381
490991
513009
491006
494622
487392
490638
488449
504187
489181
487255
488499
526872
445715
446106
445528
457665
447588
445091
447336
446490
446455
447431
447259
447153
446132
446375
447024
446547
452556
532726
447414
446257
445988
448000
445017
447033
447506
447795
446055
446339
447318
453082
447288
446907
446585
447283
446558
454987
446951
448264
445432
446494
444842
446588
447394
446849
445468
446989
452440
445484
446888
448007
445484
447341
486066
447720
447554
448847
447241
445933
446235
453026
445882
445172
445364
447202
446810
444862
445946
452050
445445
445895
489061
445735
453020
446448
444470
446384
457947
445537
447649
445632
453344
446795
446435
447309
446533
447835
444972
446978
495339
461392
446098
446947
445183
446650
464147
446713
483893
509317
446862
445507
446766
456094
446850
448258
446731
541891
493766
448085
445863
515822
512210
491627
511347
509064
509995
487751
506208
449711
448770
501458
446036
451091
487105
513548
446123
623833
596584
493850
507348
494994
496722
494884
529719
503732
493115
517845
496413
557550
521567
496286
493828
508572
491568
492273
539437
534145
493555
527827
514271
536753
493236
493657
506199
500574
500846
510397
526521
528071
500008
498804
530147
610025
496328
493621
530670
497767
491648
493068
538906
535110
494131
496623
496725
609448
510433
508951
644493
836303
730131
4370017
579449
507629
515650
499133
497522
495442
502342
496490
493839
525414
4308012
509719
497144
495420
574339
517941
493625
493206
494190
492514
494979
509340
494725
490362
491122
492056
490434
494040
493273
515881
534423
748462
607352
618165
609742
570382
521172
558897
540811
476720
471900
447950
446310
446470
455885
446371
448000
446270
1377302
447898
447153
449279
447764
446382
447385
645145
862315
643626
477835
447386
448806
525137
491541
447566
446606
483599
512894
482688
447315
447574
700409
898210
447794
447070
449127
447269
491752
449336
446228
499513
446970
463372
447649
446332
445489
476961
1028756
458552
448033
446597
446506
500217
483523
447471
446816
445391
453181
446744
446635
447431
571690
907415
535470
448977
447041
446584
446491
555465
447989
446338
446726
445884
446381
447559
445780
544242
728992
920594
511399
447512
446843
445754
454918
445611
531542
446795
567998
447401
454117
446176
447088
446010
446330
447140
542938
816027
920892
543612
448183
446839
446408
452994
446621
445981
444357
496596
447591
448650
445965
445998
446404
446823
446804
445271
445806
446929
447508
447492
453523
446809
447039
446832
447470
446907
447004
446803
456475
448886
446820
446092
448396
454548
447165
445868
447435
447061
446820
446572
445240
574808
552265
446774
448026
638059
447200
445686
446606
14410075
1222121
1124723
1148454
1128752
1125727
925835
488178
487991
867715
1119733
969815
452390
467104
462801
446447
447316
447470
445677
459675
487807
485937
488307
459830
447220
445136
446681
446801
472292
472412
448259
455675
454251
447166
445624
446341
457540
487789
487875
484915
447056
474174
468075
445445
447228
459646
447007
459765
446619
462094
446600
446644
446588
457264
488759
487976
478597
447412
446964
446383
446496
456697
447302
445721
446463
446236
461738
447033
447633
446352
472428
487218
486073
487301
501140
488238
487316
487212
494923
487168
487500
486910
494967
488627
492258
467925
600992
507242
449161
445483
484848
446939
446248
446144
456065
447556
445662
447869
450413
448289
457624
446038
445684
452229
445796
446037
447042
453307
446829
444311
445536
447019
446953
446282
447337
453150
446548
465244
461518
446051
470621
446382
447182
445304
447044
447379
446167
447690
466813
488858
447344
445839
445469
453796
445455
446814
461276
13874094
447813
445981
446926
447171
444345
445056
510656
445792
446053
447908
447193
447984
446893
447535
452590
455244
461758
447078
446134
446922
524720
446510
446028
446443
453340
447027
445026
446255
459563
458526
453138
445253
446383
446950
465035
446416
446706
447567
452178
446296
446675
445243
636160
1167311
1126105
1150654
1036084
446810
446284
446773
445358
446750
445241
446318
444712
462405
446332
447458
445528
446996
445067
445683
447648
457207
445978
446558
446101
454125
468034
446917
446295
446055
447776
444877
447117
446100
456241
446004
447266
447026
450521
764248
447041
446319
446334
461102
445952
447658
448616
452685
446032
446745
444767
452100
445997
447072
447557
445896
475537
445737
455503
445193
538081
447476
446660
446112
449083
448504
447096
459122
446517
446994
446475
446528
446049
445823
447557
453198
447786
450885
447844
445852
460158
445607
445464
446761
447344
446850
446643
448575
453307
445746
446220
446450
447107
480521
446710
449093
446802
445665
447427
446285
447016
